system:index,GridID,count,max,mean,median,min,sum,.geo
000000000000000001c6,3684,71,413283.0,27145.605633802817,9307.9,5343.0,1927338.0,"{""type"":""Polygon"",""coordinates"":[[[120.94999918090288,48.320000658296166],[121.01249901936659,48.32000072064839],[121.07499896706197,48.320000676650366],[121.13749874761872,48.320000689039],[121.199998643578,48.32000066928938],[121.26249851535259,48.32000065529712],[121.32499840428285,48.320000714823706],[121.38749833712558,48.32000066744904],[121.4499981442866,48.32000064470849],[121.4499981768313,48.819999648794365],[121.38749836577891,48.819999690590244],[121.32499849480548,48.81999969162304],[121.26249848997493,48.819999677904086],[121.19999867386174,48.819999641077864],[121.13749875864984,48.819999671473866],[121.07499891523643,48.81999963675216],[121.01249903867584,48.81999965691094],[120.94999908654155,48.81999966343032],[120.94999918090288,48.320000658296166]]]}"
000000000000000001c7,3685,16,22039.0,10838.125,9846.0,5361.0,173410.0,"{""type"":""Polygon"",""coordinates"":[[[121.4499981442866,48.32000064470849],[121.5124985462778,48.32000067627928],[121.57499896692026,48.32000068004836],[121.6374993727303,48.32000066213847],[121.69999991169718,48.320000657468015],[121.76250026398955,48.32000067564071],[121.82500078879886,48.320000686665075],[121.88750116628522,48.320000700414624],[121.95000157416145,48.32000065797262],[121.95000162402387,48.819999710177655],[121.88750119399778,48.81999970558834],[121.82500073684763,48.819999703524736],[121.7625002844126,48.819999698135426],[121.69999986863213,48.8199996836096],[121.63749941480029,48.819999686768796],[121.57499906176945,48.819999669143726],[121.51249862822247,48.81999968993205],[121.4499981768313,48.819999648794365],[121.4499981442866,48.32000064470849]]]}"
000000000000000001c8,3686,2,10176.0,7777.0,7777.0,5378.0,15554.0,"{""type"":""Polygon"",""coordinates"":[[[121.95000157416145,48.32000065797262],[122.01250155818721,48.32000069607747],[122.07500132496449,48.32000066252015],[122.13750128232807,48.32000068009567],[122.20000113921986,48.32000066595471],[122.26250094008803,48.320000686782066],[122.32500086327623,48.32000068241466],[122.38750077145352,48.32000069156929],[122.4500005553069,48.32000065966847],[122.45000066103383,48.81999966883901],[122.3875007312336,48.81999969669169],[122.32500084251346,48.819999673900035],[122.26250099742565,48.8199996894494],[122.20000114910273,48.81999967661993],[122.13750122229808,48.81999966295371],[122.075001432571,48.81999967082848],[122.01250152041527,48.819999699548525],[121.95000162402387,48.819999710177655],[121.95000157416145,48.32000065797262]]]}"
000000000000000001dc,3714,0,,,,,0.0,"{""type"":""Polygon"",""coordinates"":[[[120.45000018101992,48.81999966493732],[120.51250001887631,48.81999967882754],[120.57499994418613,48.819999660408264],[120.63749981578961,48.81999964731183],[120.69999967459009,48.81999970857701],[120.76249955084569,48.81999966251674],[120.82499945370863,48.81999967192214],[120.8874992745108,48.81999968066568],[120.94999908654155,48.81999966343032],[120.94999922644708,49.3199986927859],[120.88749925729593,49.319998651089065],[120.82499938625669,49.31999867202452],[120.7624995695004,49.31999868671256],[120.6999996554633,49.3199986578907],[120.63749982849825,49.31999870558522],[120.57499996986274,49.319998697437526],[120.51250000440056,49.319998658807],[120.45000022439199,49.31999867845901],[120.45000018101992,48.81999966493732]]]}"
000000000000000001dd,3715,2,11164.0,9694.5,9694.5,8225.0,19389.0,"{""type"":""Polygon"",""coordinates"":[[[120.94999908654155,48.81999966343032],[121.01249903867584,48.81999965691094],[121.07499891523643,48.81999963675216],[121.13749875864984,48.819999671473866],[121.19999867386174,48.819999641077864],[121.26249848997493,48.819999677904086],[121.32499849480548,48.81999969162304],[121.38749836577891,48.819999690590244],[121.4499981768313,48.819999648794365],[121.44999812274935,49.3199986493787],[121.387498268721,49.31999865229584],[121.32499847396471,49.31999870056212],[121.26249850785933,49.31999869572153],[121.19999858752708,49.319998661815966],[121.13749882154765,49.319998655771776],[121.07499894857338,49.319998673717805],[121.01249910890034,49.3199986773223],[120.94999922644708,49.3199986927859],[120.94999908654155,48.81999966343032]]]}"
000000000000000001de,3716,16,75799.0,13058.6875,6485.5,5287.0,208939.0,"{""type"":""Polygon"",""coordinates"":[[[121.4499981768313,48.819999648794365],[121.51249862822247,48.81999968993205],[121.57499906176945,48.819999669143726],[121.63749941480029,48.819999686768796],[121.69999986863213,48.8199996836096],[121.7625002844126,48.819999698135426],[121.82500073684763,48.819999703524736],[121.88750119399778,48.81999970558834],[121.95000162402387,48.819999710177655],[121.95000163388679,49.319998677796015],[121.88750117615338,49.31999866794861],[121.8250007455278,49.319998682532315],[121.76250029483273,49.319998653812064],[121.6999998248573,49.319998671295366],[121.63749947451252,49.31999869633985],[121.5749990891618,49.3199986940044],[121.51249859205127,49.319998691248024],[121.44999812274935,49.3199986493787],[121.4499981768313,48.819999648794365]]]}"
000000000000000001df,3717,0,,,,,0.0,"{""type"":""Polygon"",""coordinates"":[[[121.95000162402387,48.819999710177655],[122.01250152041527,48.819999699548525],[122.075001432571,48.81999967082848],[122.13750122229808,48.81999966295371],[122.20000114910273,48.81999967661993],[122.26250099742565,48.8199996894494],[122.32500084251346,48.819999673900035],[122.3875007312336,48.81999969669169],[122.45000066103383,48.81999966883901],[122.45000067250774,49.3199986838896],[122.38750068357336,49.31999865960587],[122.32500088145788,49.319998665579504],[122.26250100128749,49.319998702413805],[122.20000110236016,49.31999866913259],[122.1375012644259,49.31999871737311],[122.0750013604851,49.31999871800982],[122.0125014212345,49.3199986653687],[121.95000163388679,49.319998677796015],[121.95000162402387,48.819999710177655]]]}"
000000000000000001e0,3718,7,13514.0,8226.142857142857,7640.0,5288.0,57583.0,"{""type"":""Polygon"",""coordinates"":[[[122.45000066103383,48.81999966883901],[122.5125005726625,48.81999969043585],[122.57500035702559,48.81999970624651],[122.6375001961309,48.81999965454535],[122.7000001100595,48.819999696121094],[122.7625000175193,48.81999968100395],[122.82499986034946,48.81999970934158],[122.88749974199727,48.81999965799048],[122.94999968385366,48.81999968750564],[122.94999962416979,49.31999870298293],[122.88749976395007,49.31999867608901],[122.82499996205631,49.3199986874773],[122.76249998035752,49.31999864382761],[122.70000019525143,49.31999868922734],[122.63750028935716,49.31999866885696],[122.57500037203242,49.319998638577125],[122.51250044444105,49.31999868848615],[122.45000067250774,49.3199986838896],[122.45000066103383,48.81999966883901]]]}"
000000000000000001f0,3740,15,25014.0,8959.066666666668,6982.0,5232.0,134386.0,"{""type"":""Polygon"",""coordinates"":[[[120.45000022439199,49.31999867845901],[120.51250000440056,49.319998658807],[120.57499996986274,49.319998697437526],[120.63749982849825,49.31999870558522],[120.6999996554633,49.3199986578907],[120.7624995695004,49.31999868671256],[120.82499938625669,49.31999867202452],[120.88749925729593,49.319998651089065],[120.94999922644708,49.3199986927859],[120.94999918198363,49.820002116304885],[120.88749923644036,49.82000214154431],[120.82499945951847,49.820002155802634],[120.76249958632391,49.82000215432904],[120.69999964854723,49.82000213103039],[120.63749975454509,49.82000214357477],[120.5749998594081,49.820002122342714],[120.5125000714535,49.82000212519589],[120.4500001267008,49.82000214610355],[120.45000022439199,49.31999867845901]]]}"
000000000000000001f1,3741,3,7601.0,7002.0,6998.0,6407.0,21006.0,"{""type"":""Polygon"",""coordinates"":[[[120.94999922644708,49.3199986927859],[121.01249910890034,49.3199986773223],[121.07499894857338,49.319998673717805],[121.13749882154765,49.319998655771776],[121.19999858752708,49.319998661815966],[121.26249850785933,49.31999869572153],[121.32499847396471,49.31999870056212],[121.387498268721,49.31999865229584],[121.44999812274935,49.3199986493787],[121.44999815264288,49.82000212838654],[121.38749823967505,49.8200021292691],[121.32499835761111,49.82000213223018],[121.26249853700124,49.82000213166459],[121.19999869890763,49.82000215472164],[121.13749879648155,49.820002132372615],[121.07499893831525,49.820002122065986],[121.01249904567413,49.82000215061573],[120.94999918198363,49.820002116304885],[120.94999922644708,49.3199986927859]]]}"
000000000000000001f2,3742,172,117650.0,13084.843023255815,7599.071428571428,5233.0,2250593.0,"{""type"":""Polygon"",""coordinates"":[[[121.44999812274935,49.3199986493787],[121.51249859205127,49.319998691248024],[121.5749990891618,49.3199986940044],[121.63749947451252,49.31999869633985],[121.6999998248573,49.319998671295366],[121.76250029483273,49.319998653812064],[121.8250007455278,49.319998682532315],[121.88750117615338,49.31999866794861],[121.95000163388679,49.319998677796015],[121.95000159084849,49.82000213842851],[121.88750115649451,49.820002164747756],[121.82500073105363,49.82000217053047],[121.76250034441114,49.820002150320846],[121.69999991710043,49.82000213202124],[121.63749947914216,49.82000211002398],[121.57499902957088,49.820002174809616],[121.51249855112644,49.8200021618202],[121.44999815264288,49.82000212838654],[121.44999812274935,49.3199986493787]]]}"
000000000000000001f3,3743,79,148888.0,10118.481012658227,6609.85,5235.0,799360.0,"{""type"":""Polygon"",""coordinates"":[[[121.95000163388679,49.319998677796015],[122.0125014212345,49.3199986653687],[122.0750013604851,49.31999871800982],[122.1375012644259,49.31999871737311],[122.20000110236016,49.31999866913259],[122.26250100128749,49.319998702413805],[122.32500088145788,49.319998665579504],[122.38750068357336,49.31999865960587],[122.45000067250774,49.3199986838896],[122.45000065959398,49.82000213566844],[122.38750073068786,49.82000210280688],[122.32500095356602,49.82000214993441],[122.26250100833384,49.82000211934234],[122.20000108383732,49.82000212999497],[122.13750131840587,49.82000214276474],[122.0750014431852,49.820002157760655],[122.0125014876769,49.820002169378775],[121.95000159084849,49.82000213842851],[121.95000163388679,49.319998677796015]]]}"
000000000000000001f4,3744,25,25760.0,7542.64,6456.0,5233.0,188566.0,"{""type"":""Polygon"",""coordinates"":[[[122.45000067250774,49.3199986838896],[122.51250044444105,49.31999868848615],[122.57500037203242,49.319998638577125],[122.63750028935716,49.31999866885696],[122.70000019525143,49.31999868922734],[122.76249998035752,49.31999864382761],[122.82499996205631,49.3199986874773],[122.88749976395007,49.31999867608901],[122.94999962416979,49.31999870298293],[122.94999958194614,49.82000215690108],[122.88749980666404,49.820002152134286],[122.82499990274373,49.82000211056831],[122.76250006012033,49.82000215043829],[122.70000014567597,49.82000214308128],[122.63750026862068,49.820002145126026],[122.57500045746784,49.82000215150261],[122.51250055143943,49.82000212945671],[122.45000065959398,49.82000213566844],[122.45000067250774,49.3199986838896]]]}"
000000000000000001f5,3745,2,5847.0,5540.5,5540.5,5234.0,11081.0,"{""type"":""Polygon"",""coordinates"":[[[122.94999962416979,49.31999870298293],[123.01249954117887,49.31999867770325],[123.0749993780521,49.31999864001191],[123.13749926649491,49.31999871708458],[123.19999915165222,49.319998661865576],[123.26249895028748,49.31999867083449],[123.32499884890376,49.319998679404314],[123.38749881890335,49.31999869246466],[123.44999864330606,49.31999868942724],[123.44999868766116,49.82000212629397],[123.38749880549155,49.82000213447992],[123.32499886997634,49.82000213753026],[123.26249901771826,49.820002095248086],[123.19999914021713,49.82000213456156],[123.13749929250231,49.82000215399883],[123.07499931230444,49.82000212215808],[123.01249949921417,49.82000212199028],[122.94999958194614,49.82000215690108],[122.94999962416979,49.31999870298293]]]}"
000000000000000001f6,3746,2,11631.0,9304.0,9304.0,6977.0,18608.0,"{""type"":""Polygon"",""coordinates"":[[[123.44999864330606,49.31999868942724],[123.51249907397745,49.31999868144289],[123.57499949082472,49.31999869225401],[123.6374999729814,49.31999869156394],[123.70000030337697,49.31999865922837],[123.76250072405266,49.319998685672125],[123.82500123289803,49.31999867981658],[123.88750169454528,49.3199986819894],[123.95000208107616,49.31999869715505],[123.95000213057656,49.82000211963009],[123.88750164309715,49.820002131441846],[123.82500118422234,49.82000216533669],[123.76250080698216,49.82000212003934],[123.70000040372031,49.820002123411655],[123.63749991908593,49.820002109711474],[123.57499946262561,49.820002135048334],[123.51249897938251,49.82000213362471],[123.44999868766116,49.82000212629397],[123.44999864330606,49.31999868942724]]]}"
000000000000000001f7,3747,0,,,,,0.0,"{""type"":""Polygon"",""coordinates"":[[[123.95000208107616,49.31999869715505],[124.01250198616557,49.3199986816964],[124.07500186741916,49.319998653948346],[124.13750177932519,49.319998678706895],[124.20000161220054,49.31999870076359],[124.26250144557561,49.31999868894938],[124.32500133442983,49.31999870775249],[124.38750116890053,49.31999870201307],[124.45000111137766,49.31999869986821],[124.45000101018961,49.82000213497529],[124.38750126337149,49.82000214923428],[124.32500135694372,49.820002126764486],[124.26250140098762,49.82000212313301],[124.20000161370324,49.82000215783275],[124.13750174638258,49.82000214198761],[124.07500180045484,49.820002167628516],[124.01250201961437,49.82000215778783],[123.95000213057656,49.82000211963009],[123.95000208107616,49.31999869715505]]]}"
000000000000000001f9,3749,0,,,,,0.0,"{""type"":""Polygon"",""coordinates"":[[[124.95000008453913,49.3199987099427],[125.01249993971835,49.31999871345819],[125.07499984805534,49.31999869162526],[125.13749967631993,49.319998685811946],[125.19999958890249,49.31999872226825],[125.26249949792711,49.3199986501021],[125.3249993321115,49.319998665923855],[125.3874992787405,49.31999869931085],[125.44999903626172,49.31999867435532],[125.44999905086843,49.82000211460452],[125.38749914891861,49.82000212130887],[125.32499927639245,49.82000213121757],[125.26249945848434,49.82000214033641],[125.19999952737405,49.82000212278546],[125.13749978661576,49.820002155790135],[125.07499979054568,49.82000213166426],[125.01250003557116,49.82000214999681],[124.95000007669782,49.82000210248977],[124.95000008453913,49.3199987099427]]]}"
00000000000000000202,3759,331,125464.0,13018.81570996979,8103.7,5183.0,4309228.0,"{""type"":""Polygon"",""coordinates"":[[[120.4500001267008,49.82000214610355],[120.5125000714535,49.82000212519589],[120.5749998594081,49.820002122342714],[120.63749975454509,49.82000214357477],[120.69999964854723,49.82000213103039],[120.76249958632391,49.82000215432904],[120.82499945951847,49.820002155802634],[120.88749923644036,49.82000214154431],[120.94999918198363,49.820002116304885],[120.94999911099512,50.32000111505486],[120.88749922468286,50.320001145759],[120.82499936319131,50.32000115112622],[120.76249955696869,50.32000112551346],[120.69999961432917,50.32000112815903],[120.63749986555639,50.3200011526184],[120.57499996406239,50.32000112942607],[120.51250001819791,50.32000111685105],[120.4500001359141,50.32000117342488],[120.4500001267008,49.82000214610355]]]}"
00000000000000000203,3760,96,134212.0,12726.270833333334,8091.5,5187.0,1221722.0,"{""type"":""Polygon"",""coordinates"":[[[120.94999918198363,49.820002116304885],[121.01249904567413,49.82000215061573],[121.07499893831525,49.820002122065986],[121.13749879648155,49.820002132372615],[121.19999869890763,49.82000215472164],[121.26249853700124,49.82000213166459],[121.32499835761111,49.82000213223018],[121.38749823967505,49.8200021292691],[121.44999815264288,49.82000212838654],[121.44999821330175,50.32000113359162],[121.38749830847033,50.32000116989488],[121.32499841090703,50.32000115977191],[121.26249855037112,50.32000109773105],[121.19999869190487,50.32000117190477],[121.13749874024589,50.32000115234709],[121.07499888243584,50.32000116103168],[121.01249906999031,50.32000112862716],[120.94999911099512,50.32000111505486],[120.94999918198363,49.820002116304885]]]}"
00000000000000000204,3761,80,60449.0,11159.825,8370.333333333332,5187.0,892786.0,"{""type"":""Polygon"",""coordinates"":[[[121.44999815264288,49.82000212838654],[121.51249855112644,49.8200021618202],[121.57499902957088,49.820002174809616],[121.63749947914216,49.82000211002398],[121.69999991710043,49.82000213202124],[121.76250034441114,49.820002150320846],[121.82500073105363,49.82000217053047],[121.88750115649451,49.820002164747756],[121.95000159084849,49.82000213842851],[121.9500016657403,50.320001139376146],[121.88750123252696,50.32000111605462],[121.82500076421546,50.32000111883182],[121.76250028949656,50.32000114232426],[121.69999994799919,50.320001147543145],[121.63749946748622,50.32000113316967],[121.57499906744502,50.320001123461545],[121.51249866604074,50.320001146591444],[121.44999821330175,50.32000113359162],[121.44999815264288,49.82000212838654]]]}"
00000000000000000205,3762,307,95282.0,12510.830618892509,8094.611111111111,5178.0,3840825.0,"{""type"":""Polygon"",""coordinates"":[[[121.95000159084849,49.82000213842851],[122.0125014876769,49.820002169378775],[122.0750014431852,49.820002157760655],[122.13750131840587,49.82000214276474],[122.20000108383732,49.82000212999497],[122.26250100833384,49.82000211934234],[122.32500095356602,49.82000214993441],[122.38750073068786,49.82000210280688],[122.45000065959398,49.82000213566844],[122.45000060498221,50.32000111790706],[122.38750083472361,50.32000115169587],[122.32500083199048,50.3200011579055],[122.26250092713934,50.32000112506409],[122.20000111826229,50.32000114532875],[122.1375012421335,50.320001185005275],[122.07500135746523,50.32000114170078],[122.01250154266936,50.320001170239664],[121.9500016657403,50.320001139376146],[121.95000159084849,49.82000213842851]]]}"
00000000000000000206,3763,170,264920.0,12130.841176470589,7791.115384615385,5179.0,2062243.0,"{""type"":""Polygon"",""coordinates"":[[[122.45000065959398,49.82000213566844],[122.51250055143943,49.82000212945671],[122.57500045746784,49.82000215150261],[122.63750026862068,49.820002145126026],[122.70000014567597,49.82000214308128],[122.76250006012033,49.82000215043829],[122.82499990274373,49.82000211056831],[122.88749980666404,49.820002152134286],[122.94999958194614,49.82000215690108],[122.94999956679716,50.32000113325208],[122.88749977419009,50.32000113780153],[122.8249998298065,50.32000114906003],[122.76250006366418,50.320001154235065],[122.7000002005728,50.320001156088054],[122.63750026814758,50.32000114944165],[122.57500029409204,50.32000112915162],[122.51250049791102,50.32000111803295],[122.45000060498221,50.32000111790706],[122.45000065959398,49.82000213566844]]]}"
00000000000000000207,3764,57,23641.0,9007.368421052632,6918.0,5179.0,513420.0,"{""type"":""Polygon"",""coordinates"":[[[122.94999958194614,49.82000215690108],[123.01249949921417,49.82000212199028],[123.07499931230444,49.82000212215808],[123.13749929250231,49.82000215399883],[123.19999914021713,49.82000213456156],[123.26249901771826,49.820002095248086],[123.32499886997634,49.82000213753026],[123.38749880549155,49.82000213447992],[123.44999868766116,49.82000212629397],[123.44999863606412,50.32000112316169],[123.38749874602082,50.32000118621427],[123.32499892909807,50.32000115340271],[123.26249907436952,50.32000115308964],[123.1999991260315,50.3200011185305],[123.13749927582063,50.32000116869062],[123.07499938577128,50.320001174916364],[123.01249948313018,50.320001132292994],[122.94999956679716,50.32000113325208],[122.94999958194614,49.82000215690108]]]}"
00000000000000000208,3765,15,21983.0,8637.133333333333,6941.0,5227.0,129557.0,"{""type"":""Polygon"",""coordinates"":[[[123.44999868766116,49.82000212629397],[123.51249897938251,49.82000213362471],[123.57499946262561,49.820002135048334],[123.63749991908593,49.820002109711474],[123.70000040372031,49.820002123411655],[123.76250080698216,49.82000212003934],[123.82500118422234,49.82000216533669],[123.88750164309715,49.820002131441846],[123.95000213057656,49.82000211963009],[123.95000216615783,50.32000114347527],[123.8875016184072,50.32000117073557],[123.82500123628897,50.32000112729794],[123.7625007993625,50.320001178815254],[123.70000038677864,50.32000112558654],[123.6374999715001,50.32000115807281],[123.57499952326563,50.320001112625846],[123.51249912471395,50.32000114362172],[123.44999863606412,50.32000112316169],[123.44999868766116,49.82000212629397]]]}"
00000000000000000209,3766,1,5809.0,5809.0,5809.0,5809.0,5809.0,"{""type"":""Polygon"",""coordinates"":[[[123.95000213057656,49.82000211963009],[124.01250201961437,49.82000215778783],[124.07500180045484,49.820002167628516],[124.13750174638258,49.82000214198761],[124.20000161370324,49.82000215783275],[124.26250140098762,49.82000212313301],[124.32500135694372,49.820002126764486],[124.38750126337149,49.82000214923428],[124.45000101018961,49.82000213497529],[124.45000108578778,50.320001155207564],[124.38750116048253,50.320001157909644],[124.32500138871147,50.32000114989984],[124.26250149178817,50.32000113979591],[124.20000157963618,50.32000118392968],[124.13750170331443,50.32000118025731],[124.07500188868802,50.32000112443987],[124.01250202575837,50.32000114622524],[123.95000216615783,50.32000114347527],[123.95000213057656,49.82000211963009]]]}"
0000000000000000020a,3767,3,8112.0,6926.0,7480.0,5186.0,20778.0,"{""type"":""Polygon"",""coordinates"":[[[124.45000101018961,49.82000213497529],[124.51250095526336,49.820002135644366],[124.57500088028468,49.820002132017905],[124.63750075907731,49.82000212858359],[124.70000056554092,49.82000212985833],[124.76250046619124,49.82000216325498],[124.82500035088209,49.8200021731109],[124.88750019364309,49.82000216380355],[124.95000007669782,49.82000210248977],[124.95000010379324,50.3200011554938],[124.88750024637682,50.32000113949919],[124.82500034168973,50.3200011464638],[124.76250052411658,50.320001134778565],[124.70000059941098,50.32000117505521],[124.63750072661585,50.32000112791074],[124.57500079682195,50.32000112411755],[124.51250094473573,50.32000112225206],[124.45000108578778,50.320001155207564],[124.45000101018961,49.82000213497529]]]}"
0000000000000000020b,3768,0,,,,,0.0,"{""type"":""Polygon"",""coordinates"":[[[124.95000007669782,49.82000210248977],[125.01250003557116,49.82000214999681],[125.07499979054568,49.82000213166426],[125.13749978661576,49.820002155790135],[125.19999952737405,49.82000212278546],[125.26249945848434,49.82000214033641],[125.32499927639245,49.82000213121757],[125.38749914891861,49.82000212130887],[125.44999905086843,49.82000211460452],[125.44999906807853,50.32000114194469],[125.38749918640563,50.32000114951923],[125.32499927958814,50.32000113700009],[125.26249945829042,50.32000116031254],[125.19999966059542,50.32000115569428],[125.13749971571832,50.320001096990616],[125.07499990618813,50.32000116018449],[125.01249999865142,50.32000116103472],[124.95000010379324,50.3200011554938],[124.95000007669782,49.82000210248977]]]}"
0000000000000000020c,3769,0,,,,,0.0,"{""type"":""Polygon"",""coordinates"":[[[125.44999905086843,49.82000211460452],[125.51249895711662,49.820002115125874],[125.57499884260659,49.82000212692126],[125.63749868235043,49.820002154065904],[125.69999855914003,49.82000216250906],[125.76249844801725,49.82000215615371],[125.82499832409094,49.82000213892938],[125.88749816253666,49.820002114791976],[125.94999802499119,49.82000214644784],[125.94999805645143,50.32000113564867],[125.88749824384497,50.32000115499855],[125.82499832233718,50.3200011470544],[125.7624985120723,50.320001128682634],[125.69999861880156,50.32000117337412],[125.63749879756593,50.32000114075197],[125.5749988544283,50.32000110386748],[125.51249898687972,50.32000117796685],[125.44999906807853,50.32000114194469],[125.44999905086843,49.82000211460452]]]}"
0000000000000000020d,3770,7,36439.0,14457.857142857143,7515.0,5783.0,101205.0,"{""type"":""Polygon"",""coordinates"":[[[125.94999802499119,49.82000214644784],[126.01249851123265,49.82000210373886],[126.07499897264918,49.8200021236173],[126.13749940573634,49.82000211274001],[126.19999987270343,49.8200021334424],[126.26250026239487,49.82000213101025],[126.32500074470154,49.82000212880137],[126.38750110096532,49.820002111030746],[126.4500015885819,49.82000215905692],[126.45000149314559,50.32000113159706],[126.38750111148904,50.32000115515951],[126.3250007376025,50.32000116117115],[126.26250019823725,50.320001126379786],[126.1999998015555,50.320001125724396],[126.1374993742462,50.32000113591233],[126.07499893980987,50.32000115326628],[126.01249852180946,50.320001174133104],[125.94999805645143,50.32000113564867],[125.94999802499119,49.82000214644784]]]}"
0000000000000000020e,3771,27,26737.0,10696.518518518518,8115.0,5218.0,288806.0,"{""type"":""Polygon"",""coordinates"":[[[126.4500015885819,49.82000215905692],[126.51250142535473,49.82000210283962],[126.57500134517144,49.8200021202929],[126.63750123682173,49.82000215681524],[126.70000109584353,49.82000211872708],[126.76250096642703,49.82000216491615],[126.82500075638399,49.820002143690786],[126.88750072449349,49.82000213472831],[126.95000054518933,49.8200021627203],[126.95000055653797,50.320001105579024],[126.88750064310126,50.32000116048324],[126.8250007689163,50.320001146689705],[126.76250093759023,50.32000115915485],[126.70000108323647,50.32000113612928],[126.63750120916066,50.32000117236486],[126.57500126971472,50.32000110762844],[126.51250144511913,50.32000115384348],[126.45000149314559,50.32000113159706],[126.4500015885819,49.82000215905692]]]}"
00000000000000000211,3774,1,8549.0,8549.0,8549.0,8549.0,8549.0,"{""type"":""Polygon"",""coordinates"":[[[119.95000111209359,50.32000114930329],[120.01250102222176,50.32000114091639],[120.07500094708752,50.320001153487745],[120.13750077861187,50.32000112833819],[120.20000067269383,50.320001104547956],[120.26250048666478,50.32000111989002],[120.32500041161722,50.32000111659233],[120.38750030508002,50.320001132434285],[120.4500001359141,50.32000117342488],[120.45000009878787,50.82000013586715],[120.38750029127925,50.82000011767853],[120.32500045750088,50.8200001399358],[120.26250054978266,50.82000013174904],[120.20000067603034,50.82000015243165],[120.13750078903546,50.82000013106135],[120.07500088395882,50.82000015910076],[120.01250102672242,50.82000013348378],[119.95000121241051,50.8200001457101],[119.95000111209359,50.32000114930329]]]}"
00000000000000000212,3775,56,25210.0,8109.75,6590.5,5133.0,454146.0,"{""type"":""Polygon"",""coordinates"":[[[120.4500001359141,50.32000117342488],[120.51250001819791,50.32000111685105],[120.57499996406239,50.32000112942607],[120.63749986555639,50.3200011526184],[120.69999961432917,50.32000112815903],[120.76249955696869,50.32000112551346],[120.82499936319131,50.32000115112622],[120.88749922468286,50.320001145759],[120.94999911099512,50.32000111505486],[120.94999919247773,50.820000141936454],[120.88749935787517,50.82000014957437],[120.82499940651199,50.82000011288958],[120.76249952525416,50.820000155497866],[120.6999996985958,50.8200001097882],[120.63749980962977,50.82000010040441],[120.57499988783415,50.820000121632404],[120.51250007538479,50.8200001352995],[120.45000009878787,50.82000013586715],[120.4500001359141,50.32000117342488]]]}"
00000000000000000213,3776,75,69642.0,9601.08,6891.1,5131.0,720081.0,"{""type"":""Polygon"",""coordinates"":[[[120.94999911099512,50.32000111505486],[121.01249906999031,50.32000112862716],[121.07499888243584,50.32000116103168],[121.13749874024589,50.32000115234709],[121.19999869190487,50.32000117190477],[121.26249855037112,50.32000109773105],[121.32499841090703,50.32000115977191],[121.38749830847033,50.32000116989488],[121.44999821330175,50.32000113359162],[121.44999812954066,50.820000143397],[121.38749821166633,50.82000012488207],[121.32499844221822,50.82000013450988],[121.26249854499443,50.82000016985373],[121.19999858150182,50.820000127654936],[121.13749873963843,50.82000013109069],[121.0749988561571,50.82000014379155],[121.012499072417,50.820000127132765],[120.94999919247773,50.820000141936454],[120.94999911099512,50.32000111505486]]]}"
00000000000000000214,3777,102,134231.0,18022.36274509804,9151.333333333334,5140.0,1838281.0,"{""type"":""Polygon"",""coordinates"":[[[121.44999821330175,50.32000113359162],[121.51249866604074,50.320001146591444],[121.57499906744502,50.320001123461545],[121.63749946748622,50.32000113316967],[121.69999994799919,50.320001147543145],[121.76250028949656,50.32000114232426],[121.82500076421546,50.32000111883182],[121.88750123252696,50.32000111605462],[121.9500016657403,50.320001139376146],[121.9500015459227,50.8200001329771],[121.88750121081596,50.820000131210726],[121.82500071959325,50.82000013501389],[121.76250029301018,50.82000016865774],[121.69999987821326,50.82000016326717],[121.63749950332048,50.82000011366583],[121.57499905218614,50.820000146269706],[121.51249858481384,50.82000015794758],[121.44999812954066,50.820000143397],[121.44999821330175,50.32000113359162]]]}"
00000000000000000215,3778,415,185432.0,14449.334939759035,7709.170731707317,4592.0,5996474.0,"{""type"":""Polygon"",""coordinates"":[[[121.9500016657403,50.320001139376146],[122.01250154266936,50.320001170239664],[122.07500135746523,50.32000114170078],[122.1375012421335,50.320001185005275],[122.20000111826229,50.32000114532875],[122.26250092713934,50.32000112506409],[122.32500083199048,50.3200011579055],[122.38750083472361,50.32000115169587],[122.45000060498221,50.32000111790706],[122.45000062272047,50.82000015409371],[122.38750074480708,50.820000109897684],[122.32500087909438,50.82000017088859],[122.26250100097515,50.820000170854875],[122.2000011378824,50.82000010477793],[122.13750125583405,50.82000016352559],[122.07500144336504,50.820000146217204],[122.01250150384061,50.820000116614445],[121.9500015459227,50.8200001329771],[121.9500016657403,50.320001139376146]]]}"
00000000000000000216,3779,499,599498.0,18406.12625250501,9993.252747252747,4660.0,9184657.0,"{""type"":""Polygon"",""coordinates"":[[[122.45000060498221,50.32000111790706],[122.51250049791102,50.32000111803295],[122.57500029409204,50.32000112915162],[122.63750026814758,50.32000114944165],[122.7000002005728,50.320001156088054],[122.76250006366418,50.320001154235065],[122.8249998298065,50.32000114906003],[122.88749977419009,50.32000113780153],[122.94999956679716,50.32000113325208],[122.94999965230373,50.82000011600163],[122.88749969654063,50.82000014657951],[122.82499990558101,50.820000117542826],[122.76249997026599,50.820000130240146],[122.70000014080392,50.82000010920209],[122.63750021992298,50.820000120039715],[122.57500034613476,50.82000012268532],[122.51250043415709,50.82000014732024],[122.45000062272047,50.82000015409371],[122.45000060498221,50.32000111790706]]]}"
00000000000000000217,3780,350,114459.0,9987.777142857143,6851.862068965517,2992.0,3495722.0,"{""type"":""Polygon"",""coordinates"":[[[122.94999956679716,50.32000113325208],[123.01249948313018,50.320001132292994],[123.07499938577128,50.320001174916364],[123.13749927582063,50.32000116869062],[123.1999991260315,50.3200011185305],[123.26249907436952,50.32000115308964],[123.32499892909807,50.32000115340271],[123.38749874602082,50.32000118621427],[123.44999863606412,50.32000112316169],[123.44999861813835,50.82000010149157],[123.38749867738613,50.82000013850806],[123.3249988883143,50.82000017940491],[123.26249899773671,50.820000131041354],[123.19999908709015,50.8200001492519],[123.13749921039614,50.820000131148895],[123.07499936518154,50.820000170338645],[123.01249952285461,50.82000010141734],[122.94999965230373,50.82000011600163],[122.94999956679716,50.32000113325208]]]}"
00000000000000000218,3781,104,75323.0,13217.35576923077,8277.166666666668,5125.0,1374605.0,"{""type"":""Polygon"",""coordinates"":[[[123.44999863606412,50.32000112316169],[123.51249912471395,50.32000114362172],[123.57499952326563,50.320001112625846],[123.6374999715001,50.32000115807281],[123.70000038677864,50.32000112558654],[123.7625007993625,50.320001178815254],[123.82500123628897,50.32000112729794],[123.8875016184072,50.32000117073557],[123.95000216615783,50.32000114347527],[123.95000206598972,50.82000014999769],[123.88750168565018,50.82000013482043],[123.82500125473376,50.82000015854921],[123.76250082518347,50.82000011829916],[123.70000028386781,50.82000014442725],[123.63749987886563,50.820000159584986],[123.57499943977707,50.820000133772766],[123.5124990762509,50.82000012455679],[123.44999861813835,50.82000010149157],[123.44999863606412,50.32000112316169]]]}"
00000000000000000219,3782,30,83397.0,12066.2,8271.0,5128.0,361986.0,"{""type"":""Polygon"",""coordinates"":[[[123.95000216615783,50.32000114347527],[124.01250202575837,50.32000114622524],[124.07500188868802,50.32000112443987],[124.13750170331443,50.32000118025731],[124.20000157963618,50.32000118392968],[124.26250149178817,50.32000113979591],[124.32500138871147,50.32000114989984],[124.38750116048253,50.320001157909644],[124.45000108578778,50.320001155207564],[124.45000115804693,50.82000013816795],[124.38750113459211,50.82000014205235],[124.32500139281487,50.82000013318813],[124.26250153800925,50.8200001578579],[124.20000162064962,50.82000011310025],[124.13750172486381,50.82000015453591],[124.07500181614974,50.820000117881065],[124.01250197825958,50.82000015890097],[123.95000206598972,50.82000014999769],[123.95000216615783,50.32000114347527]]]}"
0000000000000000021a,3783,2,5748.0,5446.0,5446.0,5144.0,10892.0,"{""type"":""Polygon"",""coordinates"":[[[124.45000108578778,50.320001155207564],[124.51250094473573,50.32000112225206],[124.57500079682195,50.32000112411755],[124.63750072661585,50.32000112791074],[124.70000059941098,50.32000117505521],[124.76250052411658,50.320001134778565],[124.82500034168973,50.3200011464638],[124.88750024637682,50.32000113949919],[124.95000010379324,50.3200011554938],[124.95000004384862,50.820000120852306],[124.88750024249796,50.8200001720659],[124.82500035635339,50.82000012095705],[124.76250047162881,50.820000122881524],[124.70000061211874,50.8200001738066],[124.63750074050272,50.82000011007818],[124.57500083135784,50.8200001247563],[124.51250093381056,50.820000115081804],[124.45000115804693,50.82000013816795],[124.45000108578778,50.320001155207564]]]}"
0000000000000000021b,3784,3,9706.0,7046.0,5732.0,5700.0,21138.0,"{""type"":""Polygon"",""coordinates"":[[[124.95000010379324,50.3200011554938],[125.01249999865142,50.32000116103472],[125.07499990618813,50.32000116018449],[125.13749971571832,50.320001096990616],[125.19999966059542,50.32000115569428],[125.26249945829042,50.32000116031254],[125.32499927958814,50.32000113700009],[125.38749918640563,50.32000114951923],[125.44999906807853,50.32000114194469],[125.44999906178356,50.820000146978586],[125.38749924919742,50.82000013839743],[125.32499933591504,50.82000018053722],[125.26249947936101,50.82000013228787],[125.1999995691066,50.82000012690679],[125.13749973933007,50.82000012223878],[125.07499990282193,50.82000015265679],[125.01249999634203,50.820000153558176],[124.95000004384862,50.820000120852306],[124.95000010379324,50.3200011554938]]]}"
0000000000000000021c,3785,1,5159.0,5159.0,5159.0,5159.0,5159.0,"{""type"":""Polygon"",""coordinates"":[[[125.44999906807853,50.32000114194469],[125.51249898687972,50.32000117796685],[125.5749988544283,50.32000110386748],[125.63749879756593,50.32000114075197],[125.69999861880156,50.32000117337412],[125.7624985120723,50.320001128682634],[125.82499832233718,50.3200011470544],[125.88749824384497,50.32000115499855],[125.94999805645143,50.32000113564867],[125.9499980921422,50.82000016439861],[125.88749817419841,50.82000013346763],[125.82499839012802,50.820000126760235],[125.76249845376243,50.82000015888389],[125.69999860890972,50.82000014814429],[125.63749876831535,50.82000012984101],[125.57499884463944,50.82000013899217],[125.51249897155685,50.82000013306689],[125.44999906178356,50.820000146978586],[125.44999906807853,50.32000114194469]]]}"
0000000000000000021d,3786,0,,,,,0.0,"{""type"":""Polygon"",""coordinates"":[[[125.94999805645143,50.32000113564867],[126.01249852180946,50.320001174133104],[126.07499893980987,50.32000115326628],[126.1374993742462,50.32000113591233],[126.1999998015555,50.320001125724396],[126.26250019823725,50.320001126379786],[126.3250007376025,50.32000116117115],[126.38750111148904,50.32000115515951],[126.45000149314559,50.32000113159706],[126.4500015986339,50.820000125685105],[126.38750114160312,50.82000015556056],[126.32500065838424,50.820000137886844],[126.26250026071526,50.82000012859461],[126.19999986092759,50.8200001638795],[126.13749939263357,50.8200001807107],[126.07499898883357,50.82000013611721],[126.01249854057207,50.82000016486264],[125.9499980921422,50.82000016439861],[125.94999805645143,50.32000113564867]]]}"
0000000000000000021e,3787,3,18392.0,11108.333333333334,9771.0,5162.0,33325.0,"{""type"":""Polygon"",""coordinates"":[[[126.45000149314559,50.32000113159706],[126.51250144511913,50.32000115384348],[126.57500126971472,50.32000110762844],[126.63750120916066,50.32000117236486],[126.70000108323647,50.32000113612928],[126.76250093759023,50.32000115915485],[126.8250007689163,50.320001146689705],[126.88750064310126,50.32000116048324],[126.95000055653797,50.320001105579024],[126.95000058389098,50.8200001722607],[126.88750069484436,50.82000015957423],[126.8250008006789,50.820000146040606],[126.76250092345944,50.82000012841206],[126.70000097549969,50.82000014354468],[126.63750119854882,50.82000010799354],[126.57500128529506,50.82000013859438],[126.51250147764281,50.82000015202203],[126.4500015986339,50.820000125685105],[126.45000149314559,50.32000113159706]]]}"
0000000000000000021f,3788,0,,,,,0.0,"{""type"":""Polygon"",""coordinates"":[[[126.95000055653797,50.320001105579024],[127.01250035883824,50.3200011236153],[127.07500024387113,50.32000113780828],[127.137500188919,50.32000115129152],[127.20000008177554,50.32000110925041],[127.2624998811014,50.320001113361336],[127.32499987027185,50.32000114394282],[127.38749973927973,50.32000112879277],[127.44999955532839,50.32000112906199],[127.44999952349508,50.82000011117909],[127.38749962557773,50.82000011660228],[127.32499985748122,50.8200001234065],[127.26249993121904,50.82000015195767],[127.20000008740375,50.82000011747947],[127.1375002195235,50.82000015680798],[127.075000277796,50.82000010906074],[127.01250035551202,50.82000012871353],[126.95000058389098,50.8200001722607],[126.95000055653797,50.320001105579024]]]}"
00000000000000000220,3789,36,118402.0,15796.5,8220.0,5091.0,568674.0,"{""type"":""Polygon"",""coordinates"":[[[119.95000121241051,50.8200001457101],[120.01250102672242,50.82000013348378],[120.07500088395882,50.82000015910076],[120.13750078903546,50.82000013106135],[120.20000067603034,50.82000015243165],[120.26250054978266,50.82000013174904],[120.32500045750088,50.8200001399358],[120.38750029127925,50.82000011767853],[120.45000009878787,50.82000013586715],[120.45000013908923,51.31999917207537],[120.3875003604312,51.319999147958974],[120.32500040604495,51.319999142452104],[120.26250061179888,51.319999150363444],[120.20000069991211,51.31999916557776],[120.13750081382985,51.319999149955656],[120.07500086882737,51.31999913021426],[120.0125010865885,51.3199991343326],[119.95000119010308,51.3199991552731],[119.95000121241051,50.8200001457101]]]}"
00000000000000000221,3790,195,323178.0,19230.446153846155,9083.260869565218,5070.0,3749937.0,"{""type"":""Polygon"",""coordinates"":[[[120.45000009878787,50.82000013586715],[120.51250007538479,50.8200001352995],[120.57499988783415,50.820000121632404],[120.63749980962977,50.82000010040441],[120.6999996985958,50.8200001097882],[120.76249952525416,50.820000155497866],[120.82499940651199,50.82000011288958],[120.88749935787517,50.82000014957437],[120.94999919247773,50.820000141936454],[120.94999917322525,51.319999158513696],[120.88749935020212,51.319999148075844],[120.8249993506727,51.31999913487644],[120.76249951059872,51.31999911220785],[120.69999963016019,51.31999914108579],[120.6374997722893,51.319999117762144],[120.57499993085597,51.31999913512378],[120.51250005521305,51.31999912233301],[120.45000013908923,51.31999917207537],[120.45000009878787,50.82000013586715]]]}"
00000000000000000222,3791,103,242882.0,18199.495145631066,8972.375,5072.0,1874548.0,"{""type"":""Polygon"",""coordinates"":[[[120.94999919247773,50.820000141936454],[121.012499072417,50.820000127132765],[121.0749988561571,50.82000014379155],[121.13749873963843,50.82000013109069],[121.19999858150182,50.820000127654936],[121.26249854499443,50.82000016985373],[121.32499844221822,50.82000013450988],[121.38749821166633,50.82000012488207],[121.44999812954066,50.820000143397],[121.44999809874393,51.31999914189663],[121.38749827648425,51.31999913870467],[121.32499847712651,51.319999139683055],[121.26249853364918,51.31999910867594],[121.19999863480784,51.31999916982393],[121.13749876100661,51.319999154696106],[121.07499890661725,51.31999915652496],[121.01249901930218,51.319999105106206],[120.94999917322525,51.319999158513696],[120.94999919247773,50.820000141936454]]]}"
00000000000000000223,3792,90,49938.0,10344.344444444445,7665.8125,5085.0,930991.0,"{""type"":""Polygon"",""coordinates"":[[[121.44999812954066,50.820000143397],[121.51249858481384,50.82000015794758],[121.57499905218614,50.820000146269706],[121.63749950332048,50.82000011366583],[121.69999987821326,50.82000016326717],[121.76250029301018,50.82000016865774],[121.82500071959325,50.82000013501389],[121.88750121081596,50.820000131210726],[121.9500015459227,50.8200001329771],[121.9500015751208,51.319999136665665],[121.88750124472095,51.319999133372875],[121.82500083488067,51.31999914022162],[121.76250037236191,51.31999915205774],[121.69999988401632,51.31999916375959],[121.63749951052714,51.319999136048914],[121.57499905146267,51.31999913232568],[121.51249853388366,51.31999914733463],[121.44999809874393,51.31999914189663],[121.44999812954066,50.820000143397]]]}"
00000000000000000224,3793,488,165870.0,16449.219262295082,8737.36,4081.0,8027219.0,"{""type"":""Polygon"",""coordinates"":[[[121.9500015459227,50.8200001329771],[122.01250150384061,50.820000116614445],[122.07500144336504,50.820000146217204],[122.13750125583405,50.82000016352559],[122.2000011378824,50.82000010477793],[122.26250100097515,50.820000170854875],[122.32500087909438,50.82000017088859],[122.38750074480708,50.820000109897684],[122.45000062272047,50.82000015409371],[122.45000065064879,51.319999121536796],[122.38750069176619,51.31999913686653],[122.32500086556284,51.319999161705596],[122.26250100181711,51.31999916265116],[122.20000112680712,51.31999913479071],[122.13750123566842,51.31999917199976],[122.0750013857871,51.31999917063403],[122.0125014900853,51.31999916052889],[121.9500015751208,51.319999136665665],[121.9500015459227,50.8200001329771]]]}"
00000000000000000225,3794,431,310669.0,19125.542923433874,9273.393442622952,5070.0,8243109.0,"{""type"":""Polygon"",""coordinates"":[[[122.45000062272047,50.82000015409371],[122.51250043415709,50.82000014732024],[122.57500034613476,50.82000012268532],[122.63750021992298,50.820000120039715],[122.70000014080392,50.82000010920209],[122.76249997026599,50.820000130240146],[122.82499990558101,50.820000117542826],[122.88749969654063,50.82000014657951],[122.94999965230373,50.82000011600163],[122.94999957226909,51.319999143691874],[122.88749981120662,51.31999916731121],[122.82499989401137,51.319999174981994],[122.76249995960676,51.319999126168405],[122.7000002006442,51.31999914301518],[122.6375002488054,51.31999916511635],[122.57500035666983,51.3199991166754],[122.51250048954087,51.31999919082761],[122.45000065064879,51.319999121536796],[122.45000062272047,50.82000015409371]]]}"
00000000000000000226,3795,405,219153.0,12424.871604938271,7620.211538461538,4838.0,5032073.0,"{""type"":""Polygon"",""coordinates"":[[[122.94999965230373,50.82000011600163],[123.01249952285461,50.82000010141734],[123.07499936518154,50.820000170338645],[123.13749921039614,50.820000131148895],[123.19999908709015,50.8200001492519],[123.26249899773671,50.820000131041354],[123.3249988883143,50.82000017940491],[123.38749867738613,50.82000013850806],[123.44999861813835,50.82000010149157],[123.4499986092209,51.319999128856814],[123.38749874462638,51.31999911175119],[123.32499891880617,51.319999169336455],[123.26249898705916,51.31999917148936],[123.19999917213808,51.31999914033498],[123.13749927267607,51.319999143713815],[123.07499942677418,51.31999914096913],[123.0124995462642,51.31999916356544],[122.94999957226909,51.319999143691874],[122.94999965230373,50.82000011600163]]]}"
00000000000000000227,3796,103,69634.0,15022.864077669903,10184.25,5083.0,1547355.0,"{""type"":""Polygon"",""coordinates"":[[[123.44999861813835,50.82000010149157],[123.5124990762509,50.82000012455679],[123.57499943977707,50.820000133772766],[123.63749987886563,50.820000159584986],[123.70000028386781,50.82000014442725],[123.76250082518347,50.82000011829916],[123.82500125473376,50.82000015854921],[123.88750168565018,50.82000013482043],[123.95000206598972,50.82000014999769],[123.95000206580009,51.31999914526263],[123.88750163936426,51.31999910426424],[123.82500117054673,51.31999913539973],[123.76250071060232,51.31999913510557],[123.70000036929272,51.31999916157199],[123.63749988724611,51.319999122363576],[123.57499945954775,51.31999913801291],[123.51249902533975,51.319999141641254],[123.4499986092209,51.319999128856814],[123.44999861813835,50.82000010149157]]]}"
00000000000000000228,3797,79,78664.0,12640.810126582279,7350.285714285715,5070.0,998624.0,"{""type"":""Polygon"",""coordinates"":[[[123.95000206598972,50.82000014999769],[124.01250197825958,50.82000015890097],[124.07500181614974,50.820000117881065],[124.13750172486381,50.82000015453591],[124.20000162064962,50.82000011310025],[124.26250153800925,50.8200001578579],[124.32500139281487,50.82000013318813],[124.38750113459211,50.82000014205235],[124.45000115804693,50.82000013816795],[124.45000107883078,51.31999916214877],[124.38750124104283,51.319999131056825],[124.32500139586955,51.319999131966476],[124.26250148032625,51.31999909887624],[124.20000157826475,51.31999918884129],[124.13750167963572,51.31999913710894],[124.07500175560989,51.31999913812996],[124.01250194261064,51.31999915055687],[123.95000206580009,51.31999914526263],[123.95000206598972,50.82000014999769]]]}"
00000000000000000229,3798,67,42407.0,9673.58208955224,7365.166666666667,5086.0,648130.0,"{""type"":""Polygon"",""coordinates"":[[[124.45000115804693,50.82000013816795],[124.51250093381056,50.820000115081804],[124.57500083135784,50.8200001247563],[124.63750074050272,50.82000011007818],[124.70000061211874,50.8200001738066],[124.76250047162881,50.820000122881524],[124.82500035635339,50.82000012095705],[124.88750024249796,50.8200001720659],[124.95000004384862,50.820000120852306],[124.95000017652686,51.31999915567195],[124.88750020039302,51.319999164034925],[124.82500036789789,51.319999122212],[124.76250047748037,51.31999910271584],[124.70000063946215,51.31999916299259],[124.63750070235041,51.319999176135155],[124.57500088920412,51.319999161754126],[124.51250091145553,51.31999912994743],[124.45000107883078,51.31999916214877],[124.45000115804693,50.82000013816795]]]}"
0000000000000000022a,3799,5,14188.0,9544.2,8532.0,7394.0,47721.0,"{""type"":""Polygon"",""coordinates"":[[[124.95000004384862,50.820000120852306],[125.01249999634203,50.820000153558176],[125.07499990282193,50.82000015265679],[125.13749973933007,50.82000012223878],[125.1999995691066,50.82000012690679],[125.26249947936101,50.82000013228787],[125.32499933591504,50.82000018053722],[125.38749924919742,50.82000013839743],[125.44999906178356,50.820000146978586],[125.44999907604954,51.31999914857618],[125.38749924834788,51.31999916889447],[125.32499938162218,51.31999916930222],[125.26249949854821,51.319999146012876],[125.19999950972971,51.319999133856825],[125.13749975027143,51.31999911287559],[125.07499981823841,51.31999913398248],[125.01249996084307,51.319999116298284],[124.95000017652686,51.31999915567195],[124.95000004384862,50.820000120852306]]]}"
0000000000000000022b,3800,0,,,,,0.0,"{""type"":""Polygon"",""coordinates"":[[[125.44999906178356,50.820000146978586],[125.51249897155685,50.82000013306689],[125.57499884463944,50.82000013899217],[125.63749876831535,50.82000012984101],[125.69999860890972,50.82000014814429],[125.76249845376243,50.82000015888389],[125.82499839012802,50.820000126760235],[125.88749817419841,50.82000013346763],[125.9499980921422,50.82000016439861],[125.94999813145921,51.31999914740533],[125.88749819379449,51.31999916570223],[125.82499835142552,51.31999917512915],[125.76249842542228,51.31999915123662],[125.69999852720659,51.31999915078908],[125.63749867884833,51.31999917028237],[125.57499881362585,51.31999914562833],[125.51249893085695,51.31999917282654],[125.44999907604954,51.31999914857618],[125.44999906178356,50.820000146978586]]]}"
0000000000000000022c,3801,2,14121.0,9884.5,9884.5,5648.0,19769.0,"{""type"":""Polygon"",""coordinates"":[[[125.9499980921422,50.82000016439861],[126.01249854057207,50.82000016486264],[126.07499898883357,50.82000013611721],[126.13749939263357,50.8200001807107],[126.19999986092759,50.8200001638795],[126.26250026071526,50.82000012859461],[126.32500065838424,50.820000137886844],[126.38750114160312,50.82000015556056],[126.4500015986339,50.820000125685105],[126.45000161541184,51.3199991411034],[126.3875010755945,51.31999915114578],[126.32500076989683,51.31999915866991],[126.26250020520793,51.319999160718304],[126.19999991790473,51.31999915387518],[126.1374994151888,51.31999913451022],[126.07499892039361,51.31999911920566],[126.01249854498252,51.31999916472015],[125.94999813145921,51.31999914740533],[125.9499980921422,50.82000016439861]]]}"
0000000000000000022d,3802,1,14091.0,14091.0,14091.0,14091.0,14091.0,"{""type"":""Polygon"",""coordinates"":[[[126.4500015986339,50.820000125685105],[126.51250147764281,50.82000015202203],[126.57500128529506,50.82000013859438],[126.63750119854882,50.82000010799354],[126.70000097549969,50.82000014354468],[126.76250092345944,50.82000012841206],[126.8250008006789,50.820000146040606],[126.88750069484436,50.82000015957423],[126.95000058389098,50.8200001722607],[126.95000060606463,51.319999161152396],[126.88750060105421,51.31999912771958],[126.82500086151883,51.31999913625323],[126.76250100411242,51.31999914640437],[126.70000105014827,51.31999915476555],[126.63750113223465,51.319999117589305],[126.5750012512702,51.31999913161332],[126.51250133789239,51.3199991340304],[126.45000161541184,51.3199991411034],[126.4500015986339,50.820000125685105]]]}"
0000000000000000022e,3803,25,82873.0,14214.12,7318.0,5029.0,355353.0,"{""type"":""Polygon"",""coordinates"":[[[119.95000119010308,51.3199991552731],[120.0125010865885,51.3199991343326],[120.07500086882737,51.31999913021426],[120.13750081382985,51.319999149955656],[120.20000069991211,51.31999916557776],[120.26250061179888,51.319999150363444],[120.32500040604495,51.319999142452104],[120.3875003604312,51.319999147958974],[120.45000013908923,51.31999917207537],[120.45000015288966,51.819998182508606],[120.38750037999627,51.81999815856511],[120.32500047925272,51.81999816013746],[120.26250059419642,51.81999814884331],[120.20000063725482,51.81999815205002],[120.13750075219049,51.81999813160264],[120.07500093067112,51.819998181132995],[120.012501042726,51.81999816254079],[119.95000119597077,51.819998136695524],[119.95000119010308,51.3199991552731]]]}"
0000000000000000022f,3804,192,190133.0,15543.989583333334,9774.23076923077,5015.0,2984446.0,"{""type"":""Polygon"",""coordinates"":[[[120.45000013908923,51.31999917207537],[120.51250005521305,51.31999912233301],[120.57499993085597,51.31999913512378],[120.6374997722893,51.319999117762144],[120.69999963016019,51.31999914108579],[120.76249951059872,51.31999911220785],[120.8249993506727,51.31999913487644],[120.88749935020212,51.319999148075844],[120.94999917322525,51.319999158513696],[120.9499991436011,51.81999814653768],[120.88749926267607,51.81999815771419],[120.8249993804156,51.81999813717277],[120.76249960463934,51.81999814546106],[120.69999965095053,51.81999817846946],[120.63749977778654,51.81999816412552],[120.57499989718997,51.81999813052106],[120.51250000122708,51.81999817142512],[120.45000015288966,51.819998182508606],[120.45000013908923,51.31999917207537]]]}"
00000000000000000230,3805,150,532974.0,22953.31333333333,9832.037037037036,5021.0,3442997.0,"{""type"":""Polygon"",""coordinates"":[[[120.94999917322525,51.319999158513696],[121.01249901930218,51.319999105106206],[121.07499890661725,51.31999915652496],[121.13749876100661,51.319999154696106],[121.19999863480784,51.31999916982393],[121.26249853364918,51.31999910867594],[121.32499847712651,51.319999139683055],[121.38749827648425,51.31999913870467],[121.44999809874393,51.31999914189663],[121.44999821672612,51.819998171490646],[121.38749821535909,51.8199981275306],[121.32499839263097,51.81999815519331],[121.2624984960082,51.81999815333727],[121.19999863362736,51.81999818211028],[121.13749875061401,51.81999817115545],[121.07499887386429,51.81999811535983],[121.01249907701664,51.819998174355376],[120.9499991436011,51.81999814653768],[120.94999917322525,51.319999158513696]]]}"
00000000000000000231,3806,49,54500.0,10382.34693877551,7307.0,5031.0,508735.0,"{""type"":""Polygon"",""coordinates"":[[[121.44999809874393,51.31999914189663],[121.51249853388366,51.31999914733463],[121.57499905146267,51.31999913232568],[121.63749951052714,51.319999136048914],[121.69999988401632,51.31999916375959],[121.76250037236191,51.31999915205774],[121.82500083488067,51.31999914022162],[121.88750124472095,51.319999133372875],[121.9500015751208,51.319999136665665],[121.95000168101419,51.819998135368216],[121.88750123314831,51.81999813899648],[121.82500078966581,51.819998153054186],[121.76250037622928,51.81999817272074],[121.69999993614226,51.81999812834346],[121.63749946271612,51.81999811440371],[121.5749989818105,51.81999812593996],[121.51249863463858,51.81999812368386],[121.44999821672612,51.819998171490646],[121.44999809874393,51.31999914189663]]]}"
00000000000000000232,3807,185,116896.0,14545.837837837838,9002.833333333334,5024.0,2690980.0,"{""type"":""Polygon"",""coordinates"":[[[121.9500015751208,51.319999136665665],[122.0125014900853,51.31999916052889],[122.0750013857871,51.31999917063403],[122.13750123566842,51.31999917199976],[122.20000112680712,51.31999913479071],[122.26250100181711,51.31999916265116],[122.32500086556284,51.319999161705596],[122.38750069176619,51.31999913686653],[122.45000065064879,51.319999121536796],[122.45000068260137,51.819998150283816],[122.38750082295935,51.819998162272896],[122.32500079608134,51.81999812432927],[122.26250099313327,51.81999818917949],[122.20000118819974,51.81999815943272],[122.13750126017922,51.81999816506568],[122.0750013493712,51.81999816606653],[122.01250148115994,51.81999815772684],[121.95000168101419,51.819998135368216],[121.9500015751208,51.319999136665665]]]}"
00000000000000000233,3808,13,231530.0,29622.23076923077,6135.0,5018.0,385089.0,"{""type"":""Polygon"",""coordinates"":[[[122.45000065064879,51.319999121536796],[122.51250048954087,51.31999919082761],[122.57500035666983,51.3199991166754],[122.6375002488054,51.31999916511635],[122.7000002006442,51.31999914301518],[122.76249995960676,51.319999126168405],[122.82499989401137,51.319999174981994],[122.88749981120662,51.31999916731121],[122.94999957226909,51.319999143691874],[122.9499995865838,51.819998170447484],[122.8874997700902,51.81999809991363],[122.82499987232721,51.81999810912833],[122.76250003219023,51.81999815755211],[122.70000010502719,51.8199981129651],[122.63750016972044,51.819998134355245],[122.5750003654845,51.819998181500644],[122.51250054865211,51.8199981219087],[122.45000068260137,51.819998150283816],[122.45000065064879,51.319999121536796]]]}"
00000000000000000234,3809,89,89465.0,12740.280898876405,8405.0,5018.0,1133885.0,"{""type"":""Polygon"",""coordinates"":[[[122.94999957226909,51.319999143691874],[123.0124995462642,51.31999916356544],[123.07499942677418,51.31999914096913],[123.13749927267607,51.319999143713815],[123.19999917213808,51.31999914033498],[123.26249898705916,51.31999917148936],[123.32499891880617,51.319999169336455],[123.38749874462638,51.31999911175119],[123.4499986092209,51.319999128856814],[123.44999868152401,51.81999813515216],[123.38749877395026,51.819998137029444],[123.32499893694988,51.819998144816374],[123.26249899409872,51.81999812749551],[123.19999905490876,51.81999814395979],[123.13749925780564,51.81999815350636],[123.07499942687697,51.819998124783424],[123.01249955680623,51.81999815315425],[122.9499995865838,51.819998170447484],[122.94999957226909,51.319999143691874]]]}"
00000000000000000235,3810,137,174981.0,17741.85401459854,11094.272727272728,5026.0,2430634.0,"{""type"":""Polygon"",""coordinates"":[[[123.4499986092209,51.319999128856814],[123.51249902533975,51.319999141641254],[123.57499945954775,51.31999913801291],[123.63749988724611,51.319999122363576],[123.70000036929272,51.31999916157199],[123.76250071060232,51.31999913510557],[123.82500117054673,51.31999913539973],[123.88750163936426,51.31999910426424],[123.95000206580009,51.31999914526263],[123.9500020126788,51.81999814614678],[123.88750169967071,51.819998174687015],[123.82500129748243,51.81999814235244],[123.76250080186934,51.819998144864165],[123.70000035040796,51.81999814081793],[123.63749996646095,51.81999812613321],[123.57499955902568,51.81999813366434],[123.5124991515228,51.81999815914876],[123.44999868152401,51.81999813515216],[123.4499986092209,51.319999128856814]]]}"
00000000000000000236,3811,179,460725.0,24821.536312849163,11172.058823529413,3962.0,4443055.0,"{""type"":""Polygon"",""coordinates"":[[[123.95000206580009,51.31999914526263],[124.01250194261064,51.31999915055687],[124.07500175560989,51.31999913812996],[124.13750167963572,51.31999913710894],[124.20000157826475,51.31999918884129],[124.26250148032625,51.31999909887624],[124.32500139586955,51.319999131966476],[124.38750124104283,51.319999131056825],[124.45000107883078,51.31999916214877],[124.45000113677642,51.819998119033755],[124.3875012156224,51.819998131492035],[124.3250013366968,51.819998103549715],[124.26250149622159,51.819998131510836],[124.20000162928123,51.819998149024485],[124.13750175875145,51.81999815204291],[124.07500190757878,51.81999813654294],[124.0125019845565,51.81999813597989],[123.9500020126788,51.81999814614678],[123.95000206580009,51.31999914526263]]]}"
00000000000000000237,3812,215,1074278.0,43282.03255813954,10942.275862068966,5026.0,9305637.0,"{""type"":""Polygon"",""coordinates"":[[[124.45000107883078,51.31999916214877],[124.51250091145553,51.31999912994743],[124.57500088920412,51.319999161754126],[124.63750070235041,51.319999176135155],[124.70000063946215,51.31999916299259],[124.76250047748037,51.31999910271584],[124.82500036789789,51.319999122212],[124.88750020039302,51.319999164034925],[124.95000017652686,51.31999915567195],[124.9500000718795,51.81999815531358],[124.88750015635694,51.819998140997036],[124.8250003060578,51.81999814076811],[124.76250054302517,51.81999815099482],[124.70000057333789,51.81999818271665],[124.63750064710466,51.81999815523308],[124.57500087499368,51.8199981268878],[124.51250096343068,51.81999810813768],[124.45000113677642,51.819998119033755],[124.45000107883078,51.31999916214877]]]}"
00000000000000000238,3813,69,247537.0,25472.1884057971,9682.0,5015.0,1757581.0,"{""type"":""Polygon"",""coordinates"":[[[124.95000017652686,51.31999915567195],[125.01249996084307,51.319999116298284],[125.07499981823841,51.31999913398248],[125.13749975027143,51.31999911287559],[125.19999950972971,51.319999133856825],[125.26249949854821,51.319999146012876],[125.32499938162218,51.31999916930222],[125.38749924834788,51.31999916889447],[125.44999907604954,51.31999914857618],[125.44999906487217,51.819998132532],[125.38749925379497,51.81999811204658],[125.32499933325396,51.81999813530031],[125.26249943831189,51.81999815947553],[125.19999959066897,51.819998181015855],[125.13749972296516,51.81999813485605],[125.07499983273351,51.81999811766359],[125.01249994175598,51.8199981257161],[124.9500000718795,51.81999815531358],[124.95000017652686,51.31999915567195]]]}"
00000000000000000239,3814,29,17315.0,8300.931034482759,7278.0,5027.0,240727.0,"{""type"":""Polygon"",""coordinates"":[[[125.44999907604954,51.31999914857618],[125.51249893085695,51.31999917282654],[125.57499881362585,51.31999914562833],[125.63749867884833,51.31999917028237],[125.69999852720659,51.31999915078908],[125.76249842542228,51.31999915123662],[125.82499835142552,51.31999917512915],[125.88749819379449,51.31999916570223],[125.94999813145921,51.31999914740533],[125.94999810969585,51.81999812602658],[125.8874981557632,51.81999815664242],[125.82499826108027,51.81999814069472],[125.76249853729479,51.81999813579773],[125.69999859865098,51.819998096051414],[125.63749864683567,51.81999813961027],[125.57499883960448,51.819998123100355],[125.51249897180033,51.81999812195537],[125.44999906487217,51.819998132532],[125.44999907604954,51.31999914857618]]]}"
0000000000000000023a,3815,20,33076.0,10940.1,8409.5,5039.0,218802.0,"{""type"":""Polygon"",""coordinates"":[[[125.94999813145921,51.31999914740533],[126.01249854498252,51.31999916472015],[126.07499892039361,51.31999911920566],[126.1374994151888,51.31999913451022],[126.19999991790473,51.31999915387518],[126.26250020520793,51.319999160718304],[126.32500076989683,51.31999915866991],[126.3875010755945,51.31999915114578],[126.45000161541184,51.3199991411034],[126.45000158818289,51.819998147083936],[126.38750114567553,51.81999815166777],[126.3250005946472,51.81999813563177],[126.2625002512633,51.81999817605841],[126.19999974983104,51.819998128946914],[126.13749938455338,51.81999817224593],[126.07499890334952,51.819998121210354],[126.0124985998656,51.819998154213685],[125.94999810969585,51.81999812602658],[125.94999813145921,51.31999914740533]]]}"
0000000000000000023b,3816,10,39261.0,15253.7,9526.0,5040.0,152537.0,"{""type"":""Polygon"",""coordinates"":[[[126.45000161541184,51.3199991411034],[126.51250133789239,51.3199991340304],[126.5750012512702,51.31999913161332],[126.63750113223465,51.319999117589305],[126.70000105014827,51.31999915476555],[126.76250100411242,51.31999914640437],[126.82500086151883,51.31999913625323],[126.88750060105421,51.31999912771958],[126.95000060606463,51.319999161152396],[126.9500005336428,51.81999815731569],[126.88750068076125,51.81999810794356],[126.82500085159381,51.81999814351037],[126.762500881969,51.819998141285346],[126.70000108904087,51.81999817700209],[126.63750119665869,51.81999816864905],[126.57500131730701,51.819998172976405],[126.51250137985615,51.81999812675005],[126.45000158818289,51.819998147083936],[126.45000161541184,51.3199991411034]]]}"
0000000000000000023c,3817,171,388375.0,35527.48538011696,15441.714285714286,5009.0,6075200.0,"{""type"":""Polygon"",""coordinates"":[[[120.9499991436011,51.81999814653768],[121.01249907701664,51.819998174355376],[121.07499887386429,51.81999811535983],[121.13749875061401,51.81999817115545],[121.19999863362736,51.81999818211028],[121.2624984960082,51.81999815333727],[121.32499839263097,51.81999815519331],[121.38749821535909,51.8199981275306],[121.44999821672612,51.819998171490646],[121.44999822441049,52.32000160014776],[121.38749832874316,52.32000158494636],[121.3249984941126,52.320001609161814],[121.26249854624464,52.320001636640534],[121.19999862756171,52.32000162805022],[121.13749876375296,52.320001578569006],[121.07499894581876,52.320001583433665],[121.01249900022094,52.320001605832736],[120.94999918671716,52.32000157270719],[120.9499991436011,51.81999814653768]]]}"
0000000000000000023d,3818,72,77314.0,11170.138888888889,8031.722222222223,5000.0,804250.0,"{""type"":""Polygon"",""coordinates"":[[[121.44999821672612,51.819998171490646],[121.51249863463858,51.81999812368386],[121.5749989818105,51.81999812593996],[121.63749946271612,51.81999811440371],[121.69999993614226,51.81999812834346],[121.76250037622928,51.81999817272074],[121.82500078966581,51.819998153054186],[121.88750123314831,51.81999813899648],[121.95000168101419,51.819998135368216],[121.95000161109078,52.32000157093984],[121.88750120820276,52.32000161727081],[121.8250008168814,52.320001605246986],[121.76250034539345,52.3200015651673],[121.69999990215705,52.320001557532755],[121.63749939511163,52.320001612484674],[121.57499899928493,52.32000159025914],[121.5124985894704,52.32000162112996],[121.44999822441049,52.32000160014776],[121.44999821672612,51.819998171490646]]]}"
0000000000000000023e,3819,58,48982.0,12701.931034482759,8599.5,5005.0,736712.0,"{""type"":""Polygon"",""coordinates"":[[[121.95000168101419,51.819998135368216],[122.01250148115994,51.81999815772684],[122.0750013493712,51.81999816606653],[122.13750126017922,51.81999816506568],[122.20000118819974,51.81999815943272],[122.26250099313327,51.81999818917949],[122.32500079608134,51.81999812432927],[122.38750082295935,51.819998162272896],[122.45000068260137,51.819998150283816],[122.45000061556004,52.32000163283317],[122.38750069815126,52.320001614703145],[122.32500079817306,52.32000160514257],[122.26250093961039,52.32000159968519],[122.20000114652878,52.32000159389244],[122.13750132652125,52.32000161877499],[122.07500141953291,52.32000160470949],[122.01250153426737,52.32000161199272],[121.95000161109078,52.32000157093984],[121.95000168101419,51.819998135368216]]]}"
0000000000000000023f,3820,84,304012.0,23044.083333333332,11125.083333333334,5517.0,1935703.0,"{""type"":""Polygon"",""coordinates"":[[[122.45000068260137,51.819998150283816],[122.51250054865211,51.8199981219087],[122.5750003654845,51.819998181500644],[122.63750016972044,51.819998134355245],[122.70000010502719,51.8199981129651],[122.76250003219023,51.81999815755211],[122.82499987232721,51.81999810912833],[122.8874997700902,51.81999809991363],[122.9499995865838,51.819998170447484],[122.94999962517647,52.3200015816539],[122.88749981167817,52.32000161459045],[122.82499985659207,52.320001591409294],[122.7625000712211,52.320001599975456],[122.7000000751736,52.32000157972106],[122.63750029573426,52.320001582677065],[122.57500043828698,52.32000161230401],[122.51250044139718,52.32000159943748],[122.45000061556004,52.32000163283317],[122.45000068260137,51.819998150283816]]]}"
00000000000000000240,3821,84,145765.0,18808.428571428572,10172.057142857142,5004.0,1579908.0,"{""type"":""Polygon"",""coordinates"":[[[122.9499995865838,51.819998170447484],[123.01249955680623,51.81999815315425],[123.07499942687697,51.819998124783424],[123.13749925780564,51.81999815350636],[123.19999905490876,51.81999814395979],[123.26249899409872,51.81999812749551],[123.32499893694988,51.819998144816374],[123.38749877395026,51.819998137029444],[123.44999868152401,51.81999813515216],[123.44999855580431,52.320001584280334],[123.38749880495365,52.320001597615374],[123.32499892963392,52.320001617062694],[123.26249906881982,52.320001601371565],[123.19999912946824,52.32000158314009],[123.13749922097774,52.320001621988766],[123.0749993960404,52.320001613112304],[123.01249956175315,52.32000158895012],[122.94999962517647,52.3200015816539],[122.9499995865838,51.819998170447484]]]}"
00000000000000000241,3822,93,95584.0,17032.333333333332,9387.666666666666,5007.0,1584007.0,"{""type"":""Polygon"",""coordinates"":[[[123.44999868152401,51.81999813515216],[123.5124991515228,51.81999815914876],[123.57499955902568,51.81999813366434],[123.63749996646095,51.81999812613321],[123.70000035040796,51.81999814081793],[123.76250080186934,51.819998144864165],[123.82500129748243,51.81999814235244],[123.88750169967071,51.819998174687015],[123.9500020126788,51.81999814614678],[123.95000207565235,52.3200015839288],[123.88750175450436,52.320001617392386],[123.82500115694756,52.32000158909733],[123.76250080015303,52.32000160969121],[123.70000041527685,52.32000158616405],[123.63749999639761,52.32000161522426],[123.57499947855943,52.32000162918933],[123.51249900041562,52.32000158663121],[123.44999855580431,52.320001584280334],[123.44999868152401,51.81999813515216]]]}"
00000000000000000242,3823,160,416074.0,20564.11875,11345.4375,5010.0,3290259.0,"{""type"":""Polygon"",""coordinates"":[[[123.9500020126788,51.81999814614678],[124.0125019845565,51.81999813597989],[124.07500190757878,51.81999813654294],[124.13750175875145,51.81999815204291],[124.20000162928123,51.819998149024485],[124.26250149622159,51.819998131510836],[124.3250013366968,51.819998103549715],[124.3875012156224,51.819998131492035],[124.45000113677642,51.819998119033755],[124.45000105998473,52.320001616137006],[124.38750121529804,52.32000162582358],[124.32500135231686,52.32000155594868],[124.26250143911395,52.32000160459034],[124.20000163975955,52.32000162885148],[124.13750177221385,52.320001600026096],[124.07500183122448,52.32000161500812],[124.0125019543464,52.32000163197131],[123.95000207565235,52.3200015839288],[123.9500020126788,51.81999814614678]]]}"
00000000000000000243,3824,109,616001.0,27413.357798165136,14428.0,5007.0,2988056.0,"{""type"":""Polygon"",""coordinates"":[[[124.45000113677642,51.819998119033755],[124.51250096343068,51.81999810813768],[124.57500087499368,51.8199981268878],[124.63750064710466,51.81999815523308],[124.70000057333789,51.81999818271665],[124.76250054302517,51.81999815099482],[124.8250003060578,51.81999814076811],[124.88750015635694,51.819998140997036],[124.9500000718795,51.81999815531358],[124.95000011965918,52.320001633138254],[124.88750028235337,52.32000161863387],[124.82500034380455,52.32000161730784],[124.76250044055301,52.32000158659605],[124.70000056806089,52.320001623983515],[124.63750077345132,52.32000162478473],[124.57500075831499,52.32000159983181],[124.51250095333796,52.320001593407184],[124.45000105998473,52.320001616137006],[124.45000113677642,51.819998119033755]]]}"
00000000000000000244,3825,164,143600.0,19932.835365853658,11793.375,5001.0,3268985.0,"{""type"":""Polygon"",""coordinates"":[[[124.9500000718795,51.81999815531358],[125.01249994175598,51.8199981257161],[125.07499983273351,51.81999811766359],[125.13749972296516,51.81999813485605],[125.19999959066897,51.819998181015855],[125.26249943831189,51.81999815947553],[125.32499933325396,51.81999813530031],[125.38749925379497,51.81999811204658],[125.44999906487217,51.819998132532],[125.44999902047773,52.32000161285811],[125.38749921407046,52.320001605220284],[125.32499925366056,52.320001600827844],[125.26249948053876,52.32000157909959],[125.19999968540309,52.32000161544641],[125.1374997084546,52.32000158230093],[125.074999751255,52.32000159988808],[125.0124999496999,52.3200016256695],[124.95000011965918,52.320001633138254],[124.9500000718795,51.81999815531358]]]}"
00000000000000000245,3826,72,293740.0,21079.375,8951.09090909091,5013.0,1517715.0,"{""type"":""Polygon"",""coordinates"":[[[125.44999906487217,51.819998132532],[125.51249897180033,51.81999812195537],[125.57499883960448,51.819998123100355],[125.63749864683567,51.81999813961027],[125.69999859865098,51.819998096051414],[125.76249853729479,51.81999813579773],[125.82499826108027,51.81999814069472],[125.8874981557632,51.81999815664242],[125.94999810969585,51.81999812602658],[125.94999813341792,52.32000163183352],[125.88749826147482,52.32000161948909],[125.82499839216008,52.32000161984697],[125.76249845435406,52.32000156824884],[125.69999853648213,52.320001623986414],[125.63749870571233,52.32000158116212],[125.57499884433362,52.32000157760602],[125.5124989727106,52.32000160987537],[125.44999902047773,52.32000161285811],[125.44999906487217,51.819998132532]]]}"
00000000000000000246,3827,21,34295.0,10934.714285714286,9957.0,5012.0,229629.0,"{""type"":""Polygon"",""coordinates"":[[[125.94999810969585,51.81999812602658],[126.0124985998656,51.819998154213685],[126.07499890334952,51.819998121210354],[126.13749938455338,51.81999817224593],[126.19999974983104,51.819998128946914],[126.2625002512633,51.81999817605841],[126.3250005946472,51.81999813563177],[126.38750114567553,51.81999815166777],[126.45000158818289,51.819998147083936],[126.4500015511599,52.32000158030016],[126.38750116701482,52.32000159549243],[126.32500073957765,52.320001608059634],[126.26250028877156,52.320001614794926],[126.1999998345753,52.32000161251015],[126.13749939702329,52.32000159803607],[126.07499888171847,52.32000160857298],[126.01249853774056,52.3200015602107],[125.94999813341792,52.32000163183352],[125.94999810969585,51.81999812602658]]]}"
00000000000000000247,3828,96,65920.0,13431.3125,8778.5,5490.0,1289406.0,"{""type"":""Polygon"",""coordinates"":[[[120.4500001993998,52.320001582206544],[120.51250003964472,52.32000156419573],[120.57499995183633,52.32000161805638],[120.63749974740257,52.32000161610801],[120.69999959790741,52.320001596400495],[120.76249955845225,52.32000163016846],[120.82499943989744,52.32000158993717],[120.88749926216958,52.320001647028406],[120.94999918671716,52.32000157270719],[120.94999915723336,52.82000057962606],[120.88749927103068,52.8200005922278],[120.8249994091337,52.82000060382185],[120.76249959652779,52.8200006096267],[120.69999965735488,52.820000572018536],[120.63749978154586,52.82000061953218],[120.57499994836417,52.8200005798893],[120.51250002821472,52.82000058253663],[120.45000016507935,52.82000058878641],[120.4500001993998,52.320001582206544]]]}"
00000000000000000248,3829,68,70595.0,13787.0,7930.5,5465.0,937516.0,"{""type"":""Polygon"",""coordinates"":[[[120.94999918671716,52.32000157270719],[121.01249900022094,52.320001605832736],[121.07499894581876,52.320001583433665],[121.13749876375296,52.320001578569006],[121.19999862756171,52.32000162805022],[121.26249854624464,52.320001636640534],[121.3249984941126,52.320001609161814],[121.38749832874316,52.32000158494636],[121.44999822441049,52.32000160014776],[121.44999821403589,52.82000060074952],[121.38749822838486,52.82000058956485],[121.32499839077292,52.82000061244179],[121.26249852326914,52.82000063337185],[121.19999865030958,52.820000647602775],[121.13749871314066,52.820000584041644],[121.07499890305394,52.82000057067633],[121.01249904284433,52.820000570828334],[120.94999915723336,52.82000057962606],[120.94999918671716,52.32000157270719]]]}"
00000000000000000249,3830,6,10393.0,7108.666666666667,6833.0,5463.0,42652.0,"{""type"":""Polygon"",""coordinates"":[[[121.44999822441049,52.32000160014776],[121.5124985894704,52.32000162112996],[121.57499899928493,52.32000159025914],[121.63749939511163,52.320001612484674],[121.69999990215705,52.320001557532755],[121.76250034539345,52.3200015651673],[121.8250008168814,52.320001605246986],[121.88750120820276,52.32000161727081],[121.95000161109078,52.32000157093984],[121.95000161053157,52.820000589512965],[121.88750124950674,52.82000061579306],[121.82500076114172,52.820000646326484],[121.76250040565422,52.82000060585261],[121.69999985223963,52.82000059560402],[121.63749944563179,52.820000606356174],[121.57499900700489,52.820000602885294],[121.51249856043987,52.8200005805336],[121.44999821403589,52.82000060074952],[121.44999822441049,52.32000160014776]]]}"
0000000000000000024a,3831,12,60554.0,13882.75,8523.0,5501.0,166593.0,"{""type"":""Polygon"",""coordinates"":[[[121.95000161109078,52.32000157093984],[122.01250153426737,52.32000161199272],[122.07500141953291,52.32000160470949],[122.13750132652125,52.32000161877499],[122.20000114652878,52.32000159389244],[122.26250093961039,52.32000159968519],[122.32500079817306,52.32000160514257],[122.38750069815126,52.320001614703145],[122.45000061556004,52.32000163283317],[122.4500005575111,52.82000060161197],[122.38750082630257,52.82000061518324],[122.3250008988384,52.82000063452042],[122.26250103436597,52.820000583120446],[122.20000110564419,52.8200005937017],[122.1375012537043,52.820000626028836],[122.07500141640425,52.82000061036244],[122.01250149916453,52.82000057785993],[121.95000161053157,52.820000589512965],[121.95000161109078,52.32000157093984]]]}"
0000000000000000024b,3832,63,81916.0,15276.349206349207,9813.0,5449.0,962410.0,"{""type"":""Polygon"",""coordinates"":[[[122.45000061556004,52.32000163283317],[122.51250044139718,52.32000159943748],[122.57500043828698,52.32000161230401],[122.63750029573426,52.320001582677065],[122.7000000751736,52.32000157972106],[122.7625000712211,52.320001599975456],[122.82499985659207,52.320001591409294],[122.88749981167817,52.32000161459045],[122.94999962517647,52.3200015816539],[122.94999955973165,52.82000060927437],[122.8874998151822,52.820000608558495],[122.8249998103858,52.82000061267657],[122.76250000809058,52.82000057221192],[122.70000007728618,52.8200005926586],[122.6375002761298,52.82000059682945],[122.57500030516496,52.82000058827681],[122.51250059546452,52.82000062013601],[122.4500005575111,52.82000060161197],[122.45000061556004,52.32000163283317]]]}"
0000000000000000024c,3833,22,80432.0,18066.954545454544,8777.0,6011.0,397473.0,"{""type"":""Polygon"",""coordinates"":[[[122.94999962517647,52.3200015816539],[123.01249956175315,52.32000158895012],[123.0749993960404,52.320001613112304],[123.13749922097774,52.320001621988766],[123.19999912946824,52.32000158314009],[123.26249906881982,52.320001601371565],[123.32499892963392,52.320001617062694],[123.38749880495365,52.320001597615374],[123.44999855580431,52.320001584280334],[123.44999858733728,52.82000059711177],[123.38749879088532,52.820000588834006],[123.32499887984814,52.82000060985924],[123.26249899363405,52.82000061879358],[123.19999915421496,52.82000061164453],[123.13749926597644,52.82000062142678],[123.07499935094795,52.820000643958785],[123.01249946179948,52.820000573672836],[122.94999955973165,52.82000060927437],[122.94999962517647,52.3200015816539]]]}"
0000000000000000024d,3834,9,22004.0,9408.0,9354.0,5498.0,84672.0,"{""type"":""Polygon"",""coordinates"":[[[123.44999855580431,52.320001584280334],[123.51249900041562,52.32000158663121],[123.57499947855943,52.32000162918933],[123.63749999639761,52.32000161522426],[123.70000041527685,52.32000158616405],[123.76250080015303,52.32000160969121],[123.82500115694756,52.32000158909733],[123.88750175450436,52.320001617392386],[123.95000207565235,52.3200015839288],[123.95000210975105,52.8200006094594],[123.88750165654325,52.820000608807106],[123.82500115142835,52.82000059343391],[123.76250082183553,52.82000058545402],[123.70000036569732,52.820000592824464],[123.63749992190209,52.82000057377637],[123.57499948291873,52.820000625984655],[123.51249901116368,52.82000057987681],[123.44999858733728,52.82000059711177],[123.44999855580431,52.320001584280334]]]}"
0000000000000000024e,3835,71,109566.0,16015.788732394367,9896.6,5455.0,1137121.0,"{""type"":""Polygon"",""coordinates"":[[[123.95000207565235,52.3200015839288],[124.0125019543464,52.32000163197131],[124.07500183122448,52.32000161500812],[124.13750177221385,52.320001600026096],[124.20000163975955,52.32000162885148],[124.26250143911395,52.32000160459034],[124.32500135231686,52.32000155594868],[124.38750121529804,52.32000162582358],[124.45000105998473,52.320001616137006],[124.4500010843151,52.82000064490023],[124.38750127858079,52.8200006057525],[124.32500134204388,52.82000064695123],[124.262501439758,52.82000062438788],[124.20000156526044,52.82000063615663],[124.13750164991392,52.820000615108306],[124.07500180416277,52.82000062094481],[124.01250195974845,52.82000058643562],[123.95000210975105,52.8200006094594],[123.95000207565235,52.3200015839288]]]}"
0000000000000000024f,3836,31,32194.0,10910.387096774193,9275.0,5467.0,338222.0,"{""type"":""Polygon"",""coordinates"":[[[124.45000105998473,52.320001616137006],[124.51250095333796,52.320001593407184],[124.57500075831499,52.32000159983181],[124.63750077345132,52.32000162478473],[124.70000056806089,52.320001623983515],[124.76250044055301,52.32000158659605],[124.82500034380455,52.32000161730784],[124.88750028235337,52.32000161863387],[124.95000011965918,52.320001633138254],[124.95000015938211,52.82000059517446],[124.8875002151696,52.82000060462288],[124.82500032696835,52.820000606856176],[124.7625005150934,52.82000059846682],[124.70000068308327,52.820000615021115],[124.63750076091287,52.82000058993972],[124.5750008595744,52.820000582490465],[124.51250099952769,52.820000589111444],[124.4500010843151,52.82000064490023],[124.45000105998473,52.320001616137006]]]}"
00000000000000000250,3837,103,109499.0,19525.68932038835,10402.0,5457.0,2011146.0,"{""type"":""Polygon"",""coordinates"":[[[124.95000011965918,52.320001633138254],[125.0124999496999,52.3200016256695],[125.074999751255,52.32000159988808],[125.1374997084546,52.32000158230093],[125.19999968540309,52.32000161544641],[125.26249948053876,52.32000157909959],[125.32499925366056,52.320001600827844],[125.38749921407046,52.320001605220284],[125.44999902047773,52.32000161285811],[125.44999901193889,52.820000590921744],[125.38749922732144,52.82000057264424],[125.32499933834376,52.8200005749686],[125.26249936482797,52.820000594329834],[125.19999965116725,52.82000061042345],[125.13749968482271,52.82000061395711],[125.07499981046604,52.820000584680194],[125.01250002269951,52.820000621285544],[124.95000015938211,52.82000059517446],[124.95000011965918,52.320001633138254]]]}"
00000000000000000251,3838,219,214843.0,17209.374429223742,9587.8125,5090.0,3768853.0,"{""type"":""Polygon"",""coordinates"":[[[125.44999902047773,52.32000161285811],[125.5124989727106,52.32000160987537],[125.57499884433362,52.32000157760602],[125.63749870571233,52.32000158116212],[125.69999853648213,52.320001623986414],[125.76249845435406,52.32000156824884],[125.82499839216008,52.32000161984697],[125.88749826147482,52.32000161948909],[125.94999813341792,52.32000163183352],[125.94999809028955,52.820000626294586],[125.88749817617693,52.82000061753171],[125.82499832589258,52.82000063733219],[125.76249846619257,52.820000620814106],[125.69999861672785,52.820000564751595],[125.63749865693747,52.82000060816159],[125.57499886276328,52.82000056539195],[125.5124989971423,52.82000061552204],[125.44999901193889,52.820000590921744],[125.44999902047773,52.32000161285811]]]}"
00000000000000000252,3839,4,10277.0,7312.75,6782.5,5409.0,29251.0,"{""type"":""Polygon"",""coordinates"":[[[120.45000016507935,52.82000058878641],[120.51250002821472,52.82000058253663],[120.57499994836417,52.8200005798893],[120.63749978154586,52.82000061953218],[120.69999965735488,52.820000572018536],[120.76249959652779,52.8200006096267],[120.8249994091337,52.82000060382185],[120.88749927103068,52.8200005922278],[120.94999915723336,52.82000057962606],[120.94999913804445,53.31999958185427],[120.88749928112273,53.31999964269803],[120.82499944644982,53.31999962818912],[120.76249953814386,53.31999956796877],[120.69999962703963,53.319999625894084],[120.63749981060903,53.31999959444338],[120.57499995604215,53.31999960449885],[120.51250000449328,53.319999583825734],[120.45000018361947,53.31999956108963],[120.45000016507935,52.82000058878641]]]}"
00000000000000000253,3840,20,61680.0,14723.3,8384.0,5426.0,294466.0,"{""type"":""Polygon"",""coordinates"":[[[120.94999915723336,52.82000057962606],[121.01249904284433,52.820000570828334],[121.07499890305394,52.82000057067633],[121.13749871314066,52.820000584041644],[121.19999865030958,52.820000647602775],[121.26249852326914,52.82000063337185],[121.32499839077292,52.82000061244179],[121.38749822838486,52.82000058956485],[121.44999821403589,52.82000060074952],[121.44999812891277,53.31999958828154],[121.38749835884693,53.319999617425836],[121.32499842177471,53.319999608390496],[121.2624985458475,53.31999958815779],[121.1999986343949,53.319999587143336],[121.1374987107793,53.319999600731805],[121.07499891850321,53.31999958967491],[121.01249904100614,53.31999961881322],[120.94999913804445,53.31999958185427],[120.94999915723336,52.82000057962606]]]}"
00000000000000000254,3841,17,49884.0,13310.29411764706,10290.0,5396.0,226275.0,"{""type"":""Polygon"",""coordinates"":[[[121.44999821403589,52.82000060074952],[121.51249856043987,52.8200005805336],[121.57499900700489,52.820000602885294],[121.63749944563179,52.820000606356174],[121.69999985223963,52.82000059560402],[121.76250040565422,52.82000060585261],[121.82500076114172,52.820000646326484],[121.88750124950674,52.82000061579306],[121.95000161053157,52.820000589512965],[121.95000159691436,53.31999958302728],[121.88750113552287,53.31999959299785],[121.82500076863094,53.31999956003026],[121.76250036499906,53.319999617285376],[121.69999989576962,53.31999959223897],[121.63749943504861,53.3199996484855],[121.57499907459716,53.31999957817783],[121.51249864836855,53.31999961571435],[121.44999812891277,53.31999958828154],[121.44999821403589,52.82000060074952]]]}"
00000000000000000255,3842,7,14579.0,8729.142857142857,7013.0,5957.0,61104.0,"{""type"":""Polygon"",""coordinates"":[[[121.95000161053157,52.820000589512965],[122.01250149916453,52.82000057785993],[122.07500141640425,52.82000061036244],[122.1375012537043,52.820000626028836],[122.20000110564419,52.8200005937017],[122.26250103436597,52.820000583120446],[122.3250008988384,52.82000063452042],[122.38750082630257,52.82000061518324],[122.4500005575111,52.82000060161197],[122.45000064905841,53.319999630626704],[122.38750075189535,53.31999958020865],[122.32500085734333,53.31999958748469],[122.26250098713908,53.31999964826791],[122.20000110964381,53.31999959062856],[122.13750118111122,53.31999961412717],[122.07500137652474,53.31999957658839],[122.012501565124,53.319999611707026],[121.95000159691436,53.31999958302728],[121.95000161053157,52.820000589512965]]]}"
00000000000000000256,3843,52,31056.0,9215.057692307691,7069.5,5396.0,479183.0,"{""type"":""Polygon"",""coordinates"":[[[122.4500005575111,52.82000060161197],[122.51250059546452,52.82000062013601],[122.57500030516496,52.82000058827681],[122.6375002761298,52.82000059682945],[122.70000007728618,52.8200005926586],[122.76250000809058,52.82000057221192],[122.8249998103858,52.82000061267657],[122.8874998151822,52.820000608558495],[122.94999955973165,52.82000060927437],[122.94999966842904,53.31999958573145],[122.88749977452218,53.31999961719674],[122.82499986110614,53.31999960072007],[122.76250003757956,53.31999959751289],[122.7000001183168,53.3199995750722],[122.63750021252211,53.31999959453959],[122.57500046111204,53.319999615277865],[122.51250047228781,53.3199995753875],[122.45000064905841,53.319999630626704],[122.4500005575111,52.82000060161197]]]}"
00000000000000000257,3844,105,379926.0,14340.314285714287,6961.103448275862,5387.0,1505733.0,"{""type"":""Polygon"",""coordinates"":[[[122.94999955973165,52.82000060927437],[123.01249946179948,52.820000573672836],[123.07499935094795,52.820000643958785],[123.13749926597644,52.82000062142678],[123.19999915421496,52.82000061164453],[123.26249899363405,52.82000061879358],[123.32499887984814,52.82000060985924],[123.38749879088532,52.820000588834006],[123.44999858733728,52.82000059711177],[123.44999865943903,53.31999962430557],[123.38749879913614,53.31999961641492],[123.32499895777445,53.31999962007648],[123.26249894828504,53.31999960408674],[123.1999992074292,53.319999619208524],[123.1374992212715,53.31999964406423],[123.07499945713458,53.319999627592615],[123.0124994901584,53.31999961260529],[122.94999966842904,53.31999958573145],[122.94999955973165,52.82000060927437]]]}"
00000000000000000258,3845,4,12981.0,7863.75,6262.5,5949.0,31455.0,"{""type"":""Polygon"",""coordinates"":[[[123.44999858733728,52.82000059711177],[123.51249901116368,52.82000057987681],[123.57499948291873,52.820000625984655],[123.63749992190209,52.82000057377637],[123.70000036569732,52.820000592824464],[123.76250082183553,52.82000058545402],[123.82500115142835,52.82000059343391],[123.88750165654325,52.820000608807106],[123.95000210975105,52.8200006094594],[123.95000217600997,53.319999616738905],[123.88750165578513,53.31999959560688],[123.82500119908487,53.31999964195041],[123.76250076532313,53.31999958548264],[123.7000003167717,53.31999962724367],[123.63749993241393,53.319999558741294],[123.5749994550263,53.319999618828994],[123.51249908329528,53.319999561127815],[123.44999865943903,53.31999962430557],[123.44999858733728,52.82000059711177]]]}"
00000000000000000259,3846,5,23428.0,12945.8,7053.0,5440.0,64729.0,"{""type"":""Polygon"",""coordinates"":[[[123.95000210975105,52.8200006094594],[124.01250195974845,52.82000058643562],[124.07500180416277,52.82000062094481],[124.13750164991392,52.820000615108306],[124.20000156526044,52.82000063615663],[124.262501439758,52.82000062438788],[124.32500134204388,52.82000064695123],[124.38750127858079,52.8200006057525],[124.4500010843151,52.82000064490023],[124.4500010084834,53.31999960218754],[124.38750116110926,53.31999959582996],[124.32500133587355,53.31999964824433],[124.26250148950265,53.31999958958507],[124.2000015863695,53.31999962123429],[124.13750167427642,53.31999963699195],[124.07500189208918,53.31999959474315],[124.01250190380786,53.319999606292086],[123.95000217600997,53.319999616738905],[123.95000210975105,52.8200006094594]]]}"
0000000000000000025a,3847,1,5990.0,5990.0,5990.0,5990.0,5990.0,"{""type"":""Polygon"",""coordinates"":[[[124.4500010843151,52.82000064490023],[124.51250099952769,52.820000589111444],[124.5750008595744,52.820000582490465],[124.63750076091287,52.82000058993972],[124.70000068308327,52.820000615021115],[124.7625005150934,52.82000059846682],[124.82500032696835,52.820000606856176],[124.8875002151696,52.82000060462288],[124.95000015938211,52.82000059517446],[124.95000010696113,53.31999960451368],[124.88750020474541,53.31999956919856],[124.82500028714294,53.31999958125691],[124.76250049166654,53.31999959791519],[124.70000062769711,53.319999591900206],[124.63750071489838,53.31999955963202],[124.57500074589748,53.319999600154304],[124.512500976978,53.319999631818845],[124.4500010084834,53.31999960218754],[124.4500010843151,52.82000064490023]]]}"
0000000000000000025b,3848,44,295651.0,23728.772727272728,11701.0,5444.0,1044066.0,"{""type"":""Polygon"",""coordinates"":[[[124.95000015938211,52.82000059517446],[125.01250002269951,52.820000621285544],[125.07499981046604,52.820000584680194],[125.13749968482271,52.82000061395711],[125.19999965116725,52.82000061042345],[125.26249936482797,52.820000594329834],[125.32499933834376,52.8200005749686],[125.38749922732144,52.82000057264424],[125.44999901193889,52.820000590921744],[125.4499991280824,53.31999960059242],[125.38749925247564,53.319999611685176],[125.32499944481236,53.319999617073826],[125.26249951331451,53.31999959084313],[125.19999956977375,53.31999959234249],[125.1374997512276,53.31999957845093],[125.07499984048947,53.31999962560745],[125.01250000066138,53.31999958793413],[124.95000010696113,53.31999960451368],[124.95000015938211,52.82000059517446]]]}"
00000000000000000051,2788,43,33967.0,10405.139534883721,8154.0,5415.0,447421.0,"{""type"":""Polygon"",""coordinates"":[[[123.44999864387843,40.81999780807976],[123.51249909199292,40.81999784205548],[123.57499950158166,40.819997816856805],[123.63749996253384,40.8199978397116],[123.7000002966008,40.819997817979626],[123.76250076919492,40.81999780095883],[123.82500124926122,40.81999782449208],[123.8875016258297,40.819997845949004],[123.9500020301096,40.819997814416354],[123.95000206765137,41.32000130344281],[123.88750161888225,41.32000130411235],[123.82500123120137,41.32000126723822],[123.76250083840601,41.320001295262685],[123.70000034693429,41.32000128015028],[123.6374999357049,41.32000131595657],[123.57499951175916,41.320001294553194],[123.51249909759096,41.320001288678434],[123.44999858012149,41.32000126955102],[123.44999864387843,40.81999780807976]]]}"
00000000000000000052,2789,45,37722.0,9802.6,8140.0,5415.0,441117.0,"{""type"":""Polygon"",""coordinates"":[[[123.9500020301096,40.819997814416354],[124.01250191386245,40.81999783311128],[124.07500189342576,40.81999783391663],[124.13750168307035,40.81999783265366],[124.20000156959173,40.819997798059084],[124.26250149077785,40.81999781566445],[124.32500133594546,40.8199978428564],[124.3875012369679,40.8199978275089],[124.45000106390106,40.8199978058826],[124.45000111151418,41.32000126371549],[124.38750122554617,41.32000125438182],[124.32500137805147,41.32000130294871],[124.262501472745,41.32000130273157],[124.20000162038987,41.32000129715334],[124.1375017058129,41.32000125920023],[124.07500181990164,41.320001312222026],[124.01250195585833,41.32000131936413],[123.95000206765137,41.32000130344281],[123.9500020301096,40.819997814416354]]]}"
00000000000000000053,2790,88,27101.0,8755.738636363636,7452.111111111111,5411.0,770505.0,"{""type"":""Polygon"",""coordinates"":[[[124.45000106390106,40.8199978058826],[124.51250092989562,40.819997804422556],[124.57500079275643,40.81999782973181],[124.63750078479764,40.819997828866235],[124.7000006208671,40.81999781880482],[124.76250041477314,40.819997825560606],[124.8250003678461,40.81999784475671],[124.88750021347322,40.81999781474038],[124.95000013491622,40.81999780983634],[124.95000009128196,41.320001256529764],[124.88750022739154,41.32000131322719],[124.82500035631556,41.320001308530685],[124.7625004308991,41.320001266516],[124.7000006311462,41.32000128025642],[124.63750068248609,41.32000130455258],[124.57500080259273,41.32000127238294],[124.5125009255019,41.32000128757949],[124.45000111151418,41.32000126371549],[124.45000106390106,40.8199978058826]]]}"
00000000000000000054,2791,68,34689.0,10146.35294117647,7462.0,5403.0,689952.0,"{""type"":""Polygon"",""coordinates"":[[[124.95000013491622,40.81999780983634],[125.01249993459939,40.819997817645685],[125.0749998143998,40.81999783310288],[125.13749966378562,40.81999781364894],[125.19999966719202,40.819997832622924],[125.26249940135878,40.81999781094426],[125.32499929454502,40.81999780965215],[125.38749914946268,40.81999781661427],[125.44999908200752,40.81999785590224],[125.44999912138304,41.32000127784176],[125.38749922680627,41.32000125538257],[125.32499931889255,41.320001257878445],[125.26249943747258,41.32000127935062],[125.19999955229767,41.32000126453682],[125.13749968568773,41.32000128751618],[125.07499980770214,41.32000129282957],[125.01249995876731,41.320001274346716],[124.95000009128196,41.320001256529764],[124.95000013491622,40.81999780983634]]]}"
00000000000000000066,2884,55,45070.0,10604.690909090908,8073.0,5379.0,583258.0,"{""type"":""Polygon"",""coordinates"":[[[124.45000111151418,41.32000126371549],[124.5125009255019,41.32000128757949],[124.57500080259273,41.32000127238294],[124.63750068248609,41.32000130455258],[124.7000006311462,41.32000128025642],[124.7625004308991,41.320001266516],[124.82500035631556,41.320001308530685],[124.88750022739154,41.32000131322719],[124.95000009128196,41.320001256529764],[124.95000006193911,41.82000031084972],[124.88750022263385,41.82000027103461],[124.82500032939325,41.82000028661719],[124.76250044082438,41.820000270200076],[124.7000005780446,41.82000029672315],[124.63750071080933,41.820000309560136],[124.5750008793986,41.82000030243695],[124.51250096490838,41.82000024908681],[124.45000105844221,41.82000027467198],[124.45000111151418,41.32000126371549]]]}"
00000000000000000067,2885,37,39067.0,10692.243243243243,8767.0,5363.0,395613.0,"{""type"":""Polygon"",""coordinates"":[[[124.95000009128196,41.320001256529764],[125.01249995876731,41.320001274346716],[125.07499980770214,41.32000129282957],[125.13749968568773,41.32000128751618],[125.19999955229767,41.32000126453682],[125.26249943747258,41.32000127935062],[125.32499931889255,41.320001257878445],[125.38749922680627,41.32000125538257],[125.44999912138304,41.32000127784176],[125.44999909804537,41.82000031711334],[125.38749924059857,41.82000026762588],[125.32499935254285,41.820000278511735],[125.26249949072333,41.82000026263112],[125.19999951624969,41.82000027660678],[125.13749971743773,41.820000301985445],[125.07499981366418,41.82000029519878],[125.01250000447224,41.82000026912767],[124.95000006193911,41.82000031084972],[124.95000009128196,41.320001256529764]]]}"
00000000000000000068,2886,98,38879.0,11037.34693877551,8430.861111111111,5362.0,1081660.0,"{""type"":""Polygon"",""coordinates"":[[[125.44999912138304,41.32000127784176],[125.51249898019594,41.32000125109769],[125.57499881678847,41.32000131040681],[125.63749871392739,41.32000127007968],[125.69999859775173,41.32000129630916],[125.7624984459661,41.32000131473598],[125.82499830697854,41.32000129981369],[125.88749821255676,41.32000130604],[125.94999805245202,41.32000129034076],[125.94999808878416,41.82000029393382],[125.88749823384536,41.82000028470673],[125.8249983061956,41.820000286866716],[125.76249843300604,41.82000026290416],[125.69999863553629,41.82000028865799],[125.63749871992493,41.82000029111151],[125.57499888538298,41.82000028240531],[125.51249892125043,41.82000027038833],[125.44999909804537,41.82000031711334],[125.44999912138304,41.32000127784176]]]}"
00000000000000000069,2887,169,140396.0,18318.366863905325,10802.0,5380.0,3095804.0,"{""type"":""Polygon"",""coordinates"":[[[125.94999805245202,41.32000129034076],[126.01249851136745,41.320001295053814],[126.07499898585309,41.3200013054164],[126.13749936559715,41.32000127846095],[126.19999984240172,41.320001285145686],[126.26250030614393,41.32000128235189],[126.32500071819126,41.320001275604945],[126.38750111182972,41.32000131880945],[126.45000155202989,41.3200013050149],[126.45000156723378,41.82000031366538],[126.38750105818127,41.820000284119516],[126.32500067320069,41.82000027797799],[126.26250028857415,41.820000273499424],[126.19999985328138,41.820000297655206],[126.13749942141098,41.82000026363391],[126.07499892579027,41.8200002795782],[126.01249849294578,41.82000030789457],[125.94999808878416,41.82000029393382],[125.94999805245202,41.32000129034076]]]}"
0000000000000000006a,2888,104,232138.0,19739.18269230769,9549.111111111111,5365.0,2052875.0,"{""type"":""Polygon"",""coordinates"":[[[126.95000057083976,41.32000127202421],[127.01250046447026,41.320001306522165],[127.07500035901784,41.32000128738774],[127.13750020240454,41.32000130006412],[127.20000004455977,41.32000131679448],[127.26249993537351,41.320001309612415],[127.3249998375566,41.320001283288704],[127.38749962679135,41.32000127564637],[127.44999951343891,41.32000127300701],[127.44999956602136,41.82000027629561],[127.38749967849498,41.82000031157092],[127.32499976647351,41.82000028510647],[127.262499925956,41.82000032198891],[127.20000004549087,41.82000032115178],[127.1375001616832,41.820000277792474],[127.07500029650444,41.8200002686823],[127.01250048637236,41.8200002890738],[126.95000053263512,41.820000270296696],[126.95000057083976,41.32000127202421]]]}"
0000000000000000006b,2889,535,124991.0,15420.377570093458,10082.52380952381,5363.0,8249902.0,"{""type"":""Polygon"",""coordinates"":[[[127.44999951343891,41.32000127300701],[127.51249946059782,41.32000127991688],[127.57499927101522,41.320001286848374],[127.6374991552496,41.320001279519325],[127.69999907653192,41.32000126241208],[127.76249891124837,41.320001273437896],[127.82499879664702,41.32000125044942],[127.8874986830484,41.320001278419994],[127.94999854714253,41.32000128126859],[127.949998552961,41.820000266155155],[127.88749865333715,41.82000029098003],[127.82499885392902,41.82000028459024],[127.76249894012983,41.82000026278798],[127.69999902221593,41.82000026878729],[127.63749913588674,41.820000298170406],[127.57499933070964,41.82000026495408],[127.5124994528292,41.820000313614074],[127.44999956602136,41.82000027629561],[127.44999951343891,41.32000127300701]]]}"
0000000000000000006c,2890,180,89245.0,15168.922222222222,9737.95,5365.0,2730406.0,"{""type"":""Polygon"",""coordinates"":[[[127.94999854714253,41.32000128126859],[128.01249899550263,41.320001316672005],[128.07499943576107,41.32000130135044],[128.13749990559756,41.32000128651953],[128.20000028217342,41.320001310274655],[128.26250070281915,41.320001309331275],[128.3250011314223,41.32000128784885],[128.38750160639597,41.32000129663174],[128.4500020174638,41.320001293204264],[128.45000199275736,41.820000285282475],[128.38750151557204,41.82000028681539],[128.32500110623445,41.820000268378756],[128.26250071225334,41.82000026044966],[128.20000028106446,41.82000029328972],[128.13749986053315,41.82000028103075],[128.07499947329606,41.82000030122488],[128.01249900496666,41.82000025464165],[127.949998552961,41.820000266155155],[127.94999854714253,41.32000128126859]]]}"
00000000000000000080,2974,44,76970.0,14067.568181818182,8015.0,5325.0,618973.0,"{""type"":""Polygon"",""coordinates"":[[[124.45000105844221,41.82000027467198],[124.51250096490838,41.82000024908681],[124.5750008793986,41.82000030243695],[124.63750071080933,41.820000309560136],[124.7000005780446,41.82000029672315],[124.76250044082438,41.820000270200076],[124.82500032939325,41.82000028661719],[124.88750022263385,41.82000027103461],[124.95000006193911,41.82000031084972],[124.95000011511719,42.31999930920667],[124.88750021666142,42.31999930842956],[124.82500034905725,42.31999928040453],[124.7625004611288,42.31999925035421],[124.70000057273626,42.31999929435104],[124.63750067127091,42.31999927298488],[124.57500084768365,42.31999931340891],[124.51250099959707,42.31999930716772],[124.45000107638072,42.31999927885231],[124.45000105844221,41.82000027467198]]]}"
00000000000000000081,2975,45,56185.0,14761.511111111111,8707.0,5338.0,664268.0,"{""type"":""Polygon"",""coordinates"":[[[124.95000006193911,41.82000031084972],[125.01250000447224,41.82000026912767],[125.07499981366418,41.82000029519878],[125.13749971743773,41.820000301985445],[125.19999951624969,41.82000027660678],[125.26249949072333,41.82000026263112],[125.32499935254285,41.820000278511735],[125.38749924059857,41.82000026762588],[125.44999909804537,41.82000031711334],[125.44999903050437,42.3199992728333],[125.3874991999917,42.319999274003465],[125.32499934354436,42.31999928282636],[125.26249949937348,42.31999929350007],[125.19999954388996,42.319999281283714],[125.13749974919091,42.319999309908425],[125.07499984859014,42.319999253159374],[125.01250000540142,42.31999928875954],[124.95000011511719,42.31999930920667],[124.95000006193911,41.82000031084972]]]}"
00000000000000000082,2976,6,17966.0,8338.333333333334,6686.5,5330.0,50030.0,"{""type"":""Polygon"",""coordinates"":[[[125.44999909804537,41.82000031711334],[125.51249892125043,41.82000027038833],[125.57499888538298,41.82000028240531],[125.63749871992493,41.82000029111151],[125.69999863553629,41.82000028865799],[125.76249843300604,41.82000026290416],[125.8249983061956,41.820000286866716],[125.88749823384536,41.82000028470673],[125.94999808878416,41.82000029393382],[125.94999804078158,42.319999281261275],[125.88749823296921,42.319999264070574],[125.82499834934505,42.319999285834236],[125.76249844461032,42.319999258543795],[125.69999861156892,42.31999930926009],[125.63749867032185,42.319999281825524],[125.57499880362937,42.319999271076426],[125.51249895919172,42.31999930355726],[125.44999903050437,42.3199992728333],[125.44999909804537,41.82000031711334]]]}"
00000000000000000083,2977,26,62031.0,12469.5,8997.0,5321.0,324207.0,"{""type"":""Polygon"",""coordinates"":[[[125.94999808878416,41.82000029393382],[126.01249849294578,41.82000030789457],[126.07499892579027,41.8200002795782],[126.13749942141098,41.82000026363391],[126.19999985328138,41.820000297655206],[126.26250028857415,41.820000273499424],[126.32500067320069,41.82000027797799],[126.38750105818127,41.820000284119516],[126.45000156723378,41.82000031366538],[126.45000156471838,42.31999930550888],[126.38750110562918,42.31999926982056],[126.32500069057372,42.31999931667923],[126.26250022580447,42.31999925909906],[126.19999978875566,42.3199993065006],[126.13749944920308,42.319999288800396],[126.074998975036,42.31999929863198],[126.01249849314542,42.31999929790407],[125.94999804078158,42.319999281261275],[125.94999808878416,41.82000029393382]]]}"
00000000000000000084,2978,63,61864.0,16622.20634920635,10702.0,5326.0,1047199.0,"{""type"":""Polygon"",""coordinates"":[[[126.45000156723378,41.82000031366538],[126.51250144483399,41.82000025756858],[126.5750012828127,41.82000026863899],[126.63750122108995,41.82000028676994],[126.70000106100115,41.82000030097158],[126.76250094217825,41.82000025093764],[126.82500079696635,41.82000030466638],[126.88750070729377,41.82000027130664],[126.95000053263512,41.820000270296696],[126.95000053432383,42.319999298173215],[126.88750069688002,42.31999930637093],[126.82500080732017,42.31999928933323],[126.76250097584877,42.319999291380114],[126.70000107513746,42.319999291613534],[126.63750114149332,42.319999284952964],[126.5750012850156,42.31999931581348],[126.51250139466751,42.31999928034588],[126.45000156471838,42.31999930550888],[126.45000156723378,41.82000031366538]]]}"
00000000000000000085,2979,162,104189.0,18993.14197530864,11361.0,5326.0,3076889.0,"{""type"":""Polygon"",""coordinates"":[[[126.95000053263512,41.820000270296696],[127.01250048637236,41.8200002890738],[127.07500029650444,41.8200002686823],[127.1375001616832,41.820000277792474],[127.20000004549087,41.82000032115178],[127.262499925956,41.82000032198891],[127.32499976647351,41.82000028510647],[127.38749967849498,41.82000031157092],[127.44999956602136,41.82000027629561],[127.44999955102098,42.319999308020634],[127.38749968021543,42.31999930740093],[127.32499981336031,42.31999926746364],[127.26249988229203,42.31999930009338],[127.20000002623227,42.31999928419863],[127.1375001916797,42.319999248973346],[127.07500031016109,42.3199993060072],[127.01250044716136,42.31999928528797],[126.95000053432383,42.319999298173215],[126.95000053263512,41.820000270296696]]]}"
00000000000000000086,2980,432,365511.0,20165.613425925927,9404.444444444445,5322.0,8711545.0,"{""type"":""Polygon"",""coordinates"":[[[127.44999956602136,41.82000027629561],[127.5124994528292,41.820000313614074],[127.57499933070964,41.82000026495408],[127.63749913588674,41.820000298170406],[127.69999902221593,41.82000026878729],[127.76249894012983,41.82000026278798],[127.82499885392902,41.82000028459024],[127.88749865333715,41.82000029098003],[127.949998552961,41.820000266155155],[127.94999852754393,42.31999926208443],[127.88749867113721,42.31999926514333],[127.82499886576244,42.31999929287723],[127.76249890656275,42.31999927863653],[127.69999906824808,42.31999928046736],[127.63749922152472,42.3199992799641],[127.57499931244463,42.319999306853106],[127.51249939021201,42.31999927391264],[127.44999955102098,42.319999308020634],[127.44999956602136,41.82000027629561]]]}"
00000000000000000087,2981,369,286948.0,18406.162601626016,11084.84375,4820.0,6791874.0,"{""type"":""Polygon"",""coordinates"":[[[127.949998552961,41.820000266155155],[128.01249900496666,41.82000025464165],[128.07499947329606,41.82000030122488],[128.13749986053315,41.82000028103075],[128.20000028106446,41.82000029328972],[128.26250071225334,41.82000026044966],[128.32500110623445,41.820000268378756],[128.38750151557204,41.82000028681539],[128.45000199275736,41.820000285282475],[128.45000202060885,42.31999929021349],[128.38750153067426,42.319999292892014],[128.32500115768033,42.31999929588751],[128.2625007712473,42.31999928236139],[128.2000003171445,42.319999283046],[128.13749982983242,42.31999929375946],[128.07499943263784,42.319999275727405],[128.0124989825903,42.31999929416949],[127.94999852754393,42.31999926208443],[127.949998552961,41.820000266155155]]]}"
00000000000000000088,2982,102,136836.0,18944.323529411766,11201.5,5323.0,1932321.0,"{""type"":""Polygon"",""coordinates"":[[[128.45000199275736,41.820000285282475],[128.51250192619528,41.82000026479996],[128.57500176963325,41.820000267745975],[128.63750165127146,41.82000031057458],[128.7000014724664,41.8200002684504],[128.7625014253409,41.82000028610734],[128.82500123641904,41.8200003083851],[128.88750112153102,41.8200003162284],[128.9500009700209,41.82000026655007],[128.95000103464386,42.319999252445506],[128.88750114498654,42.31999930070406],[128.82500127625437,42.319999309895934],[128.76250137405972,42.3199993117432],[128.70000147237016,42.31999930247474],[128.63750160521403,42.319999278356335],[128.57500171816375,42.31999927083569],[128.5125018452608,42.31999927605996],[128.45000202060885,42.31999929021349],[128.45000199275736,41.820000285282475]]]}"
0000000000000000009c,3055,10,15253.0,8414.2,7304.5,5304.0,84142.0,"{""type"":""Polygon"",""coordinates"":[[[124.45000107638072,42.31999927885231],[124.51250099959707,42.31999930716772],[124.57500084768365,42.31999931340891],[124.63750067127091,42.31999927298488],[124.70000057273626,42.31999929435104],[124.7625004611288,42.31999925035421],[124.82500034905725,42.31999928040453],[124.88750021666142,42.31999930842956],[124.95000011511719,42.31999930920667],[124.95000010849016,42.81999825246755],[124.88750021863821,42.819998276573735],[124.82500034047885,42.81999829707081],[124.76250051217562,42.819998308053236],[124.7000006087756,42.819998283502244],[124.63750074057782,42.81999826901233],[124.57500085453567,42.819998290040154],[124.51250091753603,42.819998288603145],[124.45000113131373,42.81999827911269],[124.45000107638072,42.31999927885231]]]}"
0000000000000000009d,3056,23,47190.0,10886.652173913044,8614.0,5300.0,250393.0,"{""type"":""Polygon"",""coordinates"":[[[124.95000011511719,42.31999930920667],[125.01250000540142,42.31999928875954],[125.07499984859014,42.319999253159374],[125.13749974919091,42.319999309908425],[125.19999954388996,42.319999281283714],[125.26249949937348,42.31999929350007],[125.32499934354436,42.31999928282636],[125.3874991999917,42.319999274003465],[125.44999903050437,42.3199992728333],[125.44999912839401,42.81999830131358],[125.38749921291284,42.819998289616954],[125.32499935372289,42.819998275882874],[125.26249949698119,42.819998286735945],[125.19999960748535,42.819998265223546],[125.13749970420163,42.81999828890624],[125.07499984348328,42.81999826867176],[125.0124999529743,42.819998314027146],[124.95000010849016,42.81999825246755],[124.95000011511719,42.31999930920667]]]}"
0000000000000000009e,3057,1,9301.0,9301.0,9301.0,9301.0,9301.0,"{""type"":""Polygon"",""coordinates"":[[[125.44999903050437,42.3199992728333],[125.51249895919172,42.31999930355726],[125.57499880362937,42.319999271076426],[125.63749867032185,42.319999281825524],[125.69999861156892,42.31999930926009],[125.76249844461032,42.319999258543795],[125.82499834934505,42.319999285834236],[125.88749823296921,42.319999264070574],[125.94999804078158,42.319999281261275],[125.94999802799597,42.8199982753268],[125.88749819503481,42.819998289111],[125.82499830460097,42.81999827996844],[125.76249846684733,42.819998293218276],[125.69999855406627,42.81999830534301],[125.6374986941601,42.8199982782193],[125.57499890621888,42.81999828993121],[125.51249898989929,42.819998265522834],[125.44999912839401,42.81999830131358],[125.44999903050437,42.3199992728333]]]}"
0000000000000000009f,3058,19,21192.0,10645.473684210527,9307.0,5961.0,202264.0,"{""type"":""Polygon"",""coordinates"":[[[125.94999804078158,42.319999281261275],[126.01249849314542,42.31999929790407],[126.074998975036,42.31999929863198],[126.13749944920308,42.319999288800396],[126.19999978875566,42.3199993065006],[126.26250022580447,42.31999925909906],[126.32500069057372,42.31999931667923],[126.38750110562918,42.31999926982056],[126.45000156471838,42.31999930550888],[126.45000155064422,42.81999826775693],[126.387501128846,42.81999828465365],[126.3250007059175,42.819998271070176],[126.2625003012669,42.81999830549591],[126.19999980268047,42.81999828205096],[126.13749939441799,42.819998296332486],[126.0749989477758,42.81999832584509],[126.01249851612528,42.8199982817929],[125.94999802799597,42.8199982753268],[125.94999804078158,42.319999281261275]]]}"
000000000000000000a0,3059,159,84058.0,15105.006289308176,9255.4,5280.0,2401696.0,"{""type"":""Polygon"",""coordinates"":[[[126.45000156471838,42.31999930550888],[126.51250139466751,42.31999928034588],[126.5750012850156,42.31999931581348],[126.63750114149332,42.319999284952964],[126.70000107513746,42.319999291613534],[126.76250097584877,42.319999291380114],[126.82500080732017,42.31999928933323],[126.88750069688002,42.31999930637093],[126.95000053432383,42.319999298173215],[126.95000055053035,42.81999829193915],[126.8875006887663,42.81999825178338],[126.82500078117683,42.819998288003895],[126.76250096899834,42.8199982783849],[126.70000110662221,42.81999828563371],[126.6375012294517,42.81999830480182],[126.57500129843136,42.819998280897764],[126.51250142383913,42.81999825902807],[126.45000155064422,42.81999826775693],[126.45000156471838,42.31999930550888]]]}"
000000000000000000a1,3060,120,102271.0,14657.991666666667,9908.5,5280.0,1758959.0,"{""type"":""Polygon"",""coordinates"":[[[126.95000053432383,42.319999298173215],[127.01250044716136,42.31999928528797],[127.07500031016109,42.3199993060072],[127.1375001916797,42.319999248973346],[127.20000002623227,42.31999928419863],[127.26249988229203,42.31999930009338],[127.32499981336031,42.31999926746364],[127.38749968021543,42.31999930740093],[127.44999955102098,42.319999308020634],[127.44999956390451,42.819998282565805],[127.38749974565236,42.819998291356626],[127.3249997978617,42.819998262243544],[127.26249990643389,42.819998289413434],[127.2000001207476,42.819998284777284],[127.137500129359,42.81999829676299],[127.0750003135718,42.81999826784422],[127.0125004372233,42.819998295720296],[126.95000055053035,42.81999829193915],[126.95000053432383,42.319999298173215]]]}"
000000000000000000a2,3061,211,154276.0,18912.023696682463,10719.6,4777.0,3990437.0,"{""type"":""Polygon"",""coordinates"":[[[127.44999955102098,42.319999308020634],[127.51249939021201,42.31999927391264],[127.57499931244463,42.319999306853106],[127.63749922152472,42.3199992799641],[127.69999906824808,42.31999928046736],[127.76249890656275,42.31999927863653],[127.82499886576244,42.31999929287723],[127.88749867113721,42.31999926514333],[127.94999852754393,42.31999926208443],[127.94999858264184,42.81999829374799],[127.88749862785983,42.819998275188254],[127.82499876691195,42.81999829708434],[127.76249895751245,42.81999830643778],[127.69999906773161,42.8199982847602],[127.63749920799935,42.81999827675677],[127.57499932244426,42.81999831276992],[127.51249945959347,42.819998304666186],[127.44999956390451,42.819998282565805],[127.44999955102098,42.319999308020634]]]}"
000000000000000000a3,3062,270,177675.0,16206.97037037037,9609.25,4879.0,4375882.0,"{""type"":""Polygon"",""coordinates"":[[[127.94999852754393,42.31999926208443],[128.0124989825903,42.31999929416949],[128.07499943263784,42.319999275727405],[128.13749982983242,42.31999929375946],[128.2000003171445,42.319999283046],[128.2625007712473,42.31999928236139],[128.32500115768033,42.31999929588751],[128.38750153067426,42.319999292892014],[128.45000202060885,42.31999929021349],[128.4500019963774,42.81999831381192],[128.38750159581974,42.81999826530758],[128.32500118604682,42.81999830223835],[128.26250073633878,42.81999828827104],[128.20000026757057,42.81999830323937],[128.13749982647386,42.81999825930192],[128.07499942056532,42.81999832018078],[128.01249894357406,42.81999830050272],[127.94999858264184,42.81999829374799],[127.94999852754393,42.31999926208443]]]}"
000000000000000000a4,3063,192,136895.0,21495.34375,11246.2,5278.0,4127106.0,"{""type"":""Polygon"",""coordinates"":[[[128.45000202060885,42.31999929021349],[128.5125018452608,42.31999927605996],[128.57500171816375,42.31999927083569],[128.63750160521403,42.319999278356335],[128.70000147237016,42.31999930247474],[128.76250137405972,42.3199993117432],[128.82500127625437,42.319999309895934],[128.88750114498654,42.31999930070406],[128.95000103464386,42.319999252445506],[128.95000094687512,42.81999827685303],[128.88750118429908,42.81999828704238],[128.82500124787785,42.819998294506156],[128.76250142717905,42.81999827177641],[128.70000157648084,42.81999828695331],[128.63750165152155,42.81999828807442],[128.57500176292393,42.819998319559446],[128.51250195630047,42.81999829385936],[128.4500019963774,42.81999831381192],[128.45000202060885,42.31999929021349]]]}"
000000000000000000a5,3064,24,33810.0,12229.791666666666,8959.0,5301.0,293515.0,"{""type"":""Polygon"",""coordinates"":[[[128.95000103464386,42.319999252445506],[129.01250089995582,42.3199992516479],[129.07500079559154,42.31999926636369],[129.137500687946,42.31999930014739],[129.2000005544312,42.319999273692645],[129.26250035036347,42.31999927350896],[129.32500029577847,42.31999927842702],[129.3875001918577,42.31999928062883],[129.4500000051634,42.319999283656536],[129.4500000011691,42.81999830176406],[129.38750010602163,42.81999826910953],[129.32500027611405,42.819998296480584],[129.26250038754796,42.81999828540944],[129.200000551278,42.81999828014314],[129.13750063283405,42.81999826584462],[129.07500074300418,42.81999828675183],[129.01250083668256,42.81999829159487],[128.95000094687512,42.81999827685303],[128.95000103464386,42.319999252445506]]]}"
000000000000000000a6,3065,22,24516.0,9503.818181818182,7281.0,5291.0,209084.0,"{""type"":""Polygon"",""coordinates"":[[[129.4500000051634,42.319999283656536],[129.51249986783247,42.31999930180694],[129.5749997569075,42.319999255391934],[129.63749961859872,42.31999931356592],[129.6999995280192,42.319999277469],[129.76249935395137,42.31999926956475],[129.82499922909545,42.31999930335649],[129.887499130277,42.319999298935514],[129.9499990243502,42.3199992593792],[129.9499990680198,42.81999827890745],[129.8874990648419,42.81999828132204],[129.82499930211196,42.819998268663696],[129.76249938810008,42.819998254588505],[129.6999995227059,42.81999824619707],[129.63749964934289,42.819998277227754],[129.5749997217143,42.81999829718074],[129.51249986131077,42.81999826620177],[129.4500000011691,42.81999830176406],[129.4500000051634,42.319999283656536]]]}"
000000000000000000b7,3124,0,,,,,0.0,"{""type"":""Polygon"",""coordinates"":[[[124.45000113131373,42.81999827911269],[124.51250091753603,42.819998288603145],[124.57500085453567,42.819998290040154],[124.63750074057782,42.81999826901233],[124.7000006087756,42.819998283502244],[124.76250051217562,42.819998308053236],[124.82500034047885,42.81999829707081],[124.88750021863821,42.819998276573735],[124.95000010849016,42.81999825246755],[124.95000009658003,43.32000177551743],[124.8875001688554,43.32000174913114],[124.82500040324764,43.32000175703071],[124.76250050641063,43.32000175321804],[124.70000058850424,43.320001783904175],[124.63750070685283,43.320001758852484],[124.57500087916314,43.32000175650401],[124.51250097808853,43.32000175026818],[124.45000104149044,43.32000173398882],[124.45000113131373,42.81999827911269]]]}"
000000000000000000b8,3125,0,,,,,0.0,"{""type"":""Polygon"",""coordinates"":[[[124.95000010849016,42.81999825246755],[125.0124999529743,42.819998314027146],[125.07499984348328,42.81999826867176],[125.13749970420163,42.81999828890624],[125.19999960748535,42.819998265223546],[125.26249949698119,42.819998286735945],[125.32499935372289,42.819998275882874],[125.38749921291284,42.819998289616954],[125.44999912839401,42.81999830131358],[125.44999911873754,43.320001735090074],[125.38749927337997,43.32000175680341],[125.32499931453377,43.320001773767714],[125.26249946335194,43.32000171507532],[125.19999955319761,43.32000172479525],[125.13749971283735,43.32000176476731],[125.07499983250963,43.32000172544939],[125.01250000331093,43.32000173753389],[124.95000009658003,43.32000177551743],[124.95000010849016,42.81999825246755]]]}"
000000000000000000b9,3126,8,7896.0,6405.625,6241.5,5258.0,51245.0,"{""type"":""Polygon"",""coordinates"":[[[125.44999912839401,42.81999830131358],[125.51249898989929,42.819998265522834],[125.57499890621888,42.81999828993121],[125.6374986941601,42.8199982782193],[125.69999855406627,42.81999830534301],[125.76249846684733,42.819998293218276],[125.82499830460097,42.81999827996844],[125.88749819503481,42.819998289111],[125.94999802799597,42.8199982753268],[125.94999809197736,43.32000177995479],[125.88749822666534,43.32000173560511],[125.82499838362101,43.32000173433404],[125.76249843217217,43.32000175261085],[125.69999859236094,43.3200017188589],[125.63749869799443,43.320001778420604],[125.57499882118013,43.32000175685215],[125.51249898008305,43.320001733271056],[125.44999911873754,43.320001735090074],[125.44999912839401,42.81999830131358]]]}"
000000000000000000ba,3127,6,33419.0,12138.333333333334,6910.0,5244.0,72830.0,"{""type"":""Polygon"",""coordinates"":[[[125.94999802799597,42.8199982753268],[126.01249851612528,42.8199982817929],[126.0749989477758,42.81999832584509],[126.13749939441799,42.819998296332486],[126.19999980268047,42.81999828205096],[126.2625003012669,42.81999830549591],[126.3250007059175,42.819998271070176],[126.387501128846,42.81999828465365],[126.45000155064422,42.81999826775693],[126.45000156437747,43.32000176974707],[126.38750106685927,43.32000175120609],[126.32500065950158,43.32000176617635],[126.26250030228579,43.32000175890779],[126.19999977190587,43.32000174058749],[126.13749943708991,43.32000174100779],[126.07499890791138,43.32000175350303],[126.01249847836337,43.32000175702908],[125.94999809197736,43.32000177995479],[125.94999802799597,42.8199982753268]]]}"
000000000000000000bb,3128,16,24262.0,9717.375,6559.5,5243.0,155478.0,"{""type"":""Polygon"",""coordinates"":[[[126.45000155064422,42.81999826775693],[126.51250142383913,42.81999825902807],[126.57500129843136,42.819998280897764],[126.6375012294517,42.81999830480182],[126.70000110662221,42.81999828563371],[126.76250096899834,42.8199982783849],[126.82500078117683,42.819998288003895],[126.8875006887663,42.81999825178338],[126.95000055053035,42.81999829193915],[126.95000055523616,43.32000176798439],[126.8875006760898,43.320001741735524],[126.82500079251369,43.32000172025549],[126.76250092301477,43.32000178355271],[126.70000105835996,43.32000170698404],[126.6375011852131,43.320001739828264],[126.57500127874862,43.32000174191626],[126.5125014492,43.32000175911625],[126.45000156437747,43.32000176974707],[126.45000155064422,42.81999826775693]]]}"
000000000000000000bc,3129,19,60478.0,11349.052631578947,7234.0,5237.0,215632.0,"{""type"":""Polygon"",""coordinates"":[[[126.95000055053035,42.81999829193915],[127.0125004372233,42.819998295720296],[127.0750003135718,42.81999826784422],[127.137500129359,42.81999829676299],[127.2000001207476,42.819998284777284],[127.26249990643389,42.819998289413434],[127.3249997978617,42.819998262243544],[127.38749974565236,42.819998291356626],[127.44999956390451,42.819998282565805],[127.44999958157652,43.320001728944966],[127.38749964501237,43.32000176212655],[127.32499987247486,43.320001748072016],[127.26249994758727,43.32000173671348],[127.20000007201068,43.320001738818526],[127.13750011210851,43.32000173438392],[127.07500026958023,43.320001734498994],[127.0125004110457,43.32000171899243],[126.95000055523616,43.32000176798439],[126.95000055053035,42.81999829193915]]]}"
000000000000000000bd,3130,174,150101.0,18969.293103448275,10886.357142857143,5246.0,3300657.0,"{""type"":""Polygon"",""coordinates"":[[[127.44999956390451,42.819998282565805],[127.51249945959347,42.819998304666186],[127.57499932244426,42.81999831276992],[127.63749920799935,42.81999827675677],[127.69999906773161,42.8199982847602],[127.76249895751245,42.81999830643778],[127.82499876691195,42.81999829708434],[127.88749862785983,42.819998275188254],[127.94999858264184,42.81999829374799],[127.94999855268368,43.32000173889146],[127.8874987272689,43.32000175809213],[127.82499879704358,43.32000176397929],[127.76249896355277,43.32000176664241],[127.69999909209957,43.32000174760864],[127.63749912511884,43.32000173770035],[127.57499926410458,43.32000174728899],[127.51249937461535,43.32000175744662],[127.44999958157652,43.320001728944966],[127.44999956390451,42.819998282565805]]]}"
000000000000000000be,3131,257,134751.0,13823.221789883268,8557.3125,5246.0,3552568.0,"{""type"":""Polygon"",""coordinates"":[[[127.94999858264184,42.81999829374799],[128.01249894357406,42.81999830050272],[128.07499942056532,42.81999832018078],[128.13749982647386,42.81999825930192],[128.20000026757057,42.81999830323937],[128.26250073633878,42.81999828827104],[128.32500118604682,42.81999830223835],[128.38750159581974,42.81999826530758],[128.4500019963774,42.81999831381192],[128.45000199871745,43.32000175568978],[128.38750156000796,43.32000173808664],[128.32500118006695,43.320001730109816],[128.26250072314258,43.320001714634884],[128.20000029980494,43.320001736877195],[128.13749986527415,43.32000174373106],[128.07499945262464,43.32000173124791],[128.01249900406228,43.32000173099258],[127.94999855268368,43.32000173889146],[127.94999858264184,42.81999829374799]]]}"
000000000000000000bf,3132,61,122929.0,14239.245901639344,7897.0,5248.0,868594.0,"{""type"":""Polygon"",""coordinates"":[[[128.4500019963774,42.81999831381192],[128.51250195630047,42.81999829385936],[128.57500176292393,42.819998319559446],[128.63750165152155,42.81999828807442],[128.70000157648084,42.81999828695331],[128.76250142717905,42.81999827177641],[128.82500124787785,42.819998294506156],[128.88750118429908,42.81999828704238],[128.95000094687512,42.81999827685303],[128.95000102662584,43.32000177523192],[128.88750117677085,43.32000174808764],[128.82500129428047,43.32000177349689],[128.76250142340226,43.32000176287866],[128.70000150615465,43.32000174889464],[128.6375016532324,43.320001776676506],[128.57500174069276,43.32000174494992],[128.51250195747122,43.32000174780733],[128.45000199871745,43.32000175568978],[128.4500019963774,42.81999831381192]]]}"
000000000000000000c0,3133,33,58431.0,13636.939393939394,8529.0,5241.0,450019.0,"{""type"":""Polygon"",""coordinates"":[[[128.95000094687512,42.81999827685303],[129.01250083668256,42.81999829159487],[129.07500074300418,42.81999828675183],[129.13750063283405,42.81999826584462],[129.200000551278,42.81999828014314],[129.26250038754796,42.81999828540944],[129.32500027611405,42.819998296480584],[129.38750010602163,42.81999826910953],[129.4500000011691,42.81999830176406],[129.4500000914601,43.32000175664807],[129.38750013462425,43.32000172192963],[129.32500031766187,43.320001753377134],[129.26250034490118,43.32000174009413],[129.20000049664912,43.320001738358386],[129.1375006356986,43.3200017334233],[129.07500079413123,43.32000172191374],[129.0125009137491,43.32000173701778],[128.95000102662584,43.32000177523192],[128.95000094687512,42.81999827685303]]]}"
000000000000000000c1,3134,15,17700.0,8704.933333333332,7254.0,5239.0,130574.0,"{""type"":""Polygon"",""coordinates"":[[[129.4500000011691,42.81999830176406],[129.51249986131077,42.81999826620177],[129.5749997217143,42.81999829718074],[129.63749964934289,42.819998277227754],[129.6999995227059,42.81999824619707],[129.76249938810008,42.819998254588505],[129.82499930211196,42.819998268663696],[129.8874990648419,42.81999828132204],[129.9499990680198,42.81999827890745],[129.94999897060046,43.32000174352964],[129.887499119499,43.320001759626145],[129.82499925547083,43.32000174418024],[129.76249939997294,43.3200017793111],[129.699999515074,43.32000172911763],[129.63749961189077,43.32000176068117],[129.57499982225443,43.3200017487083],[129.51249982863075,43.32000175349261],[129.4500000914601,43.32000175664807],[129.4500000011691,42.81999830176406]]]}"
000000000000000000c2,3135,99,104691.0,14170.787878787878,8533.2,5236.0,1402908.0,"{""type"":""Polygon"",""coordinates"":[[[129.9499990680198,42.81999827890745],[130.01249885539744,42.81999828130735],[130.07499881885875,42.819998274313015],[130.13749866997918,42.819998288115464],[130.19999846526022,42.81999828859785],[130.2624983404579,42.81999828814555],[130.32499826362437,42.81999828943827],[130.3874982028561,42.81999829518887],[130.4499980466879,42.81999826159263],[130.4499980479764,43.320001774729334],[130.38749817164893,43.320001738328344],[130.32499828194395,43.32000175015709],[130.2624984190307,43.32000172237752],[130.19999851537113,43.32000177526389],[130.1374986207982,43.32000173572219],[130.0749987478124,43.320001771261296],[130.01249885714438,43.32000174645187],[129.94999897060046,43.32000174352964],[129.9499990680198,42.81999827890745]]]}"
000000000000000000c3,3136,75,352702.0,22924.653333333332,9184.75,5239.0,1719349.0,"{""type"":""Polygon"",""coordinates"":[[[130.4499980466879,42.81999826159263],[130.51249842637438,42.81999831122338],[130.5749989033713,42.81999829755462],[130.63749926926585,42.8199982985294],[130.69999974860198,42.81999828772769],[130.7625002215714,42.81999830536789],[130.82500057660357,42.81999830782541],[130.8875010381865,42.81999826802334],[130.95000147885344,42.81999831042008],[130.950001474037,43.320001720728236],[130.88750105920332,43.32000171825925],[130.8250006429982,43.32000175404513],[130.76250017519692,43.3200017788747],[130.6999997759191,43.32000175193481],[130.63749929780158,43.320001747383614],[130.57499886099822,43.32000172440642],[130.51249848782047,43.32000176574853],[130.4499980479764,43.320001774729334],[130.4499980466879,42.81999826159263]]]}"
000000000000000000dc,3194,1,7182.0,7182.0,7182.0,7182.0,7182.0,"{""type"":""Polygon"",""coordinates"":[[[124.95000009658003,43.32000177551743],[125.01250000331093,43.32000173753389],[125.07499983250963,43.32000172544939],[125.13749971283735,43.32000176476731],[125.19999955319761,43.32000172479525],[125.26249946335194,43.32000171507532],[125.32499931453377,43.320001773767714],[125.38749927337997,43.32000175680341],[125.44999911873754,43.320001735090074],[125.44999903904576,43.820000746441494],[125.38749926199571,43.820000734068046],[125.32499936989224,43.820000727318465],[125.26249947274907,43.82000077300943],[125.19999955108297,43.820000727662695],[125.13749969595025,43.82000072377554],[125.07499977560612,43.82000073608362],[125.01249991952446,43.82000072616986],[124.95000007038931,43.82000072121559],[124.95000009658003,43.32000177551743]]]}"
000000000000000000dd,3195,4,29442.0,16350.5,15363.0,5234.0,65402.0,"{""type"":""Polygon"",""coordinates"":[[[125.44999911873754,43.320001735090074],[125.51249898008305,43.320001733271056],[125.57499882118013,43.32000175685215],[125.63749869799443,43.320001778420604],[125.69999859236094,43.3200017188589],[125.76249843217217,43.32000175261085],[125.82499838362101,43.32000173433404],[125.88749822666534,43.32000173560511],[125.94999809197736,43.32000177995479],[125.94999809696787,43.82000077071811],[125.88749821923855,43.82000078641943],[125.82499839181777,43.8200007690035],[125.76249846346562,43.82000078046537],[125.69999865552462,43.820000748504825],[125.63749872360772,43.82000076831327],[125.5749988892571,43.82000076774035],[125.5124989266054,43.82000075593474],[125.44999903904576,43.820000746441494],[125.44999911873754,43.320001735090074]]]}"
000000000000000000de,3196,16,35167.0,11439.0,8467.5,5207.0,183024.0,"{""type"":""Polygon"",""coordinates"":[[[125.94999809197736,43.32000177995479],[126.01249847836337,43.32000175702908],[126.07499890791138,43.32000175350303],[126.13749943708991,43.32000174100779],[126.19999977190587,43.32000174058749],[126.26250030228579,43.32000175890779],[126.32500065950158,43.32000176617635],[126.38750106685927,43.32000175120609],[126.45000156437747,43.32000176974707],[126.45000150505506,43.820000758248995],[126.3875011241514,43.820000719098964],[126.32500076163404,43.820000755607616],[126.26250029990284,43.82000075974245],[126.19999984921755,43.8200007780437],[126.13749936836948,43.82000075388241],[126.0749989675992,43.820000733990916],[126.01249858841331,43.82000074732254],[125.94999809696787,43.82000077071811],[125.94999809197736,43.32000177995479]]]}"
000000000000000000df,3197,30,38556.0,12360.666666666666,7837.5,5196.0,370820.0,"{""type"":""Polygon"",""coordinates"":[[[126.45000156437747,43.32000176974707],[126.5125014492,43.32000175911625],[126.57500127874862,43.32000174191626],[126.6375011852131,43.320001739828264],[126.70000105835996,43.32000170698404],[126.76250092301477,43.32000178355271],[126.82500079251369,43.32000172025549],[126.8875006760898,43.320001741735524],[126.95000055523616,43.32000176798439],[126.950000629626,43.82000075664355],[126.88750065236523,43.82000074218391],[126.82500086985537,43.820000754886664],[126.76250097717491,43.82000075746437],[126.7000010081766,43.82000074505417],[126.63750116585041,43.820000729642764],[126.57500129848057,43.82000077559315],[126.51250138031786,43.82000074104505],[126.45000150505506,43.820000758248995],[126.45000156437747,43.32000176974707]]]}"
000000000000000000e0,3198,21,18903.0,9494.333333333334,7829.0,5212.0,199381.0,"{""type"":""Polygon"",""coordinates"":[[[126.95000055523616,43.32000176798439],[127.0125004110457,43.32000171899243],[127.07500026958023,43.320001734498994],[127.13750011210851,43.32000173438392],[127.20000007201068,43.320001738818526],[127.26249994758727,43.32000173671348],[127.32499987247486,43.320001748072016],[127.38749964501237,43.32000176212655],[127.44999958157652,43.320001728944966],[127.4499995262485,43.82000074438397],[127.3874996382637,43.82000074483371],[127.3249997712699,43.820000772546436],[127.26249997343625,43.820000737439116],[127.20000000078849,43.82000074049495],[127.137500148491,43.820000757787646],[127.07500028024931,43.82000076922447],[127.01250042946832,43.82000077032427],[126.950000629626,43.82000075664355],[126.95000055523616,43.32000176798439]]]}"
000000000000000000e1,3199,155,87530.0,16365.85806451613,9794.714285714286,5197.0,2536708.0,"{""type"":""Polygon"",""coordinates"":[[[127.44999958157652,43.320001728944966],[127.51249937461535,43.32000175744662],[127.57499926410458,43.32000174728899],[127.63749912511884,43.32000173770035],[127.69999909209957,43.32000174760864],[127.76249896355277,43.32000176664241],[127.82499879704358,43.32000176397929],[127.8874987272689,43.32000175809213],[127.94999855268368,43.32000173889146],[127.94999854719889,43.82000071822882],[127.88749865808956,43.8200007388565],[127.82499880439372,43.82000071347879],[127.76249891244315,43.820000759707106],[127.69999912110286,43.8200007519176],[127.63749910884798,43.82000074245627],[127.57499924833307,43.82000075661778],[127.51249940234015,43.82000077549227],[127.4499995262485,43.82000074438397],[127.44999958157652,43.320001728944966]]]}"
000000000000000000e2,3200,12,24784.0,11894.5,9456.5,5865.0,142734.0,"{""type"":""Polygon"",""coordinates"":[[[127.94999855268368,43.32000173889146],[128.01249900406228,43.32000173099258],[128.07499945262464,43.32000173124791],[128.13749986527415,43.32000174373106],[128.20000029980494,43.320001736877195],[128.26250072314258,43.320001714634884],[128.32500118006695,43.320001730109816],[128.38750156000796,43.32000173808664],[128.45000199871745,43.32000175568978],[128.45000198631513,43.82000074785912],[128.38750155100553,43.82000075286066],[128.32500115511985,43.82000071983146],[128.26250072571534,43.820000767277776],[128.20000022945257,43.820000755553195],[128.13749985561546,43.82000078048505],[128.0749994795454,43.82000073859056],[128.01249902805773,43.82000074784143],[127.94999854719889,43.82000071822882],[127.94999855268368,43.32000173889146]]]}"
000000000000000000e3,3201,20,30639.0,11744.6,9137.5,5228.0,234892.0,"{""type"":""Polygon"",""coordinates"":[[[128.45000199871745,43.32000175568978],[128.51250195747122,43.32000174780733],[128.57500174069276,43.32000174494992],[128.6375016532324,43.320001776676506],[128.70000150615465,43.32000174889464],[128.76250142340226,43.32000176287866],[128.82500129428047,43.32000177349689],[128.88750117677085,43.32000174808764],[128.95000102662584,43.32000177523192],[128.9500010103028,43.82000077347444],[128.88750109223793,43.82000074865593],[128.82500130065367,43.82000074076328],[128.7625014046333,43.82000077075127],[128.7000014481092,43.820000748868885],[128.63750162120178,43.82000077030956],[128.57500179739415,43.8200007328184],[128.51250190425205,43.82000075526225],[128.45000198631513,43.82000074785912],[128.45000199871745,43.32000175568978]]]}"
000000000000000000e4,3202,82,61466.0,12532.926829268292,8472.333333333334,5194.0,1027700.0,"{""type"":""Polygon"",""coordinates"":[[[128.95000102662584,43.32000177523192],[129.0125009137491,43.32000173701778],[129.07500079413123,43.32000172191374],[129.1375006356986,43.3200017334233],[129.20000049664912,43.320001738358386],[129.26250034490118,43.32000174009413],[129.32500031766187,43.320001753377134],[129.38750013462425,43.32000172192963],[129.4500000914601,43.32000175664807],[129.45000001598768,43.82000072748066],[129.3875000891633,43.820000743594676],[129.32500022077934,43.820000728467924],[129.26250043077818,43.82000076514791],[129.20000059043676,43.82000075279351],[129.13750063992646,43.82000072516779],[129.07500077000464,43.82000077678355],[129.01250086428306,43.82000072027894],[128.9500010103028,43.82000077347444],[128.95000102662584,43.32000177523192]]]}"
000000000000000000e5,3203,53,24087.0,9159.547169811322,8460.0,5202.0,485456.0,"{""type"":""Polygon"",""coordinates"":[[[129.4500000914601,43.32000175664807],[129.51249982863075,43.32000175349261],[129.57499982225443,43.3200017487083],[129.63749961189077,43.32000176068117],[129.699999515074,43.32000172911763],[129.76249939997294,43.3200017793111],[129.82499925547083,43.32000174418024],[129.887499119499,43.320001759626145],[129.94999897060046,43.32000174352964],[129.94999899197873,43.82000074585658],[129.8874991302686,43.820000733650886],[129.82499925085077,43.82000072537511],[129.76249938447634,43.82000071809674],[129.6999994710035,43.82000074663329],[129.63749963213365,43.820000770266034],[129.57499981844143,43.82000073761179],[129.51249987897643,43.82000072072817],[129.45000001598768,43.82000072748066],[129.4500000914601,43.32000175664807]]]}"
000000000000000000e6,3204,169,82308.0,13994.514792899408,9790.714285714286,5201.0,2365073.0,"{""type"":""Polygon"",""coordinates"":[[[129.94999897060046,43.32000174352964],[130.01249885714438,43.32000174645187],[130.0749987478124,43.320001771261296],[130.1374986207982,43.32000173572219],[130.19999851537113,43.32000177526389],[130.2624984190307,43.32000172237752],[130.32499828194395,43.32000175015709],[130.38749817164893,43.320001738328344],[130.4499980479764,43.320001774729334],[130.44999804084424,43.82000076292358],[130.38749811121096,43.82000075874012],[130.3249982721989,43.82000071386977],[130.26249845445898,43.820000750415105],[130.1999985258584,43.820000769875776],[130.13749860764165,43.82000073114713],[130.07499880182542,43.820000765789985],[130.01249889600194,43.82000072690847],[129.94999899197873,43.82000074585658],[129.94999897060046,43.32000174352964]]]}"
000000000000000000e7,3205,50,315698.0,25799.2,8825.0,5211.0,1289960.0,"{""type"":""Polygon"",""coordinates"":[[[130.4499980479764,43.320001774729334],[130.51249848782047,43.32000176574853],[130.57499886099822,43.32000172440642],[130.63749929780158,43.320001747383614],[130.6999997759191,43.32000175193481],[130.76250017519692,43.3200017788747],[130.8250006429982,43.32000175404513],[130.88750105920332,43.32000171825925],[130.950001474037,43.320001720728236],[130.9500014812134,43.820000707211015],[130.88750107570993,43.82000072702477],[130.82500060051314,43.820000772683485],[130.76250018418725,43.82000071662149],[130.69999975006525,43.82000076786286],[130.63749934510142,43.82000075149699],[130.5749988191453,43.820000742434445],[130.51249837432485,43.82000074701853],[130.44999804084424,43.82000076292358],[130.4499980479764,43.320001774729334]]]}"
000000000000000000e8,3206,64,41828.0,9367.53125,7188.5,5198.0,599522.0,"{""type"":""Polygon"",""coordinates"":[[[130.950001474037,43.320001720728236],[131.01250134642643,43.32000173991025],[131.07500124497548,43.320001764255714],[131.13750105765837,43.320001749559275],[131.2000010052462,43.32000175233212],[131.26250088694815,43.32000176705194],[131.32500076090912,43.32000175714549],[131.38750059644403,43.320001724816066],[131.45000052631727,43.320001764654805],[131.45000044229954,43.82000073649534],[131.3875006091465,43.820000759318106],[131.32500073620977,43.82000070907151],[131.2625008388574,43.82000075620345],[131.20000096155275,43.82000072601433],[131.137501036974,43.82000074194394],[131.07500118480334,43.82000076257479],[131.01250135283928,43.82000073871126],[130.9500014812134,43.820000707211015],[130.950001474037,43.320001720728236]]]}"
000000000000000000fa,3265,0,,,,,0.0,"{""type"":""Polygon"",""coordinates"":[[[125.44999903904576,43.820000746441494],[125.5124989266054,43.82000075593474],[125.5749988892571,43.82000076774035],[125.63749872360772,43.82000076831327],[125.69999865552462,43.820000748504825],[125.76249846346562,43.82000078046537],[125.82499839181777,43.8200007690035],[125.88749821923855,43.82000078641943],[125.94999809696787,43.82000077071811],[125.94999814803451,44.31999976121554],[125.88749821564737,44.31999972130624],[125.82499833015642,44.31999973725985],[125.76249844951158,44.31999975146983],[125.69999860791378,44.31999975886891],[125.63749866963045,44.31999973544916],[125.57499882044046,44.31999978152435],[125.5124990377814,44.319999752664266],[125.44999907327548,44.31999974458228],[125.44999903904576,43.820000746441494]]]}"
000000000000000000fb,3266,3,11636.0,9258.666666666666,10967.0,5173.0,27776.0,"{""type"":""Polygon"",""coordinates"":[[[125.94999809696787,43.82000077071811],[126.01249858841331,43.82000074732254],[126.0749989675992,43.820000733990916],[126.13749936836948,43.82000075388241],[126.19999984921755,43.8200007780437],[126.26250029990284,43.82000075974245],[126.32500076163404,43.820000755607616],[126.3875011241514,43.820000719098964],[126.45000150505506,43.820000758248995],[126.45000150412474,44.3199997489635],[126.38750105799163,44.31999974219604],[126.32500067164395,44.319999726624125],[126.26250028451788,44.31999973208624],[126.19999975946871,44.31999973591466],[126.13749939483617,44.319999716615165],[126.07499894196779,44.31999977248806],[126.01249854640957,44.31999977758136],[125.94999814803451,44.31999976121554],[125.94999809696787,43.82000077071811]]]}"
000000000000000000fc,3267,5,13575.0,8931.0,7789.0,5812.0,44655.0,"{""type"":""Polygon"",""coordinates"":[[[126.45000150505506,43.820000758248995],[126.51250138031786,43.82000074104505],[126.57500129848057,43.82000077559315],[126.63750116585041,43.820000729642764],[126.7000010081766,43.82000074505417],[126.76250097717491,43.82000075746437],[126.82500086985537,43.820000754886664],[126.88750065236523,43.82000074218391],[126.950000629626,43.82000075664355],[126.95000058792125,44.319999758383474],[126.88750067246919,44.31999971883867],[126.8250008003951,44.31999977702345],[126.76250086579721,44.319999738237804],[126.70000104006343,44.3199997882197],[126.6375012180473,44.31999973213573],[126.57500130584043,44.319999773707416],[126.51250137004249,44.319999734632475],[126.45000150412474,44.3199997489635],[126.45000150505506,43.820000758248995]]]}"
000000000000000000fd,3268,31,128695.0,17268.322580645163,9057.0,5161.0,535318.0,"{""type"":""Polygon"",""coordinates"":[[[126.950000629626,43.82000075664355],[127.01250042946832,43.82000077032427],[127.07500028024931,43.82000076922447],[127.137500148491,43.820000757787646],[127.20000000078849,43.82000074049495],[127.26249997343625,43.820000737439116],[127.3249997712699,43.820000772546436],[127.3874996382637,43.82000074483371],[127.4499995262485,43.82000074438397],[127.44999950121012,44.31999975733363],[127.38749970509518,44.31999977080918],[127.32499972375048,44.31999974374898],[127.26249991749273,44.31999978987159],[127.20000008428806,44.319999751229865],[127.13750014767966,44.31999974574205],[127.07500031150326,44.31999978497706],[127.01250045262688,44.31999976173464],[126.95000058792125,44.319999758383474],[126.950000629626,43.82000075664355]]]}"
000000000000000000fe,3269,138,62100.0,14161.384057971014,10038.833333333332,5157.0,1954271.0,"{""type"":""Polygon"",""coordinates"":[[[127.4499995262485,43.82000074438397],[127.51249940234015,43.82000077549227],[127.57499924833307,43.82000075661778],[127.63749910884798,43.82000074245627],[127.69999912110286,43.8200007519176],[127.76249891244315,43.820000759707106],[127.82499880439372,43.82000071347879],[127.88749865808956,43.8200007388565],[127.94999854719889,43.82000071822882],[127.94999858800698,44.31999974135227],[127.88749866594033,44.31999977166702],[127.82499883259648,44.31999975259078],[127.76249893342761,44.31999975257417],[127.69999909347497,44.31999973146184],[127.6374991580691,44.31999975730219],[127.57499934568939,44.31999975404346],[127.51249942322309,44.31999973846353],[127.44999950121012,44.31999975733363],[127.4499995262485,43.82000074438397]]]}"
000000000000000000ff,3270,281,154088.0,13833.096085409252,8671.73076923077,5151.0,3887100.0,"{""type"":""Polygon"",""coordinates"":[[[127.94999854719889,43.82000071822882],[128.01249902805773,43.82000074784143],[128.0749994795454,43.82000073859056],[128.13749985561546,43.82000078048505],[128.20000022945257,43.820000755553195],[128.26250072571534,43.820000767277776],[128.32500115511985,43.82000071983146],[128.38750155100553,43.82000075286066],[128.45000198631513,43.82000074785912],[128.4500019970092,44.31999977481875],[128.38750158799672,44.31999977274662],[128.3250011881817,44.319999764801025],[128.26250065643146,44.319999733603005],[128.2000002759947,44.31999973944758],[128.1374999056983,44.31999976494738],[128.0749994976763,44.31999975580706],[128.01249899051314,44.31999974450771],[127.94999858800698,44.31999974135227],[127.94999854719889,43.82000071822882]]]}"
00000000000000000100,3271,143,391097.0,23477.440559440558,11016.222222222223,5151.0,3357274.0,"{""type"":""Polygon"",""coordinates"":[[[128.45000198631513,43.82000074785912],[128.51250190425205,43.82000075526225],[128.57500179739415,43.8200007328184],[128.63750162120178,43.82000077030956],[128.7000014481092,43.820000748868885],[128.7625014046333,43.82000077075127],[128.82500130065367,43.82000074076328],[128.88750109223793,43.82000074865593],[128.9500010103028,43.82000077347444],[128.95000094493275,44.31999974308498],[128.88750113146656,44.31999975146097],[128.82500134433147,44.31999975904264],[128.76250144154153,44.31999974977425],[128.70000153415822,44.31999976993571],[128.63750166569585,44.31999972899611],[128.5750017617833,44.31999974757347],[128.51250186617872,44.319999735017674],[128.4500019970092,44.31999977481875],[128.45000198631513,43.82000074785912]]]}"
00000000000000000101,3272,2,5836.0,5834.0,5834.0,5832.0,11668.0,"{""type"":""Polygon"",""coordinates"":[[[128.9500010103028,43.82000077347444],[129.01250086428306,43.82000072027894],[129.07500077000464,43.82000077678355],[129.13750063992646,43.82000072516779],[129.20000059043676,43.82000075279351],[129.26250043077818,43.82000076514791],[129.32500022077934,43.820000728467924],[129.3875000891633,43.820000743594676],[129.45000001598768,43.82000072748066],[129.45000008093794,44.31999975051485],[129.3875000973561,44.319999749366296],[129.32500033424253,44.31999975909423],[129.26250047559677,44.31999975364539],[129.20000055196704,44.31999972966151],[129.1375006746119,44.31999973336079],[129.07500070093351,44.31999974953682],[129.01250092694474,44.319999749497676],[128.95000094493275,44.31999974308498],[128.9500010103028,43.82000077347444]]]}"
00000000000000000102,3273,36,48633.0,10195.722222222223,7446.5,5158.0,367046.0,"{""type"":""Polygon"",""coordinates"":[[[129.45000001598768,43.82000072748066],[129.51249987897643,43.82000072072817],[129.57499981844143,43.82000073761179],[129.63749963213365,43.820000770266034],[129.6999994710035,43.82000074663329],[129.76249938447634,43.82000071809674],[129.82499925085077,43.82000072537511],[129.8874991302686,43.820000733650886],[129.94999899197873,43.82000074585658],[129.9499990237188,44.31999977013341],[129.8874991270151,44.31999975748317],[129.82499930166824,44.31999974068752],[129.76249931227872,44.31999974461705],[129.69999945428776,44.31999973868435],[129.63749966574173,44.319999758386395],[129.5749997220947,44.31999974073064],[129.51249990820645,44.31999974279235],[129.45000008093794,44.31999975051485],[129.45000001598768,43.82000072748066]]]}"
00000000000000000103,3274,33,28518.0,10731.181818181818,7779.0,5157.0,354129.0,"{""type"":""Polygon"",""coordinates"":[[[129.94999899197873,43.82000074585658],[130.01249889600194,43.82000072690847],[130.07499880182542,43.820000765789985],[130.13749860764165,43.82000073114713],[130.1999985258584,43.820000769875776],[130.26249845445898,43.820000750415105],[130.3249982721989,43.82000071386977],[130.38749811121096,43.82000075874012],[130.44999804084424,43.82000076292358],[130.44999808607966,44.319999751330336],[130.38749816301495,44.31999973129958],[130.32499824658942,44.319999738450896],[130.26249836635373,44.319999770240706],[130.19999856151622,44.31999973691468],[130.13749858698952,44.319999751955095],[130.07499882952675,44.31999974522725],[130.012498880022,44.319999732643176],[129.9499990237188,44.31999977013341],[129.94999899197873,43.82000074585658]]]}"
00000000000000000104,3275,30,27840.0,9102.466666666667,7432.0,5151.0,273074.0,"{""type"":""Polygon"",""coordinates"":[[[130.44999804084424,43.82000076292358],[130.51249837432485,43.82000074701853],[130.5749988191453,43.820000742434445],[130.63749934510142,43.82000075149699],[130.69999975006525,43.82000076786286],[130.76250018418725,43.82000071662149],[130.82500060051314,43.820000772683485],[130.88750107570993,43.82000072702477],[130.9500014812134,43.820000707211015],[130.9500014844997,44.31999971135681],[130.88750104393856,44.319999792727415],[130.82500056495397,44.31999975442071],[130.7625001516875,44.319999729341596],[130.69999974217808,44.31999975456622],[130.6374993743885,44.31999974047156],[130.57499889519423,44.319999762992346],[130.51249851683528,44.319999741368996],[130.44999808607966,44.319999751330336],[130.44999804084424,43.82000076292358]]]}"
00000000000000000105,3276,25,36145.0,10207.64,7105.0,5153.0,255191.0,"{""type"":""Polygon"",""coordinates"":[[[130.9500014812134,43.820000707211015],[131.01250135283928,43.82000073871126],[131.07500118480334,43.82000076257479],[131.137501036974,43.82000074194394],[131.20000096155275,43.82000072601433],[131.2625008388574,43.82000075620345],[131.32500073620977,43.82000070907151],[131.3875006091465,43.820000759318106],[131.45000044229954,43.82000073649534],[131.45000045433068,44.31999975187527],[131.38750067790602,44.319999751777836],[131.32500079498257,44.31999974582975],[131.26250083470651,44.31999973179485],[131.20000100043933,44.31999971524035],[131.13750113941498,44.319999773793235],[131.07500120524875,44.31999977029591],[131.01250131050432,44.31999975018056],[130.9500014844997,44.31999971135681],[130.9500014812134,43.820000707211015]]]}"
00000000000000000110,3335,0,,,,,0.0,"{""type"":""Polygon"",""coordinates"":[[[126.45000150412474,44.3199997489635],[126.51250137004249,44.319999734632475],[126.57500130584043,44.319999773707416],[126.6375012180473,44.31999973213573],[126.70000104006343,44.3199997882197],[126.76250086579721,44.319999738237804],[126.8250008003951,44.31999977702345],[126.88750067246919,44.31999971883867],[126.95000058792125,44.319999758383474],[126.95000052257467,44.819998758378865],[126.88750071764281,44.8199987626635],[126.82500083735117,44.81999875541428],[126.76250091383373,44.819998732064214],[126.70000105744379,44.819998740501745],[126.63750112717346,44.81999875923739],[126.57500125027151,44.8199987483671],[126.51250136414319,44.81999873864131],[126.45000157897238,44.81999877811932],[126.45000150412474,44.3199997489635]]]}"
00000000000000000111,3336,4,11576.0,9319.5,10279.0,5144.0,37278.0,"{""type"":""Polygon"",""coordinates"":[[[126.95000058792125,44.319999758383474],[127.01250045262688,44.31999976173464],[127.07500031150326,44.31999978497706],[127.13750014767966,44.31999974574205],[127.20000008428806,44.319999751229865],[127.26249991749273,44.31999978987159],[127.32499972375048,44.31999974374898],[127.38749970509518,44.31999977080918],[127.44999950121012,44.31999975733363],[127.44999958410193,44.819998750193285],[127.3874996665833,44.81999873868835],[127.32499986165253,44.819998746256736],[127.26249993243299,44.819998789100126],[127.20000002083427,44.819998738978235],[127.13750022174465,44.81999873160885],[127.07500029845222,44.81999878250894],[127.01250039344995,44.8199987635741],[126.95000052257467,44.819998758378865],[126.95000058792125,44.319999758383474]]]}"
00000000000000000112,3337,97,365134.0,21469.536082474227,9016.4,5111.0,2082545.0,"{""type"":""Polygon"",""coordinates"":[[[127.44999950121012,44.31999975733363],[127.51249942322309,44.31999973846353],[127.57499934568939,44.31999975404346],[127.6374991580691,44.31999975730219],[127.69999909347497,44.31999973146184],[127.76249893342761,44.31999975257417],[127.82499883259648,44.31999975259078],[127.88749866594033,44.31999977166702],[127.94999858800698,44.31999974135227],[127.94999855355893,44.81999879003201],[127.8874986400984,44.81999873073738],[127.82499876432091,44.81999873729043],[127.76249887720591,44.81999875448401],[127.699999104116,44.819998741927066],[127.6374991134732,44.81999875359652],[127.57499929919915,44.819998727657975],[127.51249940913031,44.819998769293974],[127.44999958410193,44.819998750193285],[127.44999950121012,44.31999975733363]]]}"
00000000000000000113,3338,185,117939.0,14843.497297297297,9624.833333333334,3743.0,2746047.0,"{""type"":""Polygon"",""coordinates"":[[[127.94999858800698,44.31999974135227],[128.01249899051314,44.31999974450771],[128.0749994976763,44.31999975580706],[128.1374999056983,44.31999976494738],[128.2000002759947,44.31999973944758],[128.26250065643146,44.319999733603005],[128.3250011881817,44.319999764801025],[128.38750158799672,44.31999977274662],[128.4500019970092,44.31999977481875],[128.4500020656624,44.8199987710422],[128.38750160847093,44.819998746884416],[128.32500113233257,44.81999874374373],[128.26250066765002,44.819998757986994],[128.20000033896204,44.81999874899863],[128.137499814352,44.81999877318006],[128.0749994068933,44.819998715773956],[128.01249894506105,44.81999873493131],[127.94999855355893,44.81999879003201],[127.94999858800698,44.31999974135227]]]}"
00000000000000000114,3339,46,44905.0,12586.260869565218,7697.5,5109.0,578968.0,"{""type"":""Polygon"",""coordinates"":[[[128.4500019970092,44.31999977481875],[128.51250186617872,44.319999735017674],[128.5750017617833,44.31999974757347],[128.63750166569585,44.31999972899611],[128.70000153415822,44.31999976993571],[128.76250144154153,44.31999974977425],[128.82500134433147,44.31999975904264],[128.88750113146656,44.31999975146097],[128.95000094493275,44.31999974308498],[128.95000099025296,44.81999875785844],[128.8875011999312,44.8199987452738],[128.82500124249688,44.81999874540686],[128.76250141652406,44.81999872979972],[128.70000156458954,44.81999877050065],[128.63750164861602,44.81999872537413],[128.5750017669895,44.81999872959675],[128.51250186901103,44.81999872906867],[128.4500020656624,44.8199987710422],[128.4500019970092,44.31999977481875]]]}"
00000000000000000115,3340,21,28793.0,9812.0,7035.0,5117.0,206052.0,"{""type"":""Polygon"",""coordinates"":[[[128.95000094493275,44.31999974308498],[129.01250092694474,44.319999749497676],[129.07500070093351,44.31999974953682],[129.1375006746119,44.31999973336079],[129.20000055196704,44.31999972966151],[129.26250047559677,44.31999975364539],[129.32500033424253,44.31999975909423],[129.3875000973561,44.319999749366296],[129.45000008093794,44.31999975051485],[129.45000008725938,44.819998757570765],[129.387500117361,44.81999874327249],[129.32500027896828,44.81999871547692],[129.26250041493645,44.81999874775744],[129.2000005664715,44.819998748813546],[129.13750066995843,44.81999875359312],[129.0750007551834,44.81999875883914],[129.01250085198473,44.8199987613258],[128.95000099025296,44.81999875785844],[128.95000094493275,44.31999974308498]]]}"
00000000000000000116,3341,5,14763.0,8725.8,6419.0,5128.0,43629.0,"{""type"":""Polygon"",""coordinates"":[[[129.45000008093794,44.31999975051485],[129.51249990820645,44.31999974279235],[129.5749997220947,44.31999974073064],[129.63749966574173,44.319999758386395],[129.69999945428776,44.31999973868435],[129.76249931227872,44.31999974461705],[129.82499930166824,44.31999974068752],[129.8874991270151,44.31999975748317],[129.9499990237188,44.31999977013341],[129.94999900541785,44.81999874018465],[129.88749912754605,44.819998778646465],[129.8249993316255,44.819998749380915],[129.76249936804695,44.81999876591296],[129.69999945216065,44.81999874778197],[129.63749969569201,44.81999874188396],[129.57499977725234,44.819998723300486],[129.51249989055654,44.81999878828265],[129.45000008725938,44.819998757570765],[129.45000008093794,44.31999975051485]]]}"
00000000000000000117,3342,3,10937.0,8793.666666666666,9652.0,5792.0,26381.0,"{""type"":""Polygon"",""coordinates"":[[[129.9499990237188,44.31999977013341],[130.012498880022,44.319999732643176],[130.07499882952675,44.31999974522725],[130.13749858698952,44.319999751955095],[130.19999856151622,44.31999973691468],[130.26249836635373,44.319999770240706],[130.32499824658942,44.319999738450896],[130.38749816301495,44.31999973129958],[130.44999808607966,44.319999751330336],[130.44999807948707,44.81999874737994],[130.38749811955702,44.81999876085847],[130.3249982673164,44.81999878641197],[130.2624983854958,44.81999872370784],[130.1999984839441,44.81999874668328],[130.1374986011867,44.81999876445646],[130.0749987662885,44.81999877445978],[130.01249892562512,44.81999872488024],[129.94999900541785,44.81999874018465],[129.9499990237188,44.31999977013341]]]}"
00000000000000000118,3343,6,30004.0,11191.0,7370.0,5107.0,67146.0,"{""type"":""Polygon"",""coordinates"":[[[130.44999808607966,44.319999751330336],[130.51249851683528,44.319999741368996],[130.57499889519423,44.319999762992346],[130.6374993743885,44.31999974047156],[130.69999974217808,44.31999975456622],[130.7625001516875,44.319999729341596],[130.82500056495397,44.31999975442071],[130.88750104393856,44.319999792727415],[130.9500014844997,44.31999971135681],[130.95000151555314,44.81999876018971],[130.88750100721217,44.819998736967975],[130.82500055299914,44.81999875260035],[130.76250018997501,44.819998716646424],[130.69999966993612,44.819998746189654],[130.63749929855356,44.819998719633084],[130.57499882741163,44.81999875371519],[130.51249847004684,44.81999876681552],[130.44999807948707,44.81999874737994],[130.44999808607966,44.319999751330336]]]}"
00000000000000000125,3391,1,5712.0,5712.0,5712.0,5712.0,5712.0,"{""type"":""Polygon"",""coordinates"":[[[126.95000052257467,44.819998758378865],[127.01250039344995,44.8199987635741],[127.07500029845222,44.81999878250894],[127.13750022174465,44.81999873160885],[127.20000002083427,44.819998738978235],[127.26249993243299,44.819998789100126],[127.32499986165253,44.819998746256736],[127.3874996665833,44.81999873868835],[127.44999958410193,44.819998750193285],[127.44999950220028,45.320002225532676],[127.38749967120255,45.320002215261965],[127.32499982924456,45.32000219519233],[127.2624999113033,45.32000219767388],[127.2000000438528,45.3200021821137],[127.13750016193389,45.32000218079152],[127.0750002963705,45.32000218953265],[127.01250047805503,45.32000220419648],[126.95000056261996,45.32000220397202],[126.95000052257467,44.819998758378865]]]}"
00000000000000000126,3392,34,76439.0,13279.85294117647,7645.5,5063.0,451515.0,"{""type"":""Polygon"",""coordinates"":[[[127.44999958410193,44.819998750193285],[127.51249940913031,44.819998769293974],[127.57499929919915,44.819998727657975],[127.6374991134732,44.81999875359652],[127.699999104116,44.819998741927066],[127.76249887720591,44.81999875448401],[127.82499876432091,44.81999873729043],[127.8874986400984,44.81999873073738],[127.94999855355893,44.81999879003201],[127.94999859669286,45.320002197633556],[127.8874986889261,45.320002193031584],[127.82499879849011,45.32000218842502],[127.76249895554844,45.320002180070745],[127.6999990948294,45.32000220116016],[127.63749916610284,45.320002195677745],[127.57499928019506,45.32000221178442],[127.51249938718385,45.32000219341213],[127.44999950220028,45.320002225532676],[127.44999958410193,44.819998750193285]]]}"
00000000000000000127,3393,116,209341.0,18010.327586206895,8472.76923076923,5083.0,2089198.0,"{""type"":""Polygon"",""coordinates"":[[[127.94999855355893,44.81999879003201],[128.01249894506105,44.81999873493131],[128.0749994068933,44.819998715773956],[128.137499814352,44.81999877318006],[128.20000033896204,44.81999874899863],[128.26250066765002,44.819998757986994],[128.32500113233257,44.81999874374373],[128.38750160847093,44.819998746884416],[128.4500020656624,44.8199987710422],[128.45000201384696,45.32000220800046],[128.3875015923461,45.32000222715687],[128.32500113929484,45.32000220012195],[128.2625006707563,45.32000221236525],[128.20000031151983,45.320002222852644],[128.1374999150056,45.32000221396831],[128.07499941592184,45.320002219329254],[128.0124989395,45.32000219781747],[127.94999859669286,45.320002197633556],[127.94999855355893,44.81999879003201]]]}"
00000000000000000128,3394,81,493447.0,25268.604938271605,11497.1,5066.0,2046757.0,"{""type"":""Polygon"",""coordinates"":[[[128.4500020656624,44.8199987710422],[128.51250186901103,44.81999872906867],[128.5750017669895,44.81999872959675],[128.63750164861602,44.81999872537413],[128.70000156458954,44.81999877050065],[128.76250141652406,44.81999872979972],[128.82500124249688,44.81999874540686],[128.8875011999312,44.8199987452738],[128.95000099025296,44.81999875785844],[128.9500010227437,45.320002207762606],[128.88750115713296,45.32000218367161],[128.82500128267614,45.32000220594862],[128.7625013464513,45.32000222026968],[128.70000155462253,45.32000223632908],[128.6375016779366,45.32000218670642],[128.57500181465952,45.320002208198744],[128.5125018306637,45.32000219486246],[128.45000201384696,45.32000220800046],[128.4500020656624,44.8199987710422]]]}"
00000000000000000129,3395,76,60819.0,13232.355263157895,8878.2,5065.0,1005659.0,"{""type"":""Polygon"",""coordinates"":[[[128.95000099025296,44.81999875785844],[129.01250085198473,44.8199987613258],[129.0750007551834,44.81999875883914],[129.13750066995843,44.81999875359312],[129.2000005664715,44.819998748813546],[129.26250041493645,44.81999874775744],[129.32500027896828,44.81999871547692],[129.387500117361,44.81999874327249],[129.45000008725938,44.819998757570765],[129.45000002413994,45.320002205388064],[129.38750012782262,45.32000224609939],[129.32500027403972,45.32000224270189],[129.26250039734305,45.32000223091862],[129.2000005266983,45.32000220768014],[129.13750059654052,45.32000220842762],[129.07500073043013,45.32000219153408],[129.01250086281794,45.32000219236392],[128.9500010227437,45.320002207762606],[128.95000099025296,44.81999875785844]]]}"
0000000000000000012a,3396,9,10203.0,5934.555555555556,5099.0,5077.0,53411.0,"{""type"":""Polygon"",""coordinates"":[[[129.45000008725938,44.819998757570765],[129.51249989055654,44.81999878828265],[129.57499977725234,44.819998723300486],[129.63749969569201,44.81999874188396],[129.69999945216065,44.81999874778197],[129.76249936804695,44.81999876591296],[129.8249993316255,44.819998749380915],[129.88749912754605,44.819998778646465],[129.94999900541785,44.81999874018465],[129.94999904321833,45.320002193002566],[129.88749907140073,45.32000220902357],[129.82499926749372,45.320002225603616],[129.76249939910394,45.32000217938869],[129.69999956742453,45.32000220686476],[129.63749963435458,45.32000220491852],[129.5749997118006,45.32000222077345],[129.51249992268754,45.32000221270947],[129.45000002413994,45.320002205388064],[129.45000008725938,44.819998757570765]]]}"
0000000000000000012b,3397,3,49075.0,21023.0,8922.0,5072.0,63069.0,"{""type"":""Polygon"",""coordinates"":[[[129.94999900541785,44.81999874018465],[130.01249892562512,44.81999872488024],[130.0749987662885,44.81999877445978],[130.1374986011867,44.81999876445646],[130.1999984839441,44.81999874668328],[130.2624983854958,44.81999872370784],[130.3249982673164,44.81999878641197],[130.38749811955702,44.81999876085847],[130.44999807948707,44.81999874737994],[130.44999798958395,45.320002236315474],[130.38749813393784,45.320002225901206],[130.32499831358007,45.3200021967657],[130.26249836921394,45.32000222594742],[130.199998516491,45.320002231409816],[130.13749860603372,45.32000220069047],[130.0749987500804,45.32000218088361],[130.01249888294586,45.32000220895742],[129.94999904321833,45.320002193002566],[129.94999900541785,44.81999874018465]]]}"
0000000000000000012c,3398,6,10182.0,6577.833333333333,5733.5,5087.0,39467.0,"{""type"":""Polygon"",""coordinates"":[[[130.44999807948707,44.81999874737994],[130.51249847004684,44.81999876681552],[130.57499882741163,44.81999875371519],[130.63749929855356,44.819998719633084],[130.69999966993612,44.819998746189654],[130.76250018997501,44.819998716646424],[130.82500055299914,44.81999875260035],[130.88750100721217,44.819998736967975],[130.95000151555314,44.81999876018971],[130.9500014119719,45.32000221259492],[130.88750103861275,45.32000220777757],[130.8250006544151,45.320002211162645],[130.7625001091968,45.320002211694806],[130.6999997869602,45.32000222474958],[130.63749935958768,45.32000223035266],[130.57499885513988,45.32000222598661],[130.51249847962916,45.32000221852556],[130.44999798958395,45.320002236315474],[130.44999807948707,44.81999874737994]]]}"
0000000000000000012d,3399,4,7632.0,6043.0,5727.0,5086.0,24172.0,"{""type"":""Polygon"",""coordinates"":[[[130.95000151555314,44.81999876018971],[131.0125014372714,44.81999875139087],[131.07500127193165,44.81999873842406],[131.1375010751253,44.819998771845164],[131.20000100248348,44.8199987733754],[131.26250084922034,44.819998737143486],[131.32500075550143,44.81999876138863],[131.38750061609807,44.81999871173742],[131.4500004796341,44.819998726557586],[131.45000045767847,45.3200022285404],[131.387500620601,45.3200022312218],[131.32500073663465,45.32000217825992],[131.2625009112268,45.32000220561414],[131.200001001273,45.32000221414289],[131.1375010345693,45.32000220167357],[131.0750013021765,45.32000222303923],[131.01250139035423,45.32000221120376],[130.9500014119719,45.32000221259492],[130.95000151555314,44.81999876018971]]]}"
00000000000000000132,3438,20,23934.0,9143.6,7247.0,5039.0,182872.0,"{""type"":""Polygon"",""coordinates"":[[[126.95000056261996,45.32000220397202],[127.01250047805503,45.32000220419648],[127.0750002963705,45.32000218953265],[127.13750016193389,45.32000218079152],[127.2000000438528,45.3200021821137],[127.2624999113033,45.32000219767388],[127.32499982924456,45.32000219519233],[127.38749967120255,45.320002215261965],[127.44999950220028,45.320002225532676],[127.44999956389134,45.82000122744502],[127.38749970451421,45.82000119488458],[127.32499987270157,45.82000122320097],[127.26249993649655,45.82000120236954],[127.20000008747111,45.82000123442234],[127.13750019416949,45.820001209162214],[127.07500027042973,45.82000121231311],[127.0125004433134,45.82000120316245],[126.95000054887721,45.82000125078798],[126.95000056261996,45.32000220397202]]]}"
00000000000000000133,3439,59,131512.0,15000.118644067798,10739.0,5058.0,885007.0,"{""type"":""Polygon"",""coordinates"":[[[127.44999950220028,45.320002225532676],[127.51249938718385,45.32000219341213],[127.57499928019506,45.32000221178442],[127.63749916610284,45.320002195677745],[127.6999990948294,45.32000220116016],[127.76249895554844,45.320002180070745],[127.82499879849011,45.32000218842502],[127.8874986889261,45.320002193031584],[127.94999859669286,45.320002197633556],[127.94999855546125,45.820001184351014],[127.88749870547296,45.820001182987525],[127.82499884011243,45.820001198672514],[127.76249898869068,45.82000122767506],[127.69999909916457,45.82000121364767],[127.63749918589201,45.82000124270989],[127.574999293733,45.82000122105965],[127.51249943691327,45.820001234860726],[127.44999956389134,45.82000122744502],[127.44999950220028,45.320002225532676]]]}"
00000000000000000134,3440,18,33350.0,11922.611111111111,7885.5,5032.0,214607.0,"{""type"":""Polygon"",""coordinates"":[[[127.94999859669286,45.320002197633556],[128.0124989395,45.32000219781747],[128.07499941592184,45.320002219329254],[128.1374999150056,45.32000221396831],[128.20000031151983,45.320002222852644],[128.2625006707563,45.32000221236525],[128.32500113929484,45.32000220012195],[128.3875015923461,45.32000222715687],[128.45000201384696,45.32000220800046],[128.450001961303,45.82000120219145],[128.38750152351716,45.8200012060392],[128.32500111259648,45.82000123135127],[128.26250067512876,45.820001222640784],[128.2000003223875,45.82000122854366],[128.13749990488733,45.820001231328455],[128.07499945176144,45.82000122731736],[128.01249899220227,45.820001212863495],[127.94999855546125,45.820001184351014],[127.94999859669286,45.320002197633556]]]}"
00000000000000000135,3441,7,43407.0,13213.57142857143,7547.0,5033.0,92495.0,"{""type"":""Polygon"",""coordinates"":[[[128.45000201384696,45.32000220800046],[128.5125018306637,45.32000219486246],[128.57500181465952,45.320002208198744],[128.6375016779366,45.32000218670642],[128.70000155462253,45.32000223632908],[128.7625013464513,45.32000222026968],[128.82500128267614,45.32000220594862],[128.88750115713296,45.32000218367161],[128.9500010227437,45.320002207762606],[128.95000098227774,45.82000121532146],[128.88750114483446,45.82000117827189],[128.82500128400824,45.82000120348262],[128.762501441059,45.82000119759473],[128.7000015486624,45.82000119587244],[128.63750163542122,45.82000119496286],[128.57500172999204,45.82000119154293],[128.51250186108567,45.82000118231947],[128.450001961303,45.82000120219145],[128.45000201384696,45.32000220800046]]]}"
00000000000000000136,3442,202,375382.0,17982.168316831685,9128.92,5032.0,3632398.0,"{""type"":""Polygon"",""coordinates"":[[[128.9500010227437,45.320002207762606],[129.01250086281794,45.32000219236392],[129.07500073043013,45.32000219153408],[129.13750059654052,45.32000220842762],[129.2000005266983,45.32000220768014],[129.26250039734305,45.32000223091862],[129.32500027403972,45.32000224270189],[129.38750012782262,45.32000224609939],[129.45000002413994,45.320002205388064],[129.45000009599548,45.820001221958066],[129.38750011033952,45.82000120943027],[129.32500024621464,45.82000121777144],[129.26250035234932,45.82000123225569],[129.20000055254124,45.82000121087267],[129.13750068370655,45.82000122868701],[129.07500078633058,45.820001192361104],[129.0125008764516,45.82000118894239],[128.95000098227774,45.82000121532146],[128.9500010227437,45.320002207762606]]]}"
00000000000000000137,3443,31,316047.0,27880.387096774193,8835.0,5036.0,864292.0,"{""type"":""Polygon"",""coordinates"":[[[129.45000002413994,45.320002205388064],[129.51249992268754,45.32000221270947],[129.5749997118006,45.32000222077345],[129.63749963435458,45.32000220491852],[129.69999956742453,45.32000220686476],[129.76249939910394,45.32000217938869],[129.82499926749372,45.320002225603616],[129.88749907140073,45.32000220902357],[129.94999904321833,45.320002193002566],[129.9499989860545,45.820001190550535],[129.88749917905326,45.820001192165456],[129.8249992706383,45.82000123712825],[129.76249939461837,45.82000119269327],[129.69999955700496,45.82000123672491],[129.6374997123121,45.82000122558313],[129.5749997932738,45.82000119589868],[129.51249991189226,45.82000119560383],[129.45000009599548,45.820001221958066],[129.45000002413994,45.320002205388064]]]}"
00000000000000000138,3444,0,,,,,0.0,"{""type"":""Polygon"",""coordinates"":[[[129.94999904321833,45.320002193002566],[130.01249888294586,45.32000220895742],[130.0749987500804,45.32000218088361],[130.13749860603372,45.32000220069047],[130.199998516491,45.320002231409816],[130.26249836921394,45.32000222594742],[130.32499831358007,45.3200021967657],[130.38749813393784,45.320002225901206],[130.44999798958395,45.320002236315474],[130.4499980245945,45.82000117795691],[130.38749816206393,45.820001175965196],[130.32499825273044,45.82000120828171],[130.26249841877487,45.82000123224193],[130.19999850786385,45.82000123546639],[130.13749864260072,45.8200011752955],[130.07499874547082,45.82000117957133],[130.012498938864,45.820001205807145],[129.9499989860545,45.820001190550535],[129.94999904321833,45.320002193002566]]]}"
00000000000000000139,3445,0,,,,,0.0,"{""type"":""Polygon"",""coordinates"":[[[130.44999798958395,45.320002236315474],[130.51249847962916,45.32000221852556],[130.57499885513988,45.32000222598661],[130.63749935958768,45.32000223035266],[130.6999997869602,45.32000222474958],[130.7625001091968,45.320002211694806],[130.8250006544151,45.320002211162645],[130.88750103861275,45.32000220777757],[130.9500014119719,45.32000221259492],[130.95000143988668,45.820001234828275],[130.88750108628383,45.82000123708723],[130.8250006570687,45.8200012103973],[130.76250017066806,45.82000124280578],[130.69999975756497,45.820001201026784],[130.63749934155572,45.82000121392886],[130.57499886427556,45.82000122943893],[130.51249844770783,45.82000120471596],[130.4499980245945,45.82000117795691],[130.44999798958395,45.320002236315474]]]}"
0000000000000000013a,3446,1,9453.0,9453.0,9453.0,9453.0,9453.0,"{""type"":""Polygon"",""coordinates"":[[[130.9500014119719,45.32000221259492],[131.01250139035423,45.32000221120376],[131.0750013021765,45.32000222303923],[131.1375010345693,45.32000220167357],[131.200001001273,45.32000221414289],[131.2625009112268,45.32000220561414],[131.32500073663465,45.32000217825992],[131.387500620601,45.3200022312218],[131.45000045767847,45.3200022285404],[131.45000048249167,45.82000123175362],[131.38750054960116,45.82000119587743],[131.3250007718326,45.82000121333685],[131.26250090920064,45.820001225572696],[131.20000098867462,45.820001230487954],[131.13750113144584,45.82000118489104],[131.07500126224366,45.82000121837496],[131.01250133014946,45.82000118913984],[130.95000143988668,45.820001234828275],[130.9500014119719,45.32000221259492]]]}"
0000000000000000013b,3447,0,,,,,0.0,"{""type"":""Polygon"",""coordinates"":[[[131.45000045767847,45.3200022285404],[131.51250030560334,45.320002220612814],[131.57500031518714,45.320002216483594],[131.63750010209483,45.320002203631844],[131.69999999562296,45.32000219817964],[131.76249987576554,45.320002243037735],[131.8249997218374,45.32000225058603],[131.8874995987128,45.320002181182005],[131.94999946606424,45.32000221534718],[131.94999952747187,45.82000121943909],[131.88749954733342,45.820001203615],[131.8249997830436,45.82000121953796],[131.76249981310372,45.820001203770786],[131.699999931733,45.82000120986976],[131.6375000788121,45.820001187586996],[131.57500027403634,45.820001225687896],[131.51250037076355,45.82000122475947],[131.45000048249167,45.82000123175362],[131.45000045767847,45.3200022285404]]]}"
0000000000000000013c,3448,1,5649.0,5649.0,5649.0,5649.0,5649.0,"{""type"":""Polygon"",""coordinates"":[[[131.94999946606424,45.32000221534718],[132.01249939549757,45.32000222373993],[132.0749991809768,45.320002201759515],[132.1374990599658,45.320002205031706],[132.1999990052894,45.32000223493089],[132.26249881680417,45.32000219768059],[132.3249987266476,45.32000223766314],[132.38749862669113,45.320002219216306],[132.44999848420005,45.320002233275055],[132.44999843879938,45.82000120122607],[132.38749866011298,45.820001230101255],[132.32499870994775,45.82000120610617],[132.26249888327354,45.820001181407434],[132.19999902000498,45.82000123943798],[132.13749915831679,45.82000119778248],[132.07499922567038,45.820001187582776],[132.01249942916226,45.82000121350085],[131.94999952747187,45.82000121943909],[131.94999946606424,45.32000221534718]]]}"
0000000000000000013d,3449,2,5022.0,5020.5,5020.5,5019.0,10041.0,"{""type"":""Polygon"",""coordinates"":[[[132.44999848420005,45.320002233275055],[132.51249899214537,45.32000221267191],[132.57499940334984,45.32000222655986],[132.6374997826162,45.3200022342266],[132.700000194546,45.32000219471854],[132.7625006072072,45.32000219872577],[132.82500108534794,45.320002205021794],[132.88750151468668,45.320002167722514],[132.95000195103765,45.32000222449273],[132.95000196281381,45.820001219582245],[132.88750154307598,45.820001226394446],[132.82500110191256,45.82000119995501],[132.76250066111436,45.82000122961347],[132.70000025160928,45.82000122375524],[132.63749980702056,45.820001224037355],[132.57499935371473,45.82000122919024],[132.5124989180785,45.82000123796932],[132.44999843879938,45.82000120122607],[132.44999848420005,45.320002233275055]]]}"
0000000000000000013e,3450,0,,,,,0.0,"{""type"":""Polygon"",""coordinates"":[[[132.95000195103765,45.32000222449273],[133.01250183942915,45.32000218500699],[133.0750016809922,45.32000224264446],[133.13750163571586,45.32000222348097],[133.20000149368147,45.32000221405135],[133.2625013191955,45.32000217264283],[133.32500116942543,45.32000223631365],[133.38750102455137,45.3200022269364],[133.45000094519784,45.32000219178721],[133.45000097657925,45.8200011929748],[133.38750105276455,45.820001183199125],[133.3250011668056,45.82000119985356],[133.26250134479332,45.82000124218806],[133.2000014356311,45.82000121516587],[133.13750164292594,45.82000121213811],[133.07500163091535,45.82000122429942],[133.01250188024727,45.820001215446084],[132.95000196281381,45.820001219582245],[132.95000195103765,45.32000222449273]]]}"
00000000000000000146,3490,0,,,,,0.0,"{""type"":""Polygon"",""coordinates"":[[[127.44999956389134,45.82000122744502],[127.51249943691327,45.820001234860726],[127.574999293733,45.82000122105965],[127.63749918589201,45.82000124270989],[127.69999909916457,45.82000121364767],[127.76249898869068,45.82000122767506],[127.82499884011243,45.820001198672514],[127.88749870547296,45.820001182987525],[127.94999855546125,45.820001184351014],[127.94999849868579,46.3200002096504],[127.88749867699454,46.32000017553343],[127.82499880941053,46.32000017034175],[127.76249892441086,46.32000019036203],[127.69999905053287,46.320000231911216],[127.63749923194779,46.32000020037957],[127.57499938413406,46.320000220731885],[127.51249945362609,46.320000235768646],[127.44999956731245,46.32000020406828],[127.44999956389134,45.82000122744502]]]}"
00000000000000000147,3491,62,838035.0,37561.354838709674,10278.5,5596.0,2328804.0,"{""type"":""Polygon"",""coordinates"":[[[127.94999855546125,45.820001184351014],[128.01249899220227,45.820001212863495],[128.07499945176144,45.82000122731736],[128.13749990488733,45.820001231328455],[128.2000003223875,45.82000122854366],[128.26250067512876,45.820001222640784],[128.32500111259648,45.82000123135127],[128.38750152351716,45.8200012060392],[128.450001961303,45.82000120219145],[128.4500020742244,46.320000218088566],[128.38750156693365,46.320000214692776],[128.32500116300696,46.320000205265295],[128.26250079312155,46.32000022505026],[128.20000022168927,46.32000020357912],[128.13749992122484,46.32000021887863],[128.0749993783757,46.32000022403914],[128.0124989824612,46.32000024466877],[127.94999849868579,46.3200002096504],[127.94999855546125,45.820001184351014]]]}"
00000000000000000148,3492,47,184698.0,23168.468085106382,9360.0,5597.0,1088918.0,"{""type"":""Polygon"",""coordinates"":[[[128.450001961303,45.82000120219145],[128.51250186108567,45.82000118231947],[128.57500172999204,45.82000119154293],[128.63750163542122,45.82000119496286],[128.7000015486624,45.82000119587244],[128.762501441059,45.82000119759473],[128.82500128400824,45.82000120348262],[128.88750114483446,45.82000117827189],[128.95000098227774,45.82000121532146],[128.95000103870194,46.32000021122072],[128.88750115738154,46.32000021368001],[128.82500125317156,46.32000019789147],[128.76250143776616,46.320000212875634],[128.7000014740269,46.3200001900751],[128.63750165460425,46.32000019179738],[128.57500182635155,46.320000201520976],[128.5125018363625,46.320000202228016],[128.4500020742244,46.320000218088566],[128.450001961303,45.82000120219145]]]}"
00000000000000000149,3493,21,31314.0,12236.57142857143,10008.0,5013.0,256968.0,"{""type"":""Polygon"",""coordinates"":[[[128.95000098227774,45.82000121532146],[129.0125008764516,45.82000118894239],[129.07500078633058,45.820001192361104],[129.13750068370655,45.82000122868701],[129.20000055254124,45.82000121087267],[129.26250035234932,45.82000123225569],[129.32500024621464,45.82000121777144],[129.38750011033952,45.82000120943027],[129.45000009599548,45.820001221958066],[129.45000002194232,46.3200002340138],[129.38750013258291,46.32000023638155],[129.32500027817733,46.320000217558395],[129.26250038939395,46.32000021426441],[129.20000049356506,46.32000022353821],[129.13750061807087,46.3200002424461],[129.0750007060152,46.32000021621046],[129.01250086937418,46.32000019370152],[128.95000103870194,46.32000021122072],[128.95000098227774,45.82000121532146]]]}"
0000000000000000014a,3494,2,21150.0,13710.0,13710.0,6270.0,27420.0,"{""type"":""Polygon"",""coordinates"":[[[129.45000009599548,45.820001221958066],[129.51249991189226,45.82000119560383],[129.5749997932738,45.82000119589868],[129.6374997123121,45.82000122558313],[129.69999955700496,45.82000123672491],[129.76249939461837,45.82000119269327],[129.8249992706383,45.82000123712825],[129.88749917905326,45.820001192165456],[129.9499989860545,45.820001190550535],[129.9499989911601,46.32000022704002],[129.88749917223257,46.32000021325096],[129.8249992563115,46.32000025170745],[129.76249937769632,46.32000020829636],[129.69999945609214,46.32000021168903],[129.63749961486732,46.32000021921052],[129.57499969955143,46.32000021681206],[129.51249991888238,46.3200002132628],[129.45000002194232,46.3200002340138],[129.45000009599548,45.820001221958066]]]}"
0000000000000000014b,3495,0,,,,,0.0,"{""type"":""Polygon"",""coordinates"":[[[129.9499989860545,45.820001190550535],[130.012498938864,45.820001205807145],[130.07499874547082,45.82000117957133],[130.13749864260072,45.8200011752955],[130.19999850786385,45.82000123546639],[130.26249841877487,45.82000123224193],[130.32499825273044,45.82000120828171],[130.38749816206393,45.820001175965196],[130.4499980245945,45.82000117795691],[130.44999805703353,46.32000019247073],[130.38749808756344,46.32000020264055],[130.324998276937,46.32000017366097],[130.26249836393936,46.32000022536615],[130.19999848121392,46.320000223321074],[130.1374986454226,46.32000025646606],[130.07499871179607,46.32000022071077],[130.01249887873126,46.32000021524271],[129.9499989911601,46.32000022704002],[129.9499989860545,45.820001190550535]]]}"
0000000000000000014c,3496,3,16184.0,9134.0,5616.0,5602.0,27402.0,"{""type"":""Polygon"",""coordinates"":[[[130.4499980245945,45.82000117795691],[130.51249844770783,45.82000120471596],[130.57499886427556,45.82000122943893],[130.63749934155572,45.82000121392886],[130.69999975756497,45.820001201026784],[130.76250017066806,45.82000124280578],[130.8250006570687,45.8200012103973],[130.88750108628383,45.82000123708723],[130.95000143988668,45.820001234828275],[130.9500014912057,46.32000019868643],[130.88750104478743,46.3200002562275],[130.82500055354518,46.320000199977656],[130.76250020861303,46.32000021945657],[130.6999996808097,46.3200002032204],[130.63749926541874,46.320000208304364],[130.5749989024533,46.32000018239401],[130.51249842695333,46.320000205161115],[130.44999805703353,46.32000019247073],[130.4499980245945,45.82000117795691]]]}"
0000000000000000014d,3497,9,10590.0,7405.333333333333,6853.0,5606.0,66648.0,"{""type"":""Polygon"",""coordinates"":[[[130.95000143988668,45.820001234828275],[131.01250133014946,45.82000118913984],[131.07500126224366,45.82000121837496],[131.13750113144584,45.82000118489104],[131.20000098867462,45.820001230487954],[131.26250090920064,45.820001225572696],[131.3250007718326,45.82000121333685],[131.38750054960116,45.82000119587743],[131.45000048249167,45.82000123175362],[131.45000051872498,46.320000190409054],[131.38750054594306,46.32000021539481],[131.32500076922,46.320000209083155],[131.26250084194797,46.320000245541024],[131.20000098066467,46.32000023927587],[131.13750111645152,46.32000023010912],[131.07500127556656,46.320000216101526],[131.01250138889444,46.320000236780636],[130.9500014912057,46.32000019868643],[130.95000143988668,45.820001234828275]]]}"
0000000000000000014e,3498,9,13088.0,7964.888888888889,7466.0,5610.0,71684.0,"{""type"":""Polygon"",""coordinates"":[[[131.45000048249167,45.82000123175362],[131.51250037076355,45.82000122475947],[131.57500027403634,45.820001225687896],[131.6375000788121,45.820001187586996],[131.699999931733,45.82000120986976],[131.76249981310372,45.820001203770786],[131.8249997830436,45.82000121953796],[131.88749954733342,45.820001203615],[131.94999952747187,45.82000121943909],[131.94999946542674,46.32000020154749],[131.8874996149651,46.3200001718992],[131.8249997454703,46.32000021565519],[131.76249988944843,46.32000023976489],[131.69999998513734,46.32000019341771],[131.63750013943343,46.32000021557132],[131.57500020273415,46.32000020596859],[131.51250028881924,46.32000021211944],[131.45000051872498,46.320000190409054],[131.45000048249167,45.82000123175362]]]}"
0000000000000000014f,3499,3,8155.0,7296.666666666667,7507.0,6228.0,21890.0,"{""type"":""Polygon"",""coordinates"":[[[131.94999952747187,45.82000121943909],[132.01249942916226,45.82000121350085],[132.07499922567038,45.820001187582776],[132.13749915831679,45.82000119778248],[132.19999902000498,45.82000123943798],[132.26249888327354,45.820001181407434],[132.32499870994775,45.82000120610617],[132.38749866011298,45.820001230101255],[132.44999843879938,45.82000120122607],[132.44999845394614,46.320000239485715],[132.38749863183654,46.32000021956707],[132.32499877338498,46.320000199614704],[132.26249881002832,46.320000221037304],[132.1999989561546,46.320000196756844],[132.1374990488616,46.32000021097624],[132.07499920831108,46.320000219548405],[132.0124992776077,46.320000214800764],[131.94999946542674,46.32000020154749],[131.94999952747187,45.82000121943909]]]}"
00000000000000000150,3500,22,27457.0,11032.863636363636,9348.0,5005.0,242723.0,"{""type"":""Polygon"",""coordinates"":[[[132.44999843879938,45.82000120122607],[132.5124989180785,45.82000123796932],[132.57499935371473,45.82000122919024],[132.63749980702056,45.820001224037355],[132.70000025160928,45.82000122375524],[132.76250066111436,45.82000122961347],[132.82500110191256,45.82000119995501],[132.88750154307598,45.820001226394446],[132.95000196281381,45.820001219582245],[132.95000190935826,46.32000020016375],[132.88750155759064,46.320000228232],[132.82500105784172,46.32000022241199],[132.76250061887313,46.32000018607885],[132.70000026154173,46.320000209746986],[132.6374998332902,46.32000019594437],[132.5749993547976,46.320000234827866],[132.51249895091343,46.320000190528035],[132.44999845394614,46.320000239485715],[132.44999843879938,45.82000120122607]]]}"
00000000000000000151,3501,4,10030.0,7797.0,7778.5,5601.0,31188.0,"{""type"":""Polygon"",""coordinates"":[[[132.95000196281381,45.820001219582245],[133.01250188024727,45.820001215446084],[133.07500163091535,45.82000122429942],[133.13750164292594,45.82000121213811],[133.2000014356311,45.82000121516587],[133.26250134479332,45.82000124218806],[133.3250011668056,45.82000119985356],[133.38750105276455,45.820001183199125],[133.45000097657925,45.8200011929748],[133.4500009346695,46.320000250508265],[133.3875010525123,46.32000019452538],[133.32500118051212,46.32000021293318],[133.26250134752746,46.32000021343049],[133.20000148567436,46.32000023909068],[133.13750162432342,46.320000197468076],[133.07500169162492,46.320000222853864],[133.01250181070404,46.32000017901983],[132.95000190935826,46.32000020016375],[132.95000196281381,45.820001219582245]]]}"
00000000000000000152,3502,0,,,,,0.0,"{""type"":""Polygon"",""coordinates"":[[[133.45000097657925,45.8200011929748],[133.512500823214,45.82000118312357],[133.57500065542007,45.82000120140551],[133.63750053910255,45.82000120481987],[133.7000004480408,45.82000119401352],[133.7625002641905,45.82000121361541],[133.82500023439394,45.820001222978966],[133.88750006201803,45.82000117363804],[133.94999998902372,45.8200012056595],[133.94999998783138,46.32000021534902],[133.8875000911961,46.320000210669065],[133.8250001876571,46.32000019730487],[133.7625003929306,46.3200002217648],[133.70000045886607,46.320000233776504],[133.637500594119,46.32000023531848],[133.57500064099884,46.320000222849245],[133.51250080816394,46.320000198660765],[133.4500009346695,46.320000250508265],[133.45000097657925,45.8200011929748]]]}"
0000000000000000015e,3538,101,46314.0,11060.514851485148,8668.444444444445,5081.0,1117112.0,"{""type"":""Polygon"",""coordinates"":[[[127.44999956731245,46.32000020406828],[127.51249945362609,46.320000235768646],[127.57499938413406,46.320000220731885],[127.63749923194779,46.32000020037957],[127.69999905053287,46.320000231911216],[127.76249892441086,46.32000019036203],[127.82499880941053,46.32000017034175],[127.88749867699454,46.32000017553343],[127.94999849868579,46.3200002096504],[127.94999855403779,46.81999923833408],[127.88749874382512,46.81999920519305],[127.82499885919164,46.81999920771327],[127.76249892779873,46.819999242204226],[127.69999899303735,46.81999921306065],[127.63749924948814,46.819999224355485],[127.57499927741839,46.81999918723684],[127.51249945329643,46.81999922147729],[127.44999953984117,46.81999925355906],[127.44999956731245,46.32000020406828]]]}"
0000000000000000015f,3539,153,433162.0,18535.745098039217,9262.5,5551.0,2835969.0,"{""type"":""Polygon"",""coordinates"":[[[127.94999849868579,46.3200002096504],[128.0124989824612,46.32000024466877],[128.0749993783757,46.32000022403914],[128.13749992122484,46.32000021887863],[128.20000022168927,46.32000020357912],[128.26250079312155,46.32000022505026],[128.32500116300696,46.320000205265295],[128.38750156693365,46.320000214692776],[128.4500020742244,46.320000218088566],[128.4500020014307,46.81999923827652],[128.3875015816756,46.819999226931934],[128.32500114905145,46.81999925405929],[128.2625007452149,46.81999922431831],[128.20000029915784,46.81999917318798],[128.13749982370481,46.81999918924121],[128.07499944480344,46.819999230447884],[128.01249902233732,46.81999918666901],[127.94999855403779,46.81999923833408],[127.94999849868579,46.3200002096504]]]}"
00000000000000000160,3540,361,897299.0,28602.027700831026,10062.735294117647,5546.0,1.0325332E7,"{""type"":""Polygon"",""coordinates"":[[[128.4500020742244,46.320000218088566],[128.5125018363625,46.320000202228016],[128.57500182635155,46.320000201520976],[128.63750165460425,46.32000019179738],[128.7000014740269,46.3200001900751],[128.76250143776616,46.320000212875634],[128.82500125317156,46.32000019789147],[128.88750115738154,46.32000021368001],[128.95000103870194,46.32000021122072],[128.95000099625577,46.81999921314342],[128.88750112407962,46.81999924491668],[128.8250013169461,46.81999922357039],[128.76250140547873,46.819999224946166],[128.7000015149177,46.81999920645157],[128.63750157403197,46.81999920426097],[128.57500179283207,46.819999228894936],[128.51250193085215,46.81999921067056],[128.4500020014307,46.81999923827652],[128.4500020742244,46.320000218088566]]]}"
00000000000000000161,3541,141,352218.0,27457.85106382979,11134.92857142857,5545.0,3871557.0,"{""type"":""Polygon"",""coordinates"":[[[128.95000103870194,46.32000021122072],[129.01250086937418,46.32000019370152],[129.0750007060152,46.32000021621046],[129.13750061807087,46.3200002424461],[129.20000049356506,46.32000022353821],[129.26250038939395,46.32000021426441],[129.32500027817733,46.320000217558395],[129.38750013258291,46.32000023638155],[129.45000002194232,46.3200002340138],[129.45000004616048,46.81999918626206],[129.38750010789076,46.81999922347104],[129.32500030166753,46.819999203134635],[129.26250036054464,46.81999924254812],[129.20000060478233,46.819999219011876],[129.137500681868,46.81999919709496],[129.0750008019073,46.819999186250165],[129.0125008934998,46.81999922330953],[128.95000099625577,46.81999921314342],[128.95000103870194,46.32000021122072]]]}"
00000000000000000162,3542,3,7421.0,6802.333333333333,6802.0,6184.0,20407.0,"{""type"":""Polygon"",""coordinates"":[[[129.45000002194232,46.3200002340138],[129.51249991888238,46.3200002132628],[129.57499969955143,46.32000021681206],[129.63749961486732,46.32000021921052],[129.69999945609214,46.32000021168903],[129.76249937769632,46.32000020829636],[129.8249992563115,46.32000025170745],[129.88749917223257,46.32000021325096],[129.9499989911601,46.32000022704002],[129.94999900784086,46.819999231838835],[129.88749911035185,46.819999224967844],[129.82499921982705,46.819999233403905],[129.76249945996437,46.8199992141261],[129.69999947819355,46.819999234327284],[129.63749967971077,46.81999922171491],[129.57499980959693,46.81999920270212],[129.51249989430562,46.819999174467895],[129.45000004616048,46.81999918626206],[129.45000002194232,46.3200002340138]]]}"
00000000000000000163,3543,0,,,,,0.0,"{""type"":""Polygon"",""coordinates"":[[[129.9499989911601,46.32000022704002],[130.01249887873126,46.32000021524271],[130.07499871179607,46.32000022071077],[130.1374986454226,46.32000025646606],[130.19999848121392,46.320000223321074],[130.26249836393936,46.32000022536615],[130.324998276937,46.32000017366097],[130.38749808756344,46.32000020264055],[130.44999805703353,46.32000019247073],[130.44999800884244,46.81999917853619],[130.38749813019848,46.81999923563358],[130.32499824425904,46.819999245664306],[130.26249837716156,46.819999206318634],[130.1999985447434,46.81999920758588],[130.13749868604273,46.81999919583635],[130.07499872987066,46.819999209472435],[130.01249888617204,46.819999256568146],[129.94999900784086,46.819999231838835],[129.9499989911601,46.32000022704002]]]}"
00000000000000000164,3544,26,29091.0,10443.346153846154,7738.5,5571.0,271527.0,"{""type"":""Polygon"",""coordinates"":[[[130.44999805703353,46.32000019247073],[130.51249842695333,46.320000205161115],[130.5749989024533,46.32000018239401],[130.63749926541874,46.320000208304364],[130.6999996808097,46.3200002032204],[130.76250020861303,46.32000021945657],[130.82500055354518,46.320000199977656],[130.88750104478743,46.3200002562275],[130.9500014912057,46.32000019868643],[130.95000153076808,46.819999214993864],[130.8875010102196,46.819999211650625],[130.82500064474016,46.81999919618447],[130.76250017889257,46.81999919940201],[130.6999997351087,46.81999917746584],[130.6374993298138,46.8199992206344],[130.57499891063594,46.81999918363803],[130.51249839710437,46.81999919791666],[130.44999800884244,46.81999917853619],[130.44999805703353,46.32000019247073]]]}"
00000000000000000165,3545,22,20424.0,9180.818181818182,7741.0,5570.0,201978.0,"{""type"":""Polygon"",""coordinates"":[[[130.9500014912057,46.32000019868643],[131.01250138889444,46.320000236780636],[131.07500127556656,46.320000216101526],[131.13750111645152,46.32000023010912],[131.20000098066467,46.32000023927587],[131.26250084194797,46.320000245541024],[131.32500076922,46.320000209083155],[131.38750054594306,46.32000021539481],[131.45000051872498,46.320000190409054],[131.4500005021215,46.81999920977605],[131.38750059259235,46.8199991798751],[131.32500072230184,46.819999203872584],[131.2625008281495,46.81999922985844],[131.20000103195457,46.81999921385335],[131.13750107837717,46.8199991879462],[131.07500126553705,46.81999920873275],[131.01250134630018,46.81999921557619],[130.95000153076808,46.819999214993864],[130.9500014912057,46.32000019868643]]]}"
00000000000000000166,3546,3,11806.0,8074.666666666667,6215.0,6203.0,24224.0,"{""type"":""Polygon"",""coordinates"":[[[131.45000051872498,46.320000190409054],[131.51250028881924,46.32000021211944],[131.57500020273415,46.32000020596859],[131.63750013943343,46.32000021557132],[131.69999998513734,46.32000019341771],[131.76249988944843,46.32000023976489],[131.8249997454703,46.32000021565519],[131.8874996149651,46.3200001718992],[131.94999946542674,46.32000020154749],[131.94999946055563,46.81999923844991],[131.88749964403655,46.81999920552256],[131.82499976091248,46.81999919749819],[131.76249983629376,46.81999921268691],[131.69999999126415,46.819999206765665],[131.6375001551498,46.81999922088673],[131.57500026446954,46.81999920355174],[131.5125003371597,46.819999245363775],[131.4500005021215,46.81999920977605],[131.45000051872498,46.320000190409054]]]}"
00000000000000000167,3547,0,,,,,0.0,"{""type"":""Polygon"",""coordinates"":[[[131.94999946542674,46.32000020154749],[132.0124992776077,46.320000214800764],[132.07499920831108,46.320000219548405],[132.1374990488616,46.32000021097624],[132.1999989561546,46.320000196756844],[132.26249881002832,46.320000221037304],[132.32499877338498,46.320000199614704],[132.38749863183654,46.32000021956707],[132.44999845394614,46.320000239485715],[132.4499984200468,46.81999920715182],[132.38749863152654,46.81999919702491],[132.32499876079387,46.81999922987473],[132.26249883860808,46.81999921178373],[132.19999897970794,46.81999919054255],[132.13749911360622,46.81999920807104],[132.07499917592065,46.81999921360423],[132.01249937672404,46.8199992119887],[131.94999946055563,46.81999923844991],[131.94999946542674,46.32000020154749]]]}"
00000000000000000168,3548,1,16778.0,16778.0,16778.0,16778.0,16778.0,"{""type"":""Polygon"",""coordinates"":[[[132.44999845394614,46.320000239485715],[132.51249895091343,46.320000190528035],[132.5749993547976,46.320000234827866],[132.6374998332902,46.32000019594437],[132.70000026154173,46.320000209746986],[132.76250061887313,46.32000018607885],[132.82500105784172,46.32000022241199],[132.88750155759064,46.320000228232],[132.95000190935826,46.32000020016375],[132.9500019109951,46.81999920135924],[132.88750142962056,46.81999920751935],[132.8250011322197,46.819999231478555],[132.7625005831615,46.81999921432375],[132.70000026785638,46.8199992130315],[132.63749984092394,46.819999216839264],[132.57499932729144,46.819999224364544],[132.5124989369637,46.81999923959776],[132.4499984200468,46.81999920715182],[132.44999845394614,46.320000239485715]]]}"
00000000000000000169,3549,108,144197.0,15906.546296296296,9448.0,5572.0,1717907.0,"{""type"":""Polygon"",""coordinates"":[[[132.95000190935826,46.32000020016375],[133.01250181070404,46.32000017901983],[133.07500169162492,46.320000222853864],[133.13750162432342,46.320000197468076],[133.20000148567436,46.32000023909068],[133.26250134752746,46.32000021343049],[133.32500118051212,46.32000021293318],[133.3875010525123,46.32000019452538],[133.4500009346695,46.320000250508265],[133.45000100505163,46.819999217282664],[133.38750114232363,46.81999921029081],[133.32500117453034,46.81999918076796],[133.26250130804056,46.819999223920185],[133.20000148051028,46.81999919846976],[133.1375015277844,46.819999192123085],[133.075001659803,46.81999920785952],[133.01250181082415,46.81999919656368],[132.9500019109951,46.81999920135924],[132.95000190935826,46.32000020016375]]]}"
0000000000000000016a,3550,30,43928.0,13053.033333333333,7431.5,5550.0,391591.0,"{""type"":""Polygon"",""coordinates"":[[[133.4500009346695,46.320000250508265],[133.51250080816394,46.320000198660765],[133.57500064099884,46.320000222849245],[133.637500594119,46.32000023531848],[133.70000045886607,46.320000233776504],[133.7625003929306,46.3200002217648],[133.8250001876571,46.32000019730487],[133.8875000911961,46.320000210669065],[133.94999998783138,46.32000021534902],[133.94999998920204,46.81999923125212],[133.88750010236132,46.81999920834817],[133.82500018928087,46.81999921942492],[133.76250036849368,46.81999921895667],[133.70000047940295,46.8199992037697],[133.63750063796144,46.81999922082554],[133.57500068650003,46.819999174018704],[133.51250082889683,46.81999925064209],[133.45000100505163,46.819999217282664],[133.4500009346695,46.320000250508265]]]}"
00000000000000000178,3577,44,96104.0,17092.227272727272,10721.0,5499.0,752058.0,"{""type"":""Polygon"",""coordinates"":[[[127.44999953984117,46.81999925355906],[127.51249945329643,46.81999922147729],[127.57499927741839,46.81999918723684],[127.63749924948814,46.819999224355485],[127.69999899303735,46.81999921306065],[127.76249892779873,46.819999242204226],[127.82499885919164,46.81999920771327],[127.88749874382512,46.81999920519305],[127.94999855403779,46.81999923833408],[127.94999855773533,47.31999823298037],[127.88749867824974,47.31999825276998],[127.82499881350361,47.31999817809732],[127.76249895935248,47.31999819137858],[127.69999905817913,47.31999823483543],[127.63749915300016,47.31999821196441],[127.57499925508769,47.319998212104856],[127.5124993915399,47.31999823170729],[127.44999950563775,47.319998212676374],[127.44999953984117,46.81999925355906]]]}"
00000000000000000179,3578,103,699028.0,19893.087378640776,6621.226415094339,5503.0,2048988.0,"{""type"":""Polygon"",""coordinates"":[[[127.94999855403779,46.81999923833408],[128.01249902233732,46.81999918666901],[128.07499944480344,46.819999230447884],[128.13749982370481,46.81999918924121],[128.20000029915784,46.81999917318798],[128.2625007452149,46.81999922431831],[128.32500114905145,46.81999925405929],[128.3875015816756,46.819999226931934],[128.4500020014307,46.81999923827652],[128.45000195730302,47.31999822474198],[128.38750154005072,47.31999820659084],[128.32500109323738,47.31999822773024],[128.2625007430434,47.31999824567056],[128.20000024620091,47.3199981888664],[128.13749988450536,47.31999821542138],[128.07499941467952,47.31999825342575],[128.01249906339604,47.31999822144838],[127.94999855773533,47.31999823298037],[127.94999855403779,46.81999923833408]]]}"
0000000000000000017a,3579,292,542208.0,29964.972602739726,10212.226666666667,4228.0,8749772.0,"{""type"":""Polygon"",""coordinates"":[[[128.4500020014307,46.81999923827652],[128.51250193085215,46.81999921067056],[128.57500179283207,46.819999228894936],[128.63750157403197,46.81999920426097],[128.7000015149177,46.81999920645157],[128.76250140547873,46.819999224946166],[128.8250013169461,46.81999922357039],[128.88750112407962,46.81999924491668],[128.95000099625577,46.81999921314342],[128.95000098798107,47.3199982043104],[128.887501131119,47.31999817666641],[128.8250012197101,47.319998227876816],[128.76250139263797,47.31999822200457],[128.70000147735394,47.31999823567727],[128.637501599594,47.319998226030606],[128.57500178574728,47.31999819009009],[128.51250186302036,47.31999820392203],[128.45000195730302,47.31999822474198],[128.4500020014307,46.81999923827652]]]}"
0000000000000000017b,3580,211,712007.0,30394.417061611373,10063.813953488372,5494.0,6413222.0,"{""type"":""Polygon"",""coordinates"":[[[128.95000099625577,46.81999921314342],[129.0125008934998,46.81999922330953],[129.0750008019073,46.819999186250165],[129.137500681868,46.81999919709496],[129.20000060478233,46.819999219011876],[129.26250036054464,46.81999924254812],[129.32500030166753,46.819999203134635],[129.38750010789076,46.81999922347104],[129.45000004616048,46.81999918626206],[129.45000002316223,47.319998175646305],[129.38750020759377,47.319998212940455],[129.3250002419724,47.3199982191853],[129.26250033792505,47.3199982037424],[129.2000005087029,47.319998257115046],[129.13750070627916,47.31999823067192],[129.07500075849148,47.31999820195037],[129.01250087684153,47.31999818073819],[128.95000098798107,47.3199982043104],[128.95000099625577,46.81999921314342]]]}"
0000000000000000017c,3581,11,591908.0,78812.27272727272,6719.0,5498.0,866935.0,"{""type"":""Polygon"",""coordinates"":[[[129.45000004616048,46.81999918626206],[129.51249989430562,46.819999174467895],[129.57499980959693,46.81999920270212],[129.63749967971077,46.81999922171491],[129.69999947819355,46.819999234327284],[129.76249945996437,46.8199992141261],[129.82499921982705,46.819999233403905],[129.88749911035185,46.819999224967844],[129.94999900784086,46.819999231838835],[129.9499990934917,47.31999822876492],[129.8874990859469,47.31999822324456],[129.82499928115516,47.319998242230284],[129.76249943118302,47.31999822008092],[129.69999946298768,47.319998195043695],[129.63749967513994,47.319998228317274],[129.5749997330691,47.31999820107419],[129.51249983654682,47.319998215412866],[129.45000002316223,47.319998175646305],[129.45000004616048,46.81999918626206]]]}"
0000000000000000017d,3582,5,50805.0,19587.2,11017.0,10406.0,97936.0,"{""type"":""Polygon"",""coordinates"":[[[129.94999900784086,46.819999231838835],[130.01249888617204,46.819999256568146],[130.07499872987066,46.819999209472435],[130.13749868604273,46.81999919583635],[130.1999985447434,46.81999920758588],[130.26249837716156,46.819999206318634],[130.32499824425904,46.819999245664306],[130.38749813019848,46.81999923563358],[130.44999800884244,46.81999917853619],[130.44999802767393,47.319998231281346],[130.38749811951266,47.31999822752342],[130.32499831043552,47.31999822508877],[130.2624984393158,47.319998211693665],[130.19999853142912,47.31999818493489],[130.13749860146316,47.319998235667526],[130.07499878358172,47.31999822700791],[130.0124989063122,47.319998239259725],[129.9499990934917,47.31999822876492],[129.94999900784086,46.819999231838835]]]}"
0000000000000000017e,3583,0,,,,,0.0,"{""type"":""Polygon"",""coordinates"":[[[130.44999800884244,46.81999917853619],[130.51249839710437,46.81999919791666],[130.57499891063594,46.81999918363803],[130.6374993298138,46.8199992206344],[130.6999997351087,46.81999917746584],[130.76250017889257,46.81999919940201],[130.82500064474016,46.81999919618447],[130.8875010102196,46.819999211650625],[130.95000153076808,46.819999214993864],[130.95000154349714,47.319998217626186],[130.88750107682284,47.31999823900175],[130.8250006070768,47.31999823565751],[130.76250015927437,47.319998205590856],[130.69999974906173,47.319998240113804],[130.6374993221877,47.31999819259981],[130.5749988846717,47.31999824748198],[130.5124984807217,47.319998216077494],[130.44999802767393,47.319998231281346],[130.44999800884244,46.81999917853619]]]}"
0000000000000000017f,3584,1,5522.0,5522.0,5522.0,5522.0,5522.0,"{""type"":""Polygon"",""coordinates"":[[[130.95000153076808,46.819999214993864],[131.01250134630018,46.81999921557619],[131.07500126553705,46.81999920873275],[131.13750107837717,46.8199991879462],[131.20000103195457,46.81999921385335],[131.2625008281495,46.81999922985844],[131.32500072230184,46.819999203872584],[131.38750059259235,46.8199991798751],[131.4500005021215,46.81999920977605],[131.45000051324018,47.31999822624197],[131.38750060096575,47.31999826024821],[131.32500068189134,47.31999820049162],[131.2625008622204,47.31999818926618],[131.20000097967102,47.319998216767694],[131.13750115639473,47.31999823856893],[131.0750012304731,47.319998244447],[131.01250132447467,47.31999818996694],[130.95000154349714,47.319998217626186],[130.95000153076808,46.819999214993864]]]}"
00000000000000000180,3585,2,9768.0,8242.0,8242.0,6716.0,16484.0,"{""type"":""Polygon"",""coordinates"":[[[131.4500005021215,46.81999920977605],[131.5125003371597,46.819999245363775],[131.57500026446954,46.81999920355174],[131.6375001551498,46.81999922088673],[131.69999999126415,46.819999206765665],[131.76249983629376,46.81999921268691],[131.82499976091248,46.81999919749819],[131.88749964403655,46.81999920552256],[131.94999946055563,46.81999923844991],[131.94999941531822,47.31999822333269],[131.88749966128347,47.319998212239],[131.82499969610987,47.319998214603764],[131.76249982825829,47.31999819230359],[131.6999999852169,47.31999818711878],[131.63750009427497,47.31999824057275],[131.5750002844167,47.319998214627844],[131.51250038602834,47.31999819362626],[131.45000051324018,47.31999822624197],[131.4500005021215,46.81999920977605]]]}"
00000000000000000181,3586,1,5505.0,5505.0,5505.0,5505.0,5505.0,"{""type"":""Polygon"",""coordinates"":[[[131.94999946055563,46.81999923844991],[132.01249937672404,46.8199992119887],[132.07499917592065,46.81999921360423],[132.13749911360622,46.81999920807104],[132.19999897970794,46.81999919054255],[132.26249883860808,46.81999921178373],[132.32499876079387,46.81999922987473],[132.38749863152654,46.81999919702491],[132.4499984200468,46.81999920715182],[132.44999850500102,47.31999821248903],[132.3874985889146,47.3199981799644],[132.3249987319404,47.31999823471152],[132.26249887338554,47.31999823250599],[132.19999894117908,47.31999821571497],[132.1374991468455,47.31999818906267],[132.0749992309128,47.319998188673395],[132.0124994047348,47.31999821937767],[131.94999941531822,47.31999822333269],[131.94999946055563,46.81999923844991]]]}"
00000000000000000182,3587,0,,,,,0.0,"{""type"":""Polygon"",""coordinates"":[[[132.4499984200468,46.81999920715182],[132.5124989369637,46.81999923959776],[132.57499932729144,46.819999224364544],[132.63749984092394,46.819999216839264],[132.70000026785638,46.8199992130315],[132.7625005831615,46.81999921432375],[132.8250011322197,46.819999231478555],[132.88750142962056,46.81999920751935],[132.9500019109951,46.81999920135924],[132.95000195969533,47.319998224604205],[132.88750155119135,47.31999822759127],[132.82500110995377,47.31999818864009],[132.76250065541996,47.31999820009802],[132.70000021153433,47.31999826088495],[132.63749971638305,47.3199982272281],[132.57499937653142,47.31999819659549],[132.51249893258006,47.31999820679719],[132.44999850500102,47.31999821248903],[132.4499984200468,46.81999920715182]]]}"
00000000000000000183,3588,0,,,,,0.0,"{""type"":""Polygon"",""coordinates"":[[[132.9500019109951,46.81999920135924],[133.01250181082415,46.81999919656368],[133.075001659803,46.81999920785952],[133.1375015277844,46.819999192123085],[133.20000148051028,46.81999919846976],[133.26250130804056,46.819999223920185],[133.32500117453034,46.81999918076796],[133.38750114232363,46.81999921029081],[133.45000100505163,46.819999217282664],[133.45000089613927,47.31999822801418],[133.38750106979165,47.31999823345056],[133.32500120496,47.31999820931887],[133.26250132200641,47.319998248220294],[133.2000014486445,47.31999825584858],[133.1375016090694,47.31999823138611],[133.07500173169035,47.3199982186751],[133.01250184054715,47.31999821673432],[132.95000195969533,47.319998224604205],[132.9500019109951,46.81999920135924]]]}"
00000000000000000184,3589,14,19667.0,9827.857142857143,8295.5,5522.0,137590.0,"{""type"":""Polygon"",""coordinates"":[[[133.45000100505163,46.819999217282664],[133.51250082889683,46.81999925064209],[133.57500068650003,46.819999174018704],[133.63750063796144,46.81999922082554],[133.70000047940295,46.8199992037697],[133.76250036849368,46.81999921895667],[133.82500018928087,46.81999921942492],[133.88750010236132,46.81999920834817],[133.94999998920204,46.81999923125212],[133.9499998912126,47.31999822239692],[133.8875001193098,47.31999823269425],[133.82500011669083,47.31999821947038],[133.76250037485838,47.319998235148276],[133.70000045028303,47.31999822593541],[133.63750055455375,47.319998193799286],[133.57500070862463,47.31999823165086],[133.5125008473216,47.319998197121976],[133.45000089613927,47.31999822801418],[133.45000100505163,46.819999217282664]]]}"
00000000000000000193,3616,13,15743.0,8386.923076923076,6675.0,5452.0,109030.0,"{""type"":""Polygon"",""coordinates"":[[[126.95000058605342,47.31999823287081],[127.01250039695056,47.31999824238488],[127.07500030561735,47.31999822149044],[127.13750018372478,47.31999821180714],[127.20000000362782,47.3199982172658],[127.26249992176646,47.31999825850744],[127.32499984381919,47.31999819158124],[127.3874997086649,47.31999820597151],[127.44999950563775,47.319998212676374],[127.44999957965193,47.82000169194986],[127.3874996547237,47.820001663680806],[127.32499981540917,47.82000164119748],[127.26249988495792,47.820001698046475],[127.20000000866177,47.82000169823227],[127.13750011175412,47.82000167654945],[127.07500030540542,47.82000168475974],[127.01250043031854,47.820001701985895],[126.9500006152503,47.820001686223094],[126.95000058605342,47.31999823287081]]]}"
00000000000000000194,3617,143,445734.0,27485.643356643355,11146.666666666666,5444.0,3930447.0,"{""type"":""Polygon"",""coordinates"":[[[127.44999950563775,47.319998212676374],[127.5124993915399,47.31999823170729],[127.57499925508769,47.319998212104856],[127.63749915300016,47.31999821196441],[127.69999905817913,47.31999823483543],[127.76249895935248,47.31999819137858],[127.82499881350361,47.31999817809732],[127.88749867824974,47.31999825276998],[127.94999855773533,47.31999823298037],[127.94999856002117,47.820001708221945],[127.88749868202218,47.82000167963046],[127.824998780193,47.82000164565874],[127.76249896607099,47.820001657704466],[127.6999990790309,47.820001696680315],[127.63749916154565,47.82000166516451],[127.57499930891208,47.82000170847227],[127.51249947875858,47.8200016743845],[127.44999957965193,47.82000169194986],[127.44999950563775,47.319998212676374]]]}"
00000000000000000195,3618,292,514964.0,23392.97602739726,11074.333333333334,3180.0,6830749.0,"{""type"":""Polygon"",""coordinates"":[[[127.94999855773533,47.31999823298037],[128.01249906339604,47.31999822144838],[128.07499941467952,47.31999825342575],[128.13749988450536,47.31999821542138],[128.20000024620091,47.3199981888664],[128.2625007430434,47.31999824567056],[128.32500109323738,47.31999822773024],[128.38750154005072,47.31999820659084],[128.45000195730302,47.31999822474198],[128.45000201161625,47.8200016619826],[128.38750163290345,47.820001668848946],[128.3250011237998,47.82000165655249],[128.26250078337475,47.82000169067413],[128.20000027813836,47.82000164486328],[128.1374998920774,47.820001678885546],[128.07499947908275,47.82000168078875],[128.01249896410874,47.820001686614894],[127.94999856002117,47.820001708221945],[127.94999855773533,47.31999823298037]]]}"
00000000000000000196,3619,202,980113.0,23581.188118811882,9877.272727272728,5445.0,4763400.0,"{""type"":""Polygon"",""coordinates"":[[[128.45000195730302,47.31999822474198],[128.51250186302036,47.31999820392203],[128.57500178574728,47.31999819009009],[128.637501599594,47.319998226030606],[128.70000147735394,47.31999823567727],[128.76250139263797,47.31999822200457],[128.8250012197101,47.319998227876816],[128.887501131119,47.31999817666641],[128.95000098798107,47.3199982043104],[128.95000099528525,47.82000169270258],[128.88750117125318,47.82000167679396],[128.82500119959352,47.82000168135166],[128.76250139376356,47.8200016765575],[128.70000149104465,47.820001686250514],[128.63750161761175,47.82000166720721],[128.575001784872,47.820001710500506],[128.5125019459908,47.82000166517008],[128.45000201161625,47.8200016619826],[128.45000195730302,47.31999822474198]]]}"
00000000000000000197,3620,313,441621.0,17843.415335463258,11279.689655172413,1245.0,5584989.0,"{""type"":""Polygon"",""coordinates"":[[[128.95000098798107,47.3199982043104],[129.01250087684153,47.31999818073819],[129.07500075849148,47.31999820195037],[129.13750070627916,47.31999823067192],[129.2000005087029,47.319998257115046],[129.26250033792505,47.3199982037424],[129.3250002419724,47.3199982191853],[129.38750020759377,47.319998212940455],[129.45000002316223,47.319998175646305],[129.45000003984373,47.820001666110045],[129.38750008706714,47.820001656861336],[129.32500026137976,47.82000167537584],[129.2625003997984,47.82000170675452],[129.20000054019337,47.82000165415971],[129.13750068207085,47.820001703012956],[129.07500077596598,47.82000170302595],[129.0125008473093,47.82000165132004],[128.95000099528525,47.82000169270258],[128.95000098798107,47.3199982043104]]]}"
00000000000000000198,3621,556,399684.0,21291.31654676259,9042.5,5333.0,1.1837972E7,"{""type"":""Polygon"",""coordinates"":[[[129.45000002316223,47.319998175646305],[129.51249983654682,47.319998215412866],[129.5749997330691,47.31999820107419],[129.63749967513994,47.319998228317274],[129.69999946298768,47.319998195043695],[129.76249943118302,47.31999822008092],[129.82499928115516,47.319998242230284],[129.8874990859469,47.31999822324456],[129.9499990934917,47.31999822876492],[129.9499989671855,47.82000166561821],[129.88749913220332,47.8200016903239],[129.82499923742301,47.82000166890327],[129.76249939604787,47.82000165159621],[129.69999953284375,47.82000167735215],[129.63749968429204,47.82000164951658],[129.57499976338596,47.82000170087405],[129.51249990690175,47.820001693549436],[129.45000003984373,47.820001666110045],[129.45000002316223,47.319998175646305]]]}"
00000000000000000199,3622,2,12146.0,8808.0,8808.0,5470.0,17616.0,"{""type"":""Polygon"",""coordinates"":[[[129.9499990934917,47.31999822876492],[130.0124989063122,47.319998239259725],[130.07499878358172,47.31999822700791],[130.13749860146316,47.319998235667526],[130.19999853142912,47.31999818493489],[130.2624984393158,47.319998211693665],[130.32499831043552,47.31999822508877],[130.38749811951266,47.31999822752342],[130.44999802767393,47.319998231281346],[130.44999804239657,47.82000164443988],[130.38749808763484,47.82000167843362],[130.32499825322185,47.820001705836304],[130.26249847458004,47.82000167244929],[130.19999857733148,47.82000165988672],[130.13749858590393,47.82000166565053],[130.07499881275746,47.82000165631142],[130.01249889474175,47.82000170242648],[129.9499989671855,47.82000166561821],[129.9499990934917,47.31999822876492]]]}"
0000000000000000019a,3623,0,,,,,0.0,"{""type"":""Polygon"",""coordinates"":[[[130.44999802767393,47.319998231281346],[130.5124984807217,47.319998216077494],[130.5749988846717,47.31999824748198],[130.6374993221877,47.31999819259981],[130.69999974906173,47.319998240113804],[130.76250015927437,47.319998205590856],[130.8250006070768,47.31999823565751],[130.88750107682284,47.31999823900175],[130.95000154349714,47.319998217626186],[130.95000153300577,47.820001677214144],[130.8875011115223,47.82000167572777],[130.82500061652354,47.82000168331422],[130.76250017121194,47.82000165537431],[130.69999979037124,47.82000168428305],[130.63749931895313,47.82000166440211],[130.57499887085663,47.820001645450766],[130.51249837106838,47.82000166762428],[130.44999804239657,47.82000164443988],[130.44999802767393,47.319998231281346]]]}"
0000000000000000019b,3624,2,16420.0,10947.0,10947.0,5474.0,21894.0,"{""type"":""Polygon"",""coordinates"":[[[130.95000154349714,47.319998217626186],[131.01250132447467,47.31999818996694],[131.0750012304731,47.319998244447],[131.13750115639473,47.31999823856893],[131.20000097967102,47.319998216767694],[131.2625008622204,47.31999818926618],[131.32500068189134,47.31999820049162],[131.38750060096575,47.31999826024821],[131.45000051324018,47.31999822624197],[131.4500004643455,47.82000170540743],[131.3875006338808,47.82000165955922],[131.32500072685846,47.82000164722369],[131.26250085741125,47.82000171776105],[131.20000106598278,47.820001680935356],[131.13750108076323,47.82000166390218],[131.07500130350132,47.82000168160919],[131.01250129029407,47.82000166374587],[130.95000153300577,47.820001677214144],[130.95000154349714,47.319998217626186]]]}"
0000000000000000019c,3625,0,,,,,0.0,"{""type"":""Polygon"",""coordinates"":[[[131.45000051324018,47.31999822624197],[131.51250038602834,47.31999819362626],[131.5750002844167,47.319998214627844],[131.63750009427497,47.31999824057275],[131.6999999852169,47.31999818711878],[131.76249982825829,47.31999819230359],[131.82499969610987,47.319998214603764],[131.88749966128347,47.319998212239],[131.94999941531822,47.31999822333269],[131.94999942452947,47.820001685812414],[131.88749961146323,47.82000167950608],[131.82499972790131,47.82000163300989],[131.76249988156778,47.82000168974171],[131.70000001215442,47.820001703177866],[131.637500143627,47.82000167173647],[131.57500029237153,47.82000168817787],[131.5125003913191,47.820001699977546],[131.4500004643455,47.82000170540743],[131.45000051324018,47.31999822624197]]]}"
0000000000000000019d,3626,0,,,,,0.0,"{""type"":""Polygon"",""coordinates"":[[[131.94999941531822,47.31999822333269],[132.0124994047348,47.31999821937767],[132.0749992309128,47.319998188673395],[132.1374991468455,47.31999818906267],[132.19999894117908,47.31999821571497],[132.26249887338554,47.31999823250599],[132.3249987319404,47.31999823471152],[132.3874985889146,47.3199981799644],[132.44999850500102,47.31999821248903],[132.4499984372111,47.82000165841101],[132.38749854030672,47.820001682283184],[132.324998762125,47.82000168928448],[132.2624989369018,47.82000167244569],[132.1999989905392,47.82000167451862],[132.13749913589535,47.82000170021236],[132.07499921365303,47.820001647645356],[132.0124993324922,47.820001660113306],[131.94999942452947,47.820001685812414],[131.94999941531822,47.31999822333269]]]}"
0000000000000000019e,3627,0,,,,,0.0,"{""type"":""Polygon"",""coordinates"":[[[132.44999850500102,47.31999821248903],[132.51249893258006,47.31999820679719],[132.57499937653142,47.31999819659549],[132.63749971638305,47.3199982272281],[132.70000021153433,47.31999826088495],[132.76250065541996,47.31999820009802],[132.82500110995377,47.31999818864009],[132.88750155119135,47.31999822759127],[132.95000195969533,47.319998224604205],[132.95000196870623,47.82000166759307],[132.88750150158805,47.82000163763135],[132.82500105785775,47.820001648285974],[132.76250066074493,47.820001698611456],[132.70000014910426,47.8200016882553],[132.63749982826883,47.8200016708657],[132.57499934276726,47.82000163515238],[132.51249890010808,47.82000167947101],[132.4499984372111,47.82000165841101],[132.44999850500102,47.31999821248903]]]}"
0000000000000000019f,3628,0,,,,,0.0,"{""type"":""Polygon"",""coordinates"":[[[132.95000195969533,47.319998224604205],[133.01250184054715,47.31999821673432],[133.07500173169035,47.3199982186751],[133.1375016090694,47.31999823138611],[133.2000014486445,47.31999825584858],[133.26250132200641,47.319998248220294],[133.32500120496,47.31999820931887],[133.38750106979165,47.31999823345056],[133.45000089613927,47.31999822801418],[133.45000088908088,47.820001690245405],[133.38750105763296,47.82000167446004],[133.3250011598901,47.8200016622015],[133.2625013120344,47.820001701679345],[133.20000144833259,47.82000164861994],[133.13750158424224,47.82000169099593],[133.07500165429968,47.82000168423682],[133.01250177466656,47.820001676702],[132.95000196870623,47.82000166759307],[132.95000195969533,47.319998224604205]]]}"
000000000000000001a0,3629,0,,,,,0.0,"{""type"":""Polygon"",""coordinates"":[[[133.45000089613927,47.31999822801418],[133.5125008473216,47.319998197121976],[133.57500070862463,47.31999823165086],[133.63750055455375,47.319998193799286],[133.70000045028303,47.31999822593541],[133.76250037485838,47.319998235148276],[133.82500011669083,47.31999821947038],[133.8875001193098,47.31999823269425],[133.9499998912126,47.31999822239692],[133.94999997155898,47.820001701369556],[133.88750008347134,47.820001655424484],[133.82500022649836,47.8200016699847],[133.76250033010064,47.820001696025045],[133.70000051376394,47.820001687117674],[133.6375005147931,47.82000168559517],[133.57500073581858,47.820001696694796],[133.51250082064246,47.82000171373779],[133.45000088908088,47.820001690245405],[133.45000089613927,47.31999822801418]]]}"
000000000000000001a1,3630,2,15782.0,10630.0,10630.0,5478.0,21260.0,"{""type"":""Polygon"",""coordinates"":[[[133.9499998912126,47.31999822239692],[134.01249978343412,47.319998193922416],[134.0749996771786,47.31999819327237],[134.1374995486427,47.31999822093654],[134.199999468691,47.319998231550215],[134.2624993203598,47.31999817789482],[134.3249991710282,47.319998201489724],[134.38749899847656,47.319998209216116],[134.4499989663265,47.31999820265954],[134.44999899772853,47.82000167314871],[134.38749911224636,47.82000168823561],[134.32499926421767,47.820001674373344],[134.26249938122115,47.8200016777761],[134.19999948635467,47.82000169805653],[134.1374995087921,47.82000168668125],[134.07499975548936,47.820001693360325],[134.01249977623115,47.82000166555],[133.94999997155898,47.820001701369556],[133.9499998912126,47.31999822239692]]]}"
000000000000000001b6,3661,111,90964.0,13245.396396396396,9011.8,5398.0,1470239.0,"{""type"":""Polygon"",""coordinates"":[[[126.9500006152503,47.820001686223094],[127.01250043031854,47.820001701985895],[127.07500030540542,47.82000168475974],[127.13750011175412,47.82000167654945],[127.20000000866177,47.82000169823227],[127.26249988495792,47.820001698046475],[127.32499981540917,47.82000164119748],[127.3874996547237,47.820001663680806],[127.44999957965193,47.82000169194986],[127.44999960474539,48.320000669976004],[127.38749967711202,48.320000644470504],[127.32499978936114,48.32000071156156],[127.26250000155214,48.32000067839991],[127.20000003115312,48.32000065806788],[127.13750017777483,48.32000071982129],[127.07500031423098,48.32000065358231],[127.01250043133062,48.320000645053945],[126.95000055491533,48.320000690552035],[126.9500006152503,47.820001686223094]]]}"
000000000000000001b7,3662,57,156672.0,15021.701754385966,9051.0,5405.0,856237.0,"{""type"":""Polygon"",""coordinates"":[[[127.44999957965193,47.82000169194986],[127.51249947875858,47.8200016743845],[127.57499930891208,47.82000170847227],[127.63749916154565,47.82000166516451],[127.6999990790309,47.820001696680315],[127.76249896607099,47.820001657704466],[127.824998780193,47.82000164565874],[127.88749868202218,47.82000167963046],[127.94999856002117,47.820001708221945],[127.94999847954128,48.32000067365355],[127.88749870964298,48.32000065946763],[127.82499879241065,48.32000067070786],[127.76249885572976,48.32000066432628],[127.69999901133167,48.320000692383815],[127.63749919835767,48.32000069627792],[127.57499925370647,48.32000065642084],[127.51249937508706,48.32000068032802],[127.44999960474539,48.320000669976004],[127.44999957965193,47.82000169194986]]]}"
000000000000000001b8,3663,256,344227.0,25487.6796875,11058.333333333334,5391.0,6524846.0,"{""type"":""Polygon"",""coordinates"":[[[127.94999856002117,47.820001708221945],[128.01249896410874,47.820001686614894],[128.07499947908275,47.82000168078875],[128.1374998920774,47.820001678885546],[128.20000027813836,47.82000164486328],[128.26250078337475,47.82000169067413],[128.3250011237998,47.82000165655249],[128.38750163290345,47.820001668848946],[128.45000201161625,47.8200016619826],[128.45000195933298,48.32000068178735],[128.38750163434796,48.32000066740815],[128.32500115063795,48.3200007189902],[128.26250075250837,48.32000065818918],[128.2000002456373,48.32000065691312],[128.1374998594808,48.320000632038884],[128.07499941449652,48.32000066033439],[128.01249903802608,48.32000069876574],[127.94999847954128,48.32000067365355],[127.94999856002117,47.820001708221945]]]}"
000000000000000001b9,3664,164,468626.0,23368.65243902439,11279.42857142857,4636.0,3832459.0,"{""type"":""Polygon"",""coordinates"":[[[128.45000201161625,47.8200016619826],[128.5125019459908,47.82000166517008],[128.575001784872,47.820001710500506],[128.63750161761175,47.82000166720721],[128.70000149104465,47.820001686250514],[128.76250139376356,47.8200016765575],[128.82500119959352,47.82000168135166],[128.88750117125318,47.82000167679396],[128.95000099528525,47.82000169270258],[128.95000101426174,48.32000063492578],[128.8875011169435,48.320000664685494],[128.82500125668585,48.320000718099536],[128.76250138412513,48.32000064314271],[128.7000015839105,48.32000068122502],[128.63750161721202,48.32000066624657],[128.57500178618406,48.320000663591635],[128.51250192597004,48.3200006563609],[128.45000195933298,48.32000068178735],[128.45000201161625,47.8200016619826]]]}"
000000000000000001ba,3665,181,861075.0,29272.861878453037,9881.941176470587,4987.0,5298388.0,"{""type"":""Polygon"",""coordinates"":[[[128.95000099528525,47.82000169270258],[129.0125008473093,47.82000165132004],[129.07500077596598,47.82000170302595],[129.13750068207085,47.820001703012956],[129.20000054019337,47.82000165415971],[129.2625003997984,47.82000170675452],[129.32500026137976,47.82000167537584],[129.38750008706714,47.820001656861336],[129.45000003984373,47.820001666110045],[129.4499999738419,48.320000666116364],[129.38750013684896,48.32000070798244],[129.32500025629145,48.320000659213505],[129.26250043251625,48.320000665968635],[129.20000049951298,48.32000071299364],[129.13750059623078,48.32000066135063],[129.07500072082715,48.32000069841877],[129.0125008225485,48.320000672490586],[128.95000101426174,48.32000063492578],[128.95000099528525,47.82000169270258]]]}"
000000000000000001bb,3666,334,421984.0,24505.155688622755,9106.4,4569.0,8184722.0,"{""type"":""Polygon"",""coordinates"":[[[129.45000003984373,47.820001666110045],[129.51249990690175,47.820001693549436],[129.57499976338596,47.82000170087405],[129.63749968429204,47.82000164951658],[129.69999953284375,47.82000167735215],[129.76249939604787,47.82000165159621],[129.82499923742301,47.82000166890327],[129.88749913220332,47.8200016903239],[129.9499989671855,47.82000166561821],[129.94999903750062,48.32000070000579],[129.8874990723998,48.32000066841223],[129.82499923962,48.32000068443441],[129.7624993842131,48.32000063938474],[129.6999996077228,48.32000067927337],[129.6374996663592,48.320000641546294],[129.57499985168943,48.320000683905626],[129.51249992054682,48.3200006434557],[129.4499999738419,48.320000666116364],[129.45000003984373,47.820001666110045]]]}"
000000000000000001bc,3667,40,77682.0,15926.4,9902.5,4926.0,637056.0,"{""type"":""Polygon"",""coordinates"":[[[129.9499989671855,47.82000166561821],[130.01249889474175,47.82000170242648],[130.07499881275746,47.82000165631142],[130.13749858590393,47.82000166565053],[130.19999857733148,47.82000165988672],[130.26249847458004,47.82000167244929],[130.32499825322185,47.820001705836304],[130.38749808763484,47.82000167843362],[130.44999804239657,47.82000164443988],[130.44999805680516,48.320000678997154],[130.3874982140771,48.320000683401446],[130.32499832462295,48.32000065813213],[130.26249840157269,48.32000069609918],[130.1999984791407,48.320000699942405],[130.1374985811937,48.32000066747656],[130.07499872055067,48.32000069165777],[130.01249893195535,48.32000067521257],[129.94999903750062,48.32000070000579],[129.9499989671855,47.82000166561821]]]}"
000000000000000001bd,3668,0,,,,,0.0,"{""type"":""Polygon"",""coordinates"":[[[132.95000196870623,47.82000166759307],[133.01250177466656,47.820001676702],[133.07500165429968,47.82000168423682],[133.13750158424224,47.82000169099593],[133.20000144833259,47.82000164861994],[133.2625013120344,47.820001701679345],[133.3250011598901,47.8200016622015],[133.38750105763296,47.82000167446004],[133.45000088908088,47.820001690245405],[133.45000097629637,48.32000069077117],[133.3875010599721,48.32000071830988],[133.32500124497574,48.320000686449156],[133.26250135831413,48.32000068618962],[133.2000015204015,48.32000067091772],[133.13750156202465,48.320000635828045],[133.0750016933965,48.32000067943632],[133.01250184757862,48.32000065586407],[132.9500019446507,48.32000070503076],[132.95000196870623,47.82000166759307]]]}"
000000000000000001be,3669,0,,,,,0.0,"{""type"":""Polygon"",""coordinates"":[[[133.45000088908088,47.820001690245405],[133.51250082064246,47.82000171373779],[133.57500073581858,47.820001696694796],[133.6375005147931,47.82000168559517],[133.70000051376394,47.820001687117674],[133.76250033010064,47.820001696025045],[133.82500022649836,47.8200016699847],[133.88750008347134,47.820001655424484],[133.94999997155898,47.820001701369556],[133.95000001127582,48.32000067643981],[133.88750011368234,48.32000068025573],[133.82500023134213,48.32000067855949],[133.76250038676417,48.32000067087667],[133.70000041049383,48.32000065388099],[133.63750061149324,48.32000067892331],[133.57500072575175,48.32000069338554],[133.5125007758469,48.32000069645733],[133.45000097629637,48.32000069077117],[133.45000088908088,47.820001690245405]]]}"
000000000000000001bf,3670,0,,,,,0.0,"{""type"":""Polygon"",""coordinates"":[[[133.94999997155898,47.820001701369556],[134.01249977623115,47.82000166555],[134.07499975548936,47.820001693360325],[134.1374995087921,47.82000168668125],[134.19999948635467,47.82000169805653],[134.26249938122115,47.8200016777761],[134.32499926421767,47.820001674373344],[134.38749911224636,47.82000168823561],[134.44999899772853,47.82000167314871],[134.44999896081916,48.32000071374855],[134.38749907873992,48.32000069119952],[134.32499922434633,48.32000066815842],[134.2624993232209,48.320000691288875],[134.19999939940612,48.32000066480005],[134.13749957060992,48.32000063695492],[134.0749996651732,48.32000070093656],[134.01249980450015,48.32000071420608],[133.95000001127582,48.32000067643981],[133.94999997155898,47.820001701369556]]]}"
000000000000000001d1,3695,2,15537.0,14003.5,14003.5,12470.0,28007.0,"{""type"":""Polygon"",""coordinates"":[[[126.45000155545148,48.320000640928306],[126.5125015079106,48.32000069026038],[126.57500121745309,48.320000670164106],[126.63750111723581,48.32000067818931],[126.70000109633489,48.32000066142698],[126.76250092183605,48.3200007001604],[126.82500087699556,48.320000683470006],[126.88750072906444,48.32000069176821],[126.95000055491533,48.320000690552035],[126.95000047889657,48.81999968089932],[126.88750067175889,48.819999646741685],[126.82500078365418,48.819999686588574],[126.76250096292195,48.81999966241595],[126.70000102629773,48.81999964790803],[126.63750118943068,48.819999657598366],[126.57500128775645,48.81999966938266],[126.51250145159331,48.819999640999946],[126.45000158273507,48.81999970261229],[126.45000155545148,48.320000640928306]]]}"
000000000000000001d2,3696,180,109539.0,11945.988888888889,7753.090909090909,5340.0,2150278.0,"{""type"":""Polygon"",""coordinates"":[[[126.95000055491533,48.320000690552035],[127.01250043133062,48.320000645053945],[127.07500031423098,48.32000065358231],[127.13750017777483,48.32000071982129],[127.20000003115312,48.32000065806788],[127.26250000155214,48.32000067839991],[127.32499978936114,48.32000071156156],[127.38749967711202,48.320000644470504],[127.44999960474539,48.320000669976004],[127.44999954169977,48.819999717766066],[127.38749970566208,48.81999964303728],[127.32499977895185,48.81999968840126],[127.2624999078097,48.81999971535618],[127.20000003087998,48.81999966414551],[127.13750024205957,48.81999968340077],[127.07500028937669,48.81999969574163],[127.01250049291157,48.819999675978906],[126.95000047889657,48.81999968089932],[126.95000055491533,48.320000690552035]]]}"
000000000000000001d3,3697,186,328794.0,19058.521505376346,9075.058823529413,4709.0,3544885.0,"{""type"":""Polygon"",""coordinates"":[[[127.44999960474539,48.320000669976004],[127.51249937508706,48.32000068032802],[127.57499925370647,48.32000065642084],[127.63749919835767,48.32000069627792],[127.69999901133167,48.320000692383815],[127.76249885572976,48.32000066432628],[127.82499879241065,48.32000067070786],[127.88749870964298,48.32000065946763],[127.94999847954128,48.32000067365355],[127.94999857466465,48.81999969070796],[127.88749869231036,48.81999970172171],[127.82499874639713,48.81999968460537],[127.76249895278399,48.819999652050136],[127.69999912835225,48.819999680722084],[127.63749912322483,48.819999655320196],[127.5749993275004,48.81999970072915],[127.5124994007136,48.81999968529132],[127.44999954169977,48.819999717766066],[127.44999960474539,48.320000669976004]]]}"
000000000000000001d4,3698,145,303777.0,19505.337931034483,9316.538461538461,5349.0,2828274.0,"{""type"":""Polygon"",""coordinates"":[[[127.94999847954128,48.32000067365355],[128.01249903802608,48.32000069876574],[128.07499941449652,48.32000066033439],[128.1374998594808,48.320000632038884],[128.2000002456373,48.32000065691312],[128.26250075250837,48.32000065818918],[128.32500115063795,48.3200007189902],[128.38750163434796,48.32000066740815],[128.45000195933298,48.32000068178735],[128.45000208786936,48.81999968220571],[128.3875015744037,48.81999969656761],[128.3250010976003,48.819999681680116],[128.26250076984348,48.81999969001648],[128.20000023211645,48.81999968878008],[128.13749989176011,48.81999970489372],[128.074999390067,48.81999970506103],[128.01249894290413,48.81999970132899],[127.94999857466465,48.81999969070796],[127.94999847954128,48.32000067365355]]]}"
000000000000000001d5,3699,273,1704041.0,20734.161172161173,11649.22619047619,3734.0,5660426.0,"{""type"":""Polygon"",""coordinates"":[[[128.45000195933298,48.32000068178735],[128.51250192597004,48.3200006563609],[128.57500178618406,48.320000663591635],[128.63750161721202,48.32000066624657],[128.7000015839105,48.32000068122502],[128.76250138412513,48.32000064314271],[128.82500125668585,48.320000718099536],[128.8875011169435,48.320000664685494],[128.95000101426174,48.32000063492578],[128.95000100886944,48.81999968236525],[128.88750118631359,48.819999684222644],[128.8250012083767,48.81999968096087],[128.76250139401674,48.81999964230576],[128.7000014577201,48.819999688688114],[128.63750164393497,48.819999639435494],[128.57500175583607,48.81999966943804],[128.5125018318636,48.81999967984412],[128.45000208786936,48.81999968220571],[128.45000195933298,48.32000068178735]]]}"
000000000000000001d6,3700,695,679077.0,23030.343884892085,9893.709677419354,5343.0,1.6006089E7,"{""type"":""Polygon"",""coordinates"":[[[128.95000101426174,48.32000063492578],[129.0125008225485,48.320000672490586],[129.07500072082715,48.32000069841877],[129.13750059623078,48.32000066135063],[129.20000049951298,48.32000071299364],[129.26250043251625,48.320000665968635],[129.32500025629145,48.320000659213505],[129.38750013684896,48.32000070798244],[129.4499999738419,48.320000666116364],[129.44999999799023,48.81999970061323],[129.38750012928216,48.819999691163716],[129.32500021127325,48.81999966988255],[129.26250035712002,48.819999688479115],[129.20000050058744,48.81999969014194],[129.13750066529303,48.819999672288745],[129.0750007720344,48.81999967374909],[129.01250084437189,48.81999969176692],[128.95000100886944,48.81999968236525],[128.95000101426174,48.32000063492578]]]}"
000000000000000001d7,3701,638,992654.0,21187.826018808777,9936.349315068494,5338.0,1.3517833E7,"{""type"":""Polygon"",""coordinates"":[[[129.4499999738419,48.320000666116364],[129.51249992054682,48.3200006434557],[129.57499985168943,48.320000683905626],[129.6374996663592,48.320000641546294],[129.6999996077228,48.32000067927337],[129.7624993842131,48.32000063938474],[129.82499923962,48.32000068443441],[129.8874990723998,48.32000066841223],[129.94999903750062,48.32000070000579],[129.94999902478074,48.81999965382323],[129.88749912157033,48.81999971539035],[129.82499928921402,48.81999965833162],[129.76249933477484,48.81999966088539],[129.69999957623008,48.81999969011395],[129.63749965142247,48.81999972028048],[129.57499978861617,48.819999664703886],[129.51249989642875,48.81999965898092],[129.44999999799023,48.81999970061323],[129.4499999738419,48.320000666116364]]]}"
000000000000000001d8,3702,105,271664.0,17485.295238095237,9101.75,5345.0,1835956.0,"{""type"":""Polygon"",""coordinates"":[[[129.94999903750062,48.32000070000579],[130.01249893195535,48.32000067521257],[130.07499872055067,48.32000069165777],[130.1374985811937,48.32000066747656],[130.1999984791407,48.320000699942405],[130.26249840157269,48.32000069609918],[130.32499832462295,48.32000065813213],[130.3874982140771,48.320000683401446],[130.44999805680516,48.320000678997154],[130.44999806472345,48.819999702100866],[130.38749815452732,48.819999651531866],[130.3249983018712,48.819999702416844],[130.26249835782426,48.819999650158586],[130.19999851680763,48.81999969523277],[130.13749872150365,48.81999968625952],[130.07499879099447,48.81999970628447],[130.0124989524377,48.819999667872956],[129.94999902478074,48.81999965382323],[129.94999903750062,48.32000070000579]]]}"
000000000000000001e6,3724,1,17070.0,17070.0,17070.0,17070.0,17070.0,"{""type"":""Polygon"",""coordinates"":[[[125.44999905749467,48.819999691215045],[125.512498905933,48.819999675923256],[125.57499884618875,48.819999704371334],[125.63749868398934,48.819999664671776],[125.69999856021103,48.81999967711888],[125.76249846943605,48.8199996504889],[125.82499836411102,48.819999684259535],[125.88749823867927,48.819999687238706],[125.94999806655089,48.81999966359956],[125.94999812209686,49.31999867782892],[125.88749824219282,49.31999868750504],[125.82499834880966,49.319998713615476],[125.76249848873545,49.31999865592007],[125.69999864512779,49.3199987029729],[125.63749877991107,49.31999869606533],[125.57499881266224,49.31999866874712],[125.51249896051121,49.3199986378002],[125.44999903626172,49.31999867435532],[125.44999905749467,48.819999691215045]]]}"
000000000000000001e7,3725,8,22440.0,10408.25,8857.0,5317.0,83266.0,"{""type"":""Polygon"",""coordinates"":[[[125.94999806655089,48.81999966359956],[126.01249857885287,48.81999969683215],[126.07499890742697,48.819999653247706],[126.13749938454382,48.819999671818245],[126.1999998147705,48.819999641386055],[126.26250023681692,48.819999718861816],[126.32500076926418,48.819999679134206],[126.38750115671388,48.81999969785069],[126.45000158273507,48.81999970261229],[126.45000148704506,49.31999868660245],[126.38750109498807,49.31999871349722],[126.32500069955306,49.31999871048062],[126.26250032594739,49.319998673796036],[126.19999978724663,49.319998676483905],[126.13749940653723,49.31999869579036],[126.07499893153512,49.31999865030073],[126.01249855889753,49.31999865223937],[125.94999812209686,49.31999867782892],[125.94999806655089,48.81999966359956]]]}"
000000000000000001e8,3726,7,20635.0,9451.42857142857,7672.0,5435.0,66160.0,"{""type"":""Polygon"",""coordinates"":[[[126.45000158273507,48.81999970261229],[126.51250145159331,48.819999640999946],[126.57500128775645,48.81999966938266],[126.63750118943068,48.819999657598366],[126.70000102629773,48.81999964790803],[126.76250096292195,48.81999966241595],[126.82500078365418,48.819999686588574],[126.88750067175889,48.819999646741685],[126.95000047889657,48.81999968089932],[126.95000055992448,49.31999865074524],[126.8875006215284,49.31999868448983],[126.82500077910763,49.31999869771832],[126.762500864799,49.31999866875906],[126.70000107676628,49.31999870881395],[126.637501179725,49.31999864200441],[126.57500135241993,49.319998676061424],[126.51250144652195,49.31999869220597],[126.45000148704506,49.31999868660245],[126.45000158273507,48.81999970261229]]]}"
000000000000000001e9,3727,9,21906.0,9651.0,7070.0,5328.0,86859.0,"{""type"":""Polygon"",""coordinates"":[[[126.95000047889657,48.81999968089932],[127.01250049291157,48.819999675978906],[127.07500028937669,48.81999969574163],[127.13750024205957,48.81999968340077],[127.20000003087998,48.81999966414551],[127.2624999078097,48.81999971535618],[127.32499977895185,48.81999968840126],[127.38749970566208,48.81999964303728],[127.44999954169977,48.819999717766066],[127.44999958521359,49.31999869869117],[127.3874996703024,49.31999871620195],[127.32499976197725,49.3199987008879],[127.26249997209291,49.31999870633658],[127.20000004430993,49.31999865511662],[127.13750017792938,49.31999865759878],[127.07500030973446,49.31999865343412],[127.01250035853039,49.31999867854425],[126.95000055992448,49.31999865074524],[126.95000047889657,48.81999968089932]]]}"
000000000000000001ea,3728,44,76394.0,11277.568181818182,7691.0,5322.0,496213.0,"{""type"":""Polygon"",""coordinates"":[[[127.44999954169977,48.819999717766066],[127.5124994007136,48.81999968529132],[127.5749993275004,48.81999970072915],[127.63749912322483,48.819999655320196],[127.69999912835225,48.819999680722084],[127.76249895278399,48.819999652050136],[127.82499874639713,48.81999968460537],[127.88749869231036,48.81999970172171],[127.94999857466465,48.81999969070796],[127.94999854243655,49.31999870325998],[127.88749868324417,49.31999870295578],[127.82499883250256,49.31999871207144],[127.76249892554144,49.31999867113539],[127.69999896952858,49.31999867351369],[127.6374990933085,49.31999867585293],[127.57499932073034,49.319998675139026],[127.51249937720726,49.319998691631696],[127.44999958521359,49.31999869869117],[127.44999954169977,48.819999717766066]]]}"
000000000000000001eb,3729,11,13569.0,6988.0,6516.0,5309.0,76868.0,"{""type"":""Polygon"",""coordinates"":[[[127.94999857466465,48.81999969070796],[128.01249894290413,48.81999970132899],[128.074999390067,48.81999970506103],[128.13749989176011,48.81999970489372],[128.20000023211645,48.81999968878008],[128.26250076984348,48.81999969001648],[128.3250010976003,48.819999681680116],[128.3875015744037,48.81999969656761],[128.45000208786936,48.81999968220571],[128.4500020769027,49.31999869164275],[128.38750159295174,49.3199986940715],[128.32500113901526,49.31999864762282],[128.26250072306811,49.31999864618051],[128.20000036829023,49.319998686913195],[128.13749981517773,49.3199986956896],[128.07499947491394,49.31999870003033],[128.01249898361658,49.31999866620524],[127.94999854243655,49.31999870325998],[127.94999857466465,48.81999969070796]]]}"
000000000000000001ec,3730,6,13548.0,7559.666666666667,6189.5,5298.0,45358.0,"{""type"":""Polygon"",""coordinates"":[[[128.45000208786936,48.81999968220571],[128.5125018318636,48.81999967984412],[128.57500175583607,48.81999966943804],[128.63750164393497,48.819999639435494],[128.7000014577201,48.819999688688114],[128.76250139401674,48.81999964230576],[128.8250012083767,48.81999968096087],[128.88750118631359,48.819999684222644],[128.95000100886944,48.81999968236525],[128.9500010629384,49.31999870203685],[128.88750113193424,49.31999864321245],[128.82500122527455,49.319998669436146],[128.76250138000432,49.319998681309286],[128.70000151479408,49.3199987176145],[128.63750166735358,49.31999867882055],[128.5750017417684,49.319998700169144],[128.5125018805382,49.3199986408421],[128.4500020769027,49.31999869164275],[128.45000208786936,48.81999968220571]]]}"
000000000000000001ed,3731,108,78655.0,12542.907407407407,8281.272727272728,5315.0,1354634.0,"{""type"":""Polygon"",""coordinates"":[[[128.95000100886944,48.81999968236525],[129.01250084437189,48.81999969176692],[129.0750007720344,48.81999967374909],[129.13750066529303,48.819999672288745],[129.20000050058744,48.81999969014194],[129.26250035712002,48.819999688479115],[129.32500021127325,48.81999966988255],[129.38750012928216,48.819999691163716],[129.44999999799023,48.81999970061323],[129.45000008668038,49.31999868750756],[129.38750007377692,49.31999868673301],[129.32500021540574,49.31999866545562],[129.26250043030024,49.319998663563055],[129.200000546446,49.31999866576425],[129.1375005866159,49.31999866934139],[129.07500076814696,49.31999868484304],[129.01250091928688,49.31999869662608],[128.9500010629384,49.31999870203685],[128.95000100886944,48.81999968236525]]]}"
000000000000000001ee,3732,126,39714.0,10063.055555555555,7703.3,5316.0,1267945.0,"{""type"":""Polygon"",""coordinates"":[[[129.44999999799023,48.81999970061323],[129.51249989642875,48.81999965898092],[129.57499978861617,48.819999664703886],[129.63749965142247,48.81999972028048],[129.69999957623008,48.81999969011395],[129.76249933477484,48.81999966088539],[129.82499928921402,48.81999965833162],[129.88749912157033,48.81999971539035],[129.94999902478074,48.81999965382323],[129.9499990568056,49.31999866988823],[129.88749921729718,49.31999868873238],[129.82499926059631,49.3199986514121],[129.76249939223052,49.319998664074966],[129.69999954302023,49.31999867026567],[129.63749963176568,49.31999871018703],[129.57499969339383,49.31999868449834],[129.51249993284654,49.319998699954745],[129.45000008668038,49.31999868750756],[129.44999999799023,48.81999970061323]]]}"
000000000000000001fa,3750,0,,,,,0.0,"{""type"":""Polygon"",""coordinates"":[[[125.44999903626172,49.31999867435532],[125.51249896051121,49.3199986378002],[125.57499881266224,49.31999866874712],[125.63749877991107,49.31999869606533],[125.69999864512779,49.3199987029729],[125.76249848873545,49.31999865592007],[125.82499834880966,49.319998713615476],[125.88749824219282,49.31999868750504],[125.94999812209686,49.31999867782892],[125.94999802499119,49.82000214644784],[125.88749816253666,49.820002114791976],[125.82499832409094,49.82000213892938],[125.76249844801725,49.82000215615371],[125.69999855914003,49.82000216250906],[125.63749868235043,49.820002154065904],[125.57499884260659,49.82000212692126],[125.51249895711662,49.820002115125874],[125.44999905086843,49.82000211460452],[125.44999903626172,49.31999867435532]]]}"
000000000000000001fb,3751,3,12327.0,7826.333333333333,5869.0,5283.0,23479.0,"{""type"":""Polygon"",""coordinates"":[[[125.94999812209686,49.31999867782892],[126.01249855889753,49.31999865223937],[126.07499893153512,49.31999865030073],[126.13749940653723,49.31999869579036],[126.19999978724663,49.319998676483905],[126.26250032594739,49.319998673796036],[126.32500069955306,49.31999871048062],[126.38750109498807,49.31999871349722],[126.45000148704506,49.31999868660245],[126.4500015885819,49.82000215905692],[126.38750110096532,49.820002111030746],[126.32500074470154,49.82000212880137],[126.26250026239487,49.82000213101025],[126.19999987270343,49.8200021334424],[126.13749940573634,49.82000211274001],[126.07499897264918,49.8200021236173],[126.01249851123265,49.82000210373886],[125.94999802499119,49.82000214644784],[125.94999812209686,49.31999867782892]]]}"
000000000000000001fc,3752,71,36675.0,9810.704225352112,7582.0,5233.0,696560.0,"{""type"":""Polygon"",""coordinates"":[[[126.45000148704506,49.31999868660245],[126.51250144652195,49.31999869220597],[126.57500135241993,49.319998676061424],[126.637501179725,49.31999864200441],[126.70000107676628,49.31999870881395],[126.762500864799,49.31999866875906],[126.82500077910763,49.31999869771832],[126.8875006215284,49.31999868448983],[126.95000055992448,49.31999865074524],[126.95000054518933,49.8200021627203],[126.88750072449349,49.82000213472831],[126.82500075638399,49.820002143690786],[126.76250096642703,49.82000216491615],[126.70000109584353,49.82000211872708],[126.63750123682173,49.82000215681524],[126.57500134517144,49.8200021202929],[126.51250142535473,49.82000210283962],[126.4500015885819,49.82000215905692],[126.45000148704506,49.31999868660245]]]}"
000000000000000001fd,3753,11,130188.0,18203.090909090908,6412.0,5246.0,200234.0,"{""type"":""Polygon"",""coordinates"":[[[126.95000055992448,49.31999865074524],[127.01250035853039,49.31999867854425],[127.07500030973446,49.31999865343412],[127.13750017792938,49.31999865759878],[127.20000004430993,49.31999865511662],[127.26249997209291,49.31999870633658],[127.32499976197725,49.3199987008879],[127.3874996703024,49.31999871620195],[127.44999958521359,49.31999869869117],[127.44999949563304,49.82000214072123],[127.3874997277802,49.820002156395404],[127.32499983797447,49.82000215686105],[127.26249984966924,49.820002138632844],[127.2000000701362,49.82000217323307],[127.13750015046428,49.8200021251106],[127.0750002911551,49.82000210585054],[127.0125004086741,49.82000215197968],[126.95000054518933,49.8200021627203],[126.95000055992448,49.31999865074524]]]}"
000000000000000001fe,3754,16,23400.0,8045.8125,6443.5,5267.0,128733.0,"{""type"":""Polygon"",""coordinates"":[[[127.44999958521359,49.31999869869117],[127.51249937720726,49.319998691631696],[127.57499932073034,49.319998675139026],[127.6374990933085,49.31999867585293],[127.69999896952858,49.31999867351369],[127.76249892554144,49.31999867113539],[127.82499883250256,49.31999871207144],[127.88749868324417,49.31999870295578],[127.94999854243655,49.31999870325998],[127.949998553071,49.82000215344691],[127.88749871054698,49.820002162673134],[127.82499886326974,49.82000215816248],[127.76249892783204,49.82000217751252],[127.69999903357065,49.82000217694417],[127.6374992035723,49.82000215347483],[127.57499935445287,49.820002144545434],[127.51249950927193,49.82000214699459],[127.44999949563304,49.82000214072123],[127.44999958521359,49.31999869869117]]]}"
000000000000000001ff,3755,8,27538.0,10618.75,8202.0,5273.0,84950.0,"{""type"":""Polygon"",""coordinates"":[[[128.4500020769027,49.31999869164275],[128.5125018805382,49.3199986408421],[128.5750017417684,49.319998700169144],[128.63750166735358,49.31999867882055],[128.70000151479408,49.3199987176145],[128.76250138000432,49.319998681309286],[128.82500122527455,49.319998669436146],[128.88750113193424,49.31999864321245],[128.9500010629384,49.31999870203685],[128.95000105836675,49.82000215021561],[128.88750116856147,49.82000213734442],[128.82500121573872,49.820002129609335],[128.7625014187392,49.82000213832504],[128.70000160307626,49.82000214701699],[128.637501594503,49.82000213867386],[128.57500180848416,49.82000213913505],[128.5125018743751,49.82000211696883],[128.45000210164497,49.82000214005799],[128.4500020769027,49.31999869164275]]]}"
0000000000000000020f,3772,0,,,,,0.0,"{""type"":""Polygon"",""coordinates"":[[[126.95000054518933,49.8200021627203],[127.0125004086741,49.82000215197968],[127.0750002911551,49.82000210585054],[127.13750015046428,49.8200021251106],[127.2000000701362,49.82000217323307],[127.26249984966924,49.820002138632844],[127.32499983797447,49.82000215686105],[127.3874997277802,49.820002156395404],[127.44999949563304,49.82000214072123],[127.44999955532839,50.32000112906199],[127.38749973927973,50.32000112879277],[127.32499987027185,50.32000114394282],[127.2624998811014,50.320001113361336],[127.20000008177554,50.32000110925041],[127.137500188919,50.32000115129152],[127.07500024387113,50.32000113780828],[127.01250035883824,50.3200011236153],[126.95000055653797,50.320001105579024],[126.95000054518933,49.8200021627203]]]}"
00000000000000000375,1271,1,6036.0,6036.0,6036.0,6036.0,6036.0,"{""type"":""Polygon"",""coordinates"":[[[113.94999980127372,32.32000139930718],[114.01249961494779,32.32000147297087],[114.07499948848324,32.320001443798695],[114.13749938691707,32.320001408979365],[114.19999927528013,32.320001465359766],[114.26249911859477,32.32000146548364],[114.32499906323218,32.320001387416006],[114.3874988927758,32.3200014453977],[114.44999875351041,32.32000145417617],[114.44999875351041,32.82000044007273],[114.3874988927758,32.820000449144246],[114.32499906323218,32.82000038147387],[114.26249911859477,32.82000042263287],[114.19999927528013,32.82000044057064],[114.13749938691707,32.820000458369364],[114.07499948848324,32.820000461532686],[114.01249961494779,32.82000043532753],[113.94999980127372,32.820000445859044],[113.94999980127372,32.32000139930718]]]}"
00000000000000000376,1272,0,,,,,0.0,"{""type"":""Polygon"",""coordinates"":[[[114.44999875351041,32.32000145417617],[114.51249861031246,32.320001427842186],[114.57499851865738,32.32000144271289],[114.63749835271804,32.320001449788876],[114.69999825847623,32.32000142479996],[114.76249811002621,32.32000139946462],[114.82499805317266,32.32000142976418],[114.8874978713726,32.32000140368843],[114.94999780081427,32.320001438566635],[114.94999780081427,32.82000039869134],[114.8874978713726,32.820000471356586],[114.82499805317266,32.82000040875931],[114.76249811002621,32.820000418320475],[114.69999825847623,32.82000045041125],[114.63749835271804,32.82000045050323],[114.57499851865738,32.82000046830989],[114.51249861031246,32.82000044841857],[114.44999875351041,32.82000044007273],[114.44999875351041,32.32000145417617]]]}"
00000000000000000377,1273,1,6814.0,6814.0,6814.0,6814.0,6814.0,"{""type"":""Polygon"",""coordinates"":[[[114.94999780081427,32.320001438566635],[115.01249816795351,32.32000146959015],[115.0749986654598,32.32000140288038],[115.13749907662935,32.3200014497419],[115.19999954668145,32.320001420838565],[115.26249994931185,32.320001426927625],[115.32500033907466,32.320001459096574],[115.38750077038793,32.320001427163376],[115.45000120714293,32.32000142166578],[115.45000120714293,32.82000043363161],[115.38750077038793,32.820000449705724],[115.32500033907466,32.820000450988154],[115.26249994931185,32.82000042860673],[115.19999954668145,32.820000392844236],[115.13749907662935,32.82000043411554],[115.0749986654598,32.8200004427379],[115.01249816795351,32.820000447220316],[114.94999780081427,32.82000039869134],[114.94999780081427,32.320001438566635]]]}"
00000000000000000378,1274,5,11339.0,8019.2,6819.0,5304.0,40096.0,"{""type"":""Polygon"",""coordinates"":[[[115.45000120714293,32.32000142166578],[115.51250107096507,32.320001407376985],[115.57500095838192,32.320001419303445],[115.63750083301515,32.32000146624268],[115.70000074871464,32.320001456428884],[115.76250057859622,32.3200014178138],[115.82500046656986,32.320001399743994],[115.887500375804,32.32000140978485],[115.95000026937656,32.32000145526995],[115.95000026937656,32.82000041916121],[115.887500375804,32.820000421449805],[115.82500046656986,32.82000041102862],[115.76250057859622,32.820000461639296],[115.70000074871466,32.82000040593483],[115.63750083301515,32.82000043700682],[115.57500095838192,32.82000044731195],[115.51250107096507,32.82000044885994],[115.45000120714293,32.82000043363161],[115.45000120714293,32.32000142166578]]]}"
00000000000000000379,1275,18,85546.0,17748.944444444445,8706.0,5299.0,319481.0,"{""type"":""Polygon"",""coordinates"":[[[115.95000026937656,32.32000145526995],[116.01250011027291,32.320001462748515],[116.07499995156216,32.320001419237954],[116.13749984612735,32.32000139182046],[116.1999997565261,32.32000138660463],[116.26249964521116,32.3200014094689],[116.32499947452831,32.32000146606192],[116.38749938684246,32.32000144104321],[116.44999925409569,32.32000143998077],[116.44999925409569,32.820000431551],[116.38749938684246,32.82000041593924],[116.32499947452831,32.820000449090905],[116.26249964521116,32.82000042651181],[116.1999997565261,32.82000038427004],[116.13749984612735,32.8200003976255],[116.07499995156216,32.820000461566465],[116.01250011027291,32.8200004104849],[115.95000026937656,32.82000041916121],[115.95000026937656,32.32000145526995]]]}"
00000000000000000399,1354,1,5277.0,5277.0,5277.0,5277.0,5277.0,"{""type"":""Polygon"",""coordinates"":[[[113.45000073852206,32.82000045738891],[113.51250063189646,32.82000044297495],[113.57500050125826,32.82000040771853],[113.63750040251857,32.8200004321287],[113.70000030076775,32.820000451966536],[113.76250016111256,32.820000402858426],[113.82500003945233,32.82000044541866],[113.88749990088554,32.82000043351769],[113.94999980127372,32.820000445859044],[113.94999980127372,33.31999940736294],[113.88749990088554,33.31999946752585],[113.82500003945233,33.31999944916309],[113.76250016111256,33.31999943630769],[113.70000030076775,33.31999941356999],[113.63750040251857,33.319999464376274],[113.57500050125826,33.31999941111282],[113.51250063189646,33.31999939916657],[113.45000073852206,33.31999943020615],[113.45000073852206,32.82000045738891]]]}"
0000000000000000039a,1355,0,,,,,0.0,"{""type"":""Polygon"",""coordinates"":[[[113.94999980127372,32.820000445859044],[114.01249961494779,32.82000043532753],[114.07499948848324,32.820000461532686],[114.13749938691707,32.820000458369364],[114.19999927528013,32.82000044057064],[114.26249911859477,32.82000042263287],[114.32499906323218,32.82000038147387],[114.3874988927758,32.820000449144246],[114.44999875351041,32.82000044007273],[114.44999875351041,33.31999947285501],[114.3874988927758,33.31999943532899],[114.32499906323218,33.319999454119724],[114.26249911859477,33.31999947356894],[114.19999927528013,33.31999944299312],[114.13749938691707,33.319999467131176],[114.07499948848324,33.319999451697676],[114.01249961494779,33.31999946337857],[113.94999980127372,33.31999940736294],[113.94999980127372,32.820000445859044]]]}"
0000000000000000039b,1356,0,,,,,0.0,"{""type"":""Polygon"",""coordinates"":[[[114.44999875351041,32.82000044007273],[114.51249861031246,32.82000044841857],[114.57499851865738,32.82000046830989],[114.63749835271804,32.82000045050323],[114.69999825847623,32.82000045041125],[114.76249811002621,32.820000418320475],[114.82499805317266,32.82000040875931],[114.8874978713726,32.820000471356586],[114.94999780081427,32.82000039869134],[114.94999780081427,33.319999412216795],[114.8874978713726,33.31999945252937],[114.82499805317266,33.31999940340534],[114.76249811002621,33.31999947277791],[114.69999825847623,33.31999945083402],[114.63749835271804,33.31999944520803],[114.57499851865738,33.319999425501464],[114.51249861031246,33.31999941820001],[114.44999875351041,33.31999947285501],[114.44999875351041,32.82000044007273]]]}"
0000000000000000039c,1357,0,,,,,0.0,"{""type"":""Polygon"",""coordinates"":[[[114.94999780081427,32.82000039869134],[115.01249816795351,32.820000447220316],[115.0749986654598,32.8200004427379],[115.13749907662935,32.82000043411554],[115.19999954668145,32.820000392844236],[115.26249994931185,32.82000042860673],[115.32500033907466,32.820000450988154],[115.38750077038793,32.820000449705724],[115.45000120714293,32.82000043363161],[115.45000120714293,33.31999946052401],[115.38750077038793,33.31999943417552],[115.32500033907466,33.31999943157021],[115.26249994931185,33.31999944468957],[115.19999954668145,33.31999940466633],[115.13749907662935,33.31999940244694],[115.0749986654598,33.31999940956604],[115.01249816795351,33.31999945568287],[114.94999780081427,33.319999412216795],[114.94999780081427,32.82000039869134]]]}"
0000000000000000039d,1358,0,,,,,0.0,"{""type"":""Polygon"",""coordinates"":[[[115.45000120714293,32.82000043363161],[115.51250107096507,32.82000044885994],[115.57500095838192,32.82000044731195],[115.63750083301515,32.82000043700682],[115.70000074871466,32.82000040593483],[115.76250057859622,32.820000461639296],[115.82500046656986,32.82000041102862],[115.887500375804,32.820000421449805],[115.95000026937656,32.82000041916121],[115.95000026937656,33.3199993962823],[115.887500375804,33.319999398681105],[115.82500046656986,33.31999941982503],[115.76250057859622,33.31999945401814],[115.70000074871464,33.31999941539755],[115.63750083301515,33.319999417480794],[115.57500095838192,33.31999943372211],[115.51250107096507,33.31999947713965],[115.45000120714293,33.31999946052401],[115.45000120714293,32.82000043363161]]]}"
0000000000000000039e,1359,0,,,,,0.0,"{""type"":""Polygon"",""coordinates"":[[[115.95000026937656,32.82000041916121],[116.01250011027291,32.8200004104849],[116.07499995156216,32.820000461566465],[116.13749984612735,32.8200003976255],[116.1999997565261,32.82000038427004],[116.26249964521116,32.82000042651181],[116.32499947452831,32.820000449090905],[116.38749938684246,32.82000041593924],[116.44999925409569,32.820000431551],[116.44999925409569,33.31999938968129],[116.38749938684246,33.31999939563013],[116.32499947452831,33.31999939458108],[116.26249964521116,33.319999442413376],[116.1999997565261,33.31999941702903],[116.13749984612735,33.31999939407746],[116.07499995156216,33.319999449090936],[116.01250011027291,33.31999941809312],[115.95000026937656,33.3199993962823],[115.95000026937656,32.82000041916121]]]}"
0000000000000000039f,1360,0,,,,,0.0,"{""type"":""Polygon"",""coordinates"":[[[116.44999925409569,32.820000431551],[116.51249912824201,32.82000039945983],[116.57499897102883,32.820000403243085],[116.63749883404937,32.82000042568275],[116.69999876867364,32.820000449132294],[116.76249864621,32.82000041698555],[116.82499851772049,32.82000039094096],[116.8874983441674,32.820000452909476],[116.94999826605553,32.82000040358809],[116.94999826605553,33.319999383585],[116.8874983441674,33.31999945534426],[116.82499851772049,33.31999943250921],[116.76249864621,33.31999943534433],[116.69999876867364,33.31999938309882],[116.63749883404937,33.31999945393905],[116.57499897102883,33.31999946633257],[116.51249912824201,33.31999943886227],[116.44999925409569,33.31999938968129],[116.44999925409569,32.820000431551]]]}"
000000000000000003a0,1361,0,,,,,0.0,"{""type"":""Polygon"",""coordinates"":[[[116.94999826605553,32.82000040358809],[117.01249869297735,32.82000045906521],[117.07499913599196,32.82000040522253],[117.1374995553392,32.82000040240898],[117.20000000084326,32.82000043023659],[117.26250043236597,32.8200004093413],[117.32500080961702,32.82000041941064],[117.38750127144553,32.82000041793437],[117.45000168746127,32.82000042539477],[117.45000168746127,33.319999449106824],[117.38750127144553,33.31999944861658],[117.32500080961704,33.31999946580087],[117.26250043236597,33.31999940165387],[117.20000000084326,33.319999458301226],[117.1374995553392,33.319999398821366],[117.07499913599196,33.31999938228776],[117.01249869297735,33.31999943011528],[116.94999826605553,33.319999383585],[116.94999826605553,32.82000040358809]]]}"
000000000000000003a1,1362,10,17332.0,9495.6,8667.0,5275.0,94956.0,"{""type"":""Polygon"",""coordinates"":[[[117.45000168746127,32.82000042539477],[117.51250156887173,32.82000046777795],[117.57500141246646,32.82000041708215],[117.6375013560503,32.82000038816627],[117.70000117902012,32.820000421845215],[117.76250110819338,32.820000451849694],[117.82500092265155,32.82000043926614],[117.88750084859045,32.82000039634346],[117.9500006647658,32.820000442403284],[117.9500006647658,33.31999945759957],[117.88750084859045,33.31999946248232],[117.82500092265155,33.319999399037805],[117.76250110819338,33.31999938565056],[117.70000117902012,33.319999411907766],[117.6375013560503,33.319999437917495],[117.57500141246646,33.31999945223338],[117.51250156887173,33.31999941448783],[117.45000168746127,33.319999449106824],[117.45000168746127,32.82000042539477]]]}"
000000000000000003bc,1437,0,,,,,0.0,"{""type"":""Polygon"",""coordinates"":[[[112.95000174215942,33.31999945281427],[113.01250165895985,33.319999411260426],[113.07500155915373,33.31999940470769],[113.13750140764363,33.31999945202331],[113.20000126025225,33.319999391987984],[113.2625011728133,33.319999386978765],[113.32500101945124,33.31999939188492],[113.3875008560576,33.31999940650867],[113.45000073852206,33.31999943020615],[113.45000073852206,33.819998475586125],[113.3875008560576,33.81999841819604],[113.32500101945124,33.819998433826854],[113.26250117281332,33.81999844353404],[113.20000126025225,33.819998448399375],[113.13750140764363,33.81999841314222],[113.07500155915373,33.819998418888],[113.01250165895985,33.81999846576559],[112.95000174215942,33.819998454984756],[112.95000174215942,33.31999945281427]]]}"
000000000000000003bd,1438,0,,,,,0.0,"{""type"":""Polygon"",""coordinates"":[[[113.45000073852206,33.31999943020615],[113.51250063189646,33.31999939916657],[113.57500050125826,33.31999941111282],[113.63750040251857,33.319999464376274],[113.70000030076775,33.31999941356999],[113.76250016111256,33.31999943630769],[113.82500003945233,33.31999944916309],[113.88749990088554,33.31999946752585],[113.94999980127372,33.31999940736294],[113.94999980127372,33.81999844291692],[113.88749990088554,33.819998467156125],[113.82500003945233,33.819998390568344],[113.76250016111256,33.81999845836588],[113.70000030076775,33.81999841494688],[113.63750040251857,33.81999842454044],[113.57500050125826,33.81999847195692],[113.51250063189647,33.819998461320424],[113.45000073852206,33.819998475586125],[113.45000073852206,33.31999943020615]]]}"
000000000000000003be,1439,0,,,,,0.0,"{""type"":""Polygon"",""coordinates"":[[[113.94999980127372,33.31999940736294],[114.01249961494779,33.31999946337857],[114.07499948848324,33.319999451697676],[114.13749938691707,33.319999467131176],[114.19999927528013,33.31999944299312],[114.26249911859477,33.31999947356894],[114.32499906323218,33.319999454119724],[114.3874988927758,33.31999943532899],[114.44999875351041,33.31999947285501],[114.44999875351041,33.81999844755842],[114.3874988927758,33.819998423232],[114.32499906323218,33.81999842592611],[114.26249911859477,33.81999840142855],[114.19999927528013,33.81999845987655],[114.13749938691707,33.81999846620625],[114.07499948848324,33.81999840744315],[114.01249961494779,33.81999843086872],[113.94999980127372,33.81999844291692],[113.94999980127372,33.31999940736294]]]}"
000000000000000003bf,1440,0,,,,,0.0,"{""type"":""Polygon"",""coordinates"":[[[114.44999875351041,33.31999947285501],[114.51249861031246,33.31999941820001],[114.57499851865738,33.319999425501464],[114.63749835271804,33.31999944520803],[114.69999825847623,33.31999945083402],[114.76249811002621,33.31999947277791],[114.82499805317266,33.31999940340534],[114.8874978713726,33.31999945252937],[114.94999780081427,33.319999412216795],[114.94999780081427,33.81999842387686],[114.8874978713726,33.81999841807638],[114.82499805317266,33.81999844730341],[114.76249811002621,33.81999840028786],[114.69999825847623,33.819998468155305],[114.63749835271804,33.8199984394671],[114.57499851865738,33.819998444393654],[114.51249861031246,33.819998430502736],[114.44999875351041,33.81999844755842],[114.44999875351041,33.31999947285501]]]}"
000000000000000003c0,1441,0,,,,,0.0,"{""type"":""Polygon"",""coordinates"":[[[114.94999780081427,33.319999412216795],[115.01249816795351,33.31999945568287],[115.0749986654598,33.31999940956604],[115.13749907662935,33.31999940244694],[115.19999954668145,33.31999940466633],[115.26249994931185,33.31999944468957],[115.32500033907466,33.31999943157021],[115.38750077038793,33.31999943417552],[115.45000120714293,33.31999946052401],[115.45000120714293,33.81999840847643],[115.38750077038793,33.81999841238275],[115.32500033907466,33.819998397703316],[115.26249994931185,33.81999843690678],[115.19999954668145,33.81999838277379],[115.13749907662935,33.8199984065297],[115.0749986654598,33.819998400607886],[115.01249816795351,33.81999847554762],[114.94999780081427,33.81999842387686],[114.94999780081427,33.319999412216795]]]}"
000000000000000003c1,1442,0,,,,,0.0,"{""type"":""Polygon"",""coordinates"":[[[115.45000120714293,33.31999946052401],[115.51250107096507,33.31999947713965],[115.57500095838192,33.31999943372211],[115.63750083301515,33.319999417480794],[115.70000074871464,33.31999941539755],[115.76250057859622,33.31999945401814],[115.82500046656986,33.31999941982503],[115.887500375804,33.319999398681105],[115.95000026937656,33.3199993962823],[115.95000026937656,33.819998403619906],[115.887500375804,33.81999840542678],[115.82500046656986,33.81999845628396],[115.76250057859622,33.819998471841],[115.70000074871466,33.819998446937966],[115.63750083301515,33.81999841627405],[115.57500095838192,33.81999843350893],[115.51250107096507,33.81999843304238],[115.45000120714293,33.81999840847643],[115.45000120714293,33.31999946052401]]]}"
000000000000000003c2,1446,0,,,,,0.0,"{""type"":""Polygon"",""coordinates"":[[[117.45000168746127,33.319999449106824],[117.51250156887173,33.31999941448783],[117.57500141246646,33.31999945223338],[117.6375013560503,33.319999437917495],[117.70000117902012,33.319999411907766],[117.76250110819338,33.31999938565056],[117.82500092265155,33.319999399037805],[117.88750084859045,33.31999946248232],[117.9500006647658,33.31999945759957],[117.9500006647658,33.8199983996038],[117.88750084859045,33.81999840239685],[117.82500092265155,33.819998415917226],[117.76250110819338,33.81999840119507],[117.70000117902012,33.819998428085626],[117.6375013560503,33.81999845723529],[117.57500141246646,33.81999840024629],[117.51250156887173,33.81999845333863],[117.45000168746127,33.81999842692694],[117.45000168746127,33.319999449106824]]]}"
000000000000000003c3,1447,0,,,,,0.0,"{""type"":""Polygon"",""coordinates"":[[[117.9500006647658,33.31999945759957],[118.01250059673546,33.31999939395042],[118.07500042291933,33.31999946834235],[118.13750027893767,33.31999947461193],[118.20000021071498,33.319999464534106],[118.26250008541567,33.31999945463312],[118.32499994851155,33.31999941728663],[118.38749984514642,33.319999403151854],[118.44999973101154,33.3199994058599],[118.44999973101154,33.819998391533716],[118.38749984514642,33.81999842499313],[118.32499994851155,33.8199984669294],[118.26250008541567,33.819998446212566],[118.20000021071498,33.81999839189697],[118.13750027893767,33.81999841104184],[118.07500042291933,33.81999840946222],[118.01250059673546,33.81999841527451],[117.9500006647658,33.8199983996038],[117.9500006647658,33.31999945759957]]]}"
000000000000000003c4,1448,0,,,,,0.0,"{""type"":""Polygon"",""coordinates"":[[[118.44999973101154,33.3199994058599],[118.51249956159539,33.31999941883054],[118.57499947028623,33.31999939074604],[118.63749932293841,33.31999941519072],[118.69999916329995,33.319999462352975],[118.76249903476817,33.31999942350866],[118.82499898038535,33.31999942508089],[118.88749886507792,33.31999940252561],[118.9499987313784,33.319999403124534],[118.9499987313784,33.81999845683812],[118.88749886507792,33.819998440280166],[118.82499898038535,33.81999843008344],[118.76249903476817,33.81999845849608],[118.69999916329995,33.81999843416291],[118.63749932293841,33.819998466904906],[118.57499947028623,33.81999843164097],[118.51249956159542,33.81999843734976],[118.44999973101154,33.819998391533716],[118.44999973101154,33.3199994058599]]]}"
000000000000000003c5,1449,0,,,,,0.0,"{""type"":""Polygon"",""coordinates"":[[[118.9499987313784,33.319999403124534],[119.01249915429268,33.31999941637414],[119.07499955357449,33.319999411068004],[119.13749997075175,33.31999943324742],[119.20000044697548,33.319999450140266],[119.26250084569612,33.31999939592301],[119.32500129614436,33.319999449247454],[119.38750174984433,33.31999944261726],[119.45000215807949,33.31999944308176],[119.45000215807949,33.81999842539166],[119.38750174984433,33.819998427212774],[119.32500129614436,33.81999841090259],[119.26250084569612,33.81999846639561],[119.20000044697548,33.81999844985123],[119.13749997075175,33.81999841858784],[119.07499955357449,33.81999843882043],[119.01249915429268,33.81999838845354],[118.9499987313784,33.81999845683812],[118.9499987313784,33.319999403124534]]]}"
000000000000000003c6,1450,0,,,,,0.0,"{""type"":""Polygon"",""coordinates"":[[[119.45000215807949,33.31999944308176],[119.51250202934987,33.31999939795071],[119.57500193431869,33.319999447621406],[119.63750182330921,33.31999942366685],[119.70000164639437,33.319999469870965],[119.7625015301001,33.319999449165564],[119.82500142375648,33.31999942645637],[119.88750127643594,33.31999946632788],[119.95000112518373,33.31999945388531],[119.95000112518373,33.81999847615687],[119.88750127643594,33.819998420629666],[119.82500142375648,33.819998434017414],[119.7625015301001,33.81999839918598],[119.70000164639437,33.81999840799907],[119.63750182330921,33.81999839688922],[119.57500193431869,33.81999842611371],[119.51250202934987,33.81999843126548],[119.45000215807949,33.81999842539166],[119.45000215807949,33.31999944308176]]]}"
000000000000000003c7,1451,0,,,,,0.0,"{""type"":""Polygon"",""coordinates"":[[[119.95000112518373,33.31999945388531],[120.01250100662233,33.31999942973518],[120.07500086879638,33.31999945740396],[120.13750074759342,33.31999942098897],[120.20000067846723,33.31999943768339],[120.262500520381,33.31999943794133],[120.32500039614503,33.31999943691596],[120.38750025207365,33.31999941871803],[120.45000012210248,33.319999421206944],[120.45000012210245,33.81999847267225],[120.38750025207365,33.81999840680353],[120.32500039614503,33.81999847284913],[120.262500520381,33.81999840245976],[120.20000067846723,33.81999844447076],[120.13750074759342,33.81999843064964],[120.07500086879638,33.8199984308345],[120.01250100662233,33.81999840712446],[119.95000112518373,33.81999847615687],[119.95000112518373,33.31999945388531]]]}"
000000000000000003d0,1508,13,40854.0,15968.461538461539,14114.0,5219.0,207590.0,"{""type"":""Polygon"",""coordinates"":[[[106.45000134194315,33.8199984660318],[106.51250122173896,33.81999843493143],[106.57500113489608,33.81999839184243],[106.63750102130584,33.8199984660692],[106.70000091124314,33.8199984430147],[106.76250074549382,33.81999845154338],[106.82500064529452,33.81999842958009],[106.88750046233555,33.81999843518044],[106.95000040889545,33.819998392935254],[106.95000040889545,34.32000185156115],[106.88750046233555,34.320001858253626],[106.82500064529452,34.32000186514621],[106.76250074549382,34.32000186580917],[106.70000091124314,34.32000188505973],[106.63750102130584,34.32000190300587],[106.57500113489608,34.32000187422523],[106.51250122173896,34.32000193032632],[106.45000134194315,34.320001860647636],[106.45000134194315,33.8199984660318]]]}"
000000000000000003d1,1509,36,43911.0,13025.222222222223,10047.5,5201.0,468908.0,"{""type"":""Polygon"",""coordinates"":[[[106.95000040889545,33.819998392935254],[107.01250024745117,33.81999845583086],[107.07500010115804,33.819998395084596],[107.13750000360177,33.81999840770897],[107.19999989867381,33.81999845513633],[107.26249973064182,33.81999841605789],[107.32499962457192,33.81999839093306],[107.38749952560921,33.819998423074175],[107.44999937926345,33.81999839045825],[107.44999937926345,34.32000190841274],[107.38749952560921,34.32000186862446],[107.32499962457192,34.32000189055283],[107.26249973064182,34.32000193169565],[107.19999989867381,34.32000186716064],[107.13750000360177,34.32000192656186],[107.07500010115805,34.32000190214736],[107.01250024745117,34.32000191485935],[106.95000040889545,34.32000185156115],[106.95000040889545,33.819998392935254]]]}"
000000000000000003d2,1510,45,21586.0,8255.711111111112,7442.0,5211.0,371507.0,"{""type"":""Polygon"",""coordinates"":[[[107.44999937926345,33.81999839045825],[107.51249922168424,33.819998405513964],[107.57499908946542,33.81999841512034],[107.63749901963907,33.819998448344265],[107.69999886898934,33.81999839551495],[107.76249876564697,33.81999843689369],[107.8249986574864,33.81999844900652],[107.88749849272108,33.81999847321816],[107.94999840073855,33.8199984411865],[107.94999840073855,34.32000191856048],[107.88749849272108,34.3200018745868],[107.8249986574864,34.32000189616137],[107.76249876564697,34.3200018880448],[107.69999886898934,34.32000189155284],[107.63749901963907,34.32000186580953],[107.57499908946542,34.32000187847194],[107.51249922168424,34.32000187474675],[107.44999937926345,34.32000190841274],[107.44999937926345,33.81999839045825]]]}"
000000000000000003d3,1511,76,40910.0,11406.302631578947,7441.636363636364,5208.0,866879.0,"{""type"":""Polygon"",""coordinates"":[[[107.94999840073855,33.8199984411865],[108.01249878272381,33.81999840803418],[108.07499922645421,33.81999846802084],[108.13749968162853,33.81999841415082],[108.20000009826589,33.819998451181704],[108.26250051721281,33.81999844040591],[108.3250009796999,33.819998407467324],[108.387501436792,33.81999839151199],[108.45000183986016,33.81999843148277],[108.45000183986016,34.320001901879266],[108.387501436792,34.32000189953784],[108.32500097969988,34.32000190630806],[108.26250051721281,34.320001883880614],[108.20000009826589,34.320001875643776],[108.13749968162853,34.32000185674183],[108.07499922645421,34.32000188384224],[108.01249878272381,34.32000191762253],[107.94999840073855,34.32000191856048],[107.94999840073855,33.8199984411865]]]}"
000000000000000003d4,1512,32,24604.0,9473.25,7828.0,4940.0,303144.0,"{""type"":""Polygon"",""coordinates"":[[[108.45000183986016,33.81999843148277],[108.51250168769621,33.81999847174746],[108.57500156618424,33.81999845321687],[108.63750142769644,33.81999841401885],[108.70000131551998,33.81999846007692],[108.76250118265287,33.819998464553905],[108.8250010730305,33.819998450565954],[108.88750094026051,33.819998455151215],[108.95000082890888,33.81999841863602],[108.95000082890888,34.320001898895235],[108.88750094026051,34.32000187374893],[108.8250010730305,34.32000192003692],[108.76250118265287,34.32000193440384],[108.70000131552,34.32000188045047],[108.63750142769644,34.32000189932632],[108.57500156618424,34.32000187239049],[108.51250168769621,34.32000185844463],[108.45000183986016,34.320001901879266],[108.45000183986016,33.81999843148277]]]}"
000000000000000003d5,1513,9,12637.0,6865.222222222223,6698.0,5210.0,61787.0,"{""type"":""Polygon"",""coordinates"":[[[108.95000082890888,33.81999841863602],[109.01250069317662,33.81999845962461],[109.07500057824282,33.81999843573156],[109.13750043888552,33.81999846499902],[109.20000032087941,33.81999840449386],[109.26250017956323,33.819998453696456],[109.32500006128967,33.819998469062426],[109.38749992194201,33.819998403516905],[109.44999980843326,33.81999844085142],[109.44999980843326,34.32000189613066],[109.38749992194201,34.3200018995894],[109.32500006128967,34.32000186824089],[109.26250017956323,34.32000186454817],[109.20000032087941,34.32000185433042],[109.13750043888552,34.32000189945504],[109.07500057824282,34.32000188358956],[109.01250069317662,34.32000186794684],[108.95000082890888,34.320001898895235],[108.95000082890888,33.81999841863602]]]}"
000000000000000003d8,1516,4,10382.0,7793.75,7425.5,5942.0,31175.0,"{""type"":""Polygon"",""coordinates"":[[[110.44999784043416,33.81999844208939],[110.5124982349368,33.81999843533024],[110.57499872458666,33.81999839635778],[110.63749917888184,33.8199984517996],[110.69999955841789,33.81999846775848],[110.76250000585576,33.8199984413792],[110.82500048216698,33.819998401146165],[110.88750085753803,33.81999847281023],[110.95000127517433,33.819998408021256],[110.95000127517434,34.320001876438134],[110.88750085753803,34.32000186950764],[110.82500048216698,34.320001899739715],[110.76250000585576,34.32000189104818],[110.69999955841789,34.32000188074702],[110.63749917888184,34.320001922172985],[110.57499872458666,34.32000185695601],[110.5124982349368,34.32000189991617],[110.44999784043416,34.32000192547357],[110.44999784043416,33.81999844208939]]]}"
000000000000000003d9,1517,256,128598.0,11676.33984375,8187.0,5196.0,2989143.0,"{""type"":""Polygon"",""coordinates"":[[[110.95000127517433,33.819998408021256],[111.012501150796,33.8199984128895],[111.07500108272143,33.81999840238801],[111.13750094178911,33.81999841986953],[111.2000007809136,33.81999839470693],[111.26250065316744,33.819998418539505],[111.3250005208042,33.81999843632152],[111.38750043719087,33.819998457656155],[111.45000027388987,33.819998443518394],[111.45000027388987,34.32000191670339],[111.38750043719087,34.320001875323605],[111.3250005208042,34.32000188530519],[111.26250065316742,34.32000190504698],[111.2000007809136,34.32000192579104],[111.13750094178911,34.32000192195803],[111.07500108272143,34.32000188406133],[111.012501150796,34.32000188313449],[110.95000127517434,34.320001876438134],[110.95000127517433,33.819998408021256]]]}"
000000000000000003da,1518,73,265818.0,19235.671232876713,7438.0,5199.0,1404204.0,"{""type"":""Polygon"",""coordinates"":[[[111.45000027388987,33.819998443518394],[111.51250017551725,33.81999846764801],[111.57500001390144,33.81999840935477],[111.63749993392162,33.81999842273778],[111.69999980765746,33.81999846783013],[111.76249968925852,33.81999839002433],[111.82499954201671,33.81999845681093],[111.8874994203104,33.81999843179537],[111.94999928765343,33.819998419591776],[111.94999928765343,34.320001891520334],[111.8874994203104,34.3200019084849],[111.82499954201671,34.32000185771696],[111.76249968925852,34.320001877778815],[111.69999980765746,34.32000188189618],[111.63749993392162,34.32000192742748],[111.57500001390144,34.32000192681887],[111.51250017551725,34.32000192015095],[111.45000027388987,34.32000191670339],[111.45000027388987,33.819998443518394]]]}"
000000000000000003db,1519,0,,,,,0.0,"{""type"":""Polygon"",""coordinates"":[[[111.94999928765343,33.819998419591776],[112.0124991986357,33.81999842644932],[112.07499902601046,33.819998411280324],[112.13749891553334,33.81999844370315],[112.19999883111501,33.819998464990626],[112.26249864580134,33.81999843349336],[112.32499859656178,33.819998400378246],[112.38749846565608,33.81999842157512],[112.44999830829926,33.819998420206424],[112.44999830829926,34.320001855830924],[112.3874984656561,34.32000188588047],[112.3249985965618,34.320001888086075],[112.26249864580134,34.320001859249444],[112.19999883111501,34.32000190492633],[112.13749891553334,34.320001895001354],[112.07499902601046,34.32000187131016],[112.0124991986357,34.3200018928863],[111.94999928765343,34.320001891520334],[111.94999928765343,33.819998419591776]]]}"
000000000000000003dc,1520,0,,,,,0.0,"{""type"":""Polygon"",""coordinates"":[[[112.44999830829926,33.819998420206424],[112.51249872542826,33.81999845699176],[112.57499913573395,33.81999841392375],[112.63749959462092,33.81999845553873],[112.70000006661674,33.81999844024314],[112.76250042539426,33.819998405531855],[112.82500090837965,33.81999839882111],[112.88750129843874,33.8199984745956],[112.95000174215942,33.819998454984756],[112.95000174215942,34.32000192862632],[112.88750129843874,34.32000188748808],[112.82500090837965,34.320001900591414],[112.76250042539426,34.32000190514064],[112.70000006661674,34.3200018470744],[112.63749959462092,34.32000192153916],[112.57499913573395,34.32000193102908],[112.51249872542826,34.320001856197635],[112.44999830829926,34.320001855830924],[112.44999830829926,33.819998420206424]]]}"
000000000000000003dd,1521,0,,,,,0.0,"{""type"":""Polygon"",""coordinates"":[[[112.95000174215942,33.819998454984756],[113.01250165895985,33.81999846576559],[113.07500155915373,33.819998418888],[113.13750140764363,33.81999841314222],[113.20000126025225,33.819998448399375],[113.26250117281332,33.81999844353404],[113.32500101945124,33.819998433826854],[113.3875008560576,33.81999841819604],[113.45000073852206,33.819998475586125],[113.45000073852206,34.320001869300064],[113.3875008560576,34.32000186729816],[113.32500101945124,34.32000192058153],[113.2625011728133,34.320001871389124],[113.20000126025225,34.320001881893745],[113.13750140764363,34.32000191750947],[113.07500155915373,34.32000189949259],[113.01250165895985,34.32000190898908],[112.95000174215942,34.32000192862632],[112.95000174215942,33.819998454984756]]]}"
000000000000000003de,1523,0,,,,,0.0,"{""type"":""Polygon"",""coordinates"":[[[113.94999980127372,33.81999844291692],[114.01249961494779,33.81999843086872],[114.07499948848324,33.81999840744315],[114.13749938691707,33.81999846620625],[114.19999927528013,33.81999845987655],[114.26249911859477,33.81999840142855],[114.32499906323218,33.81999842592611],[114.3874988927758,33.819998423232],[114.44999875351041,33.81999844755842],[114.44999875351041,34.32000190159594],[114.3874988927758,34.32000191435509],[114.32499906323218,34.3200018444902],[114.26249911859477,34.32000187831324],[114.19999927528013,34.320001886521624],[114.13749938691707,34.320001895383704],[114.07499948848324,34.3200018927556],[114.01249961494779,34.32000186625663],[113.94999980127372,34.32000188311524],[113.94999980127372,33.81999844291692]]]}"
000000000000000003df,1524,1,8182.0,8182.0,8182.0,8182.0,8182.0,"{""type"":""Polygon"",""coordinates"":[[[114.44999875351041,33.81999844755842],[114.51249861031246,33.819998430502736],[114.57499851865738,33.819998444393654],[114.63749835271804,33.8199984394671],[114.69999825847623,33.819998468155305],[114.76249811002621,33.81999840028786],[114.82499805317266,33.81999844730341],[114.8874978713726,33.81999841807638],[114.94999780081427,33.81999842387686],[114.94999780081427,34.320001846997584],[114.8874978713726,34.320001906695104],[114.82499805317266,34.320001885236],[114.76249811002621,34.320001911817506],[114.69999825847623,34.32000185878787],[114.63749835271804,34.320001914667344],[114.57499851865738,34.32000189127715],[114.51249861031246,34.32000189678744],[114.44999875351041,34.32000190159594],[114.44999875351041,33.81999844755842]]]}"
000000000000000003e0,1525,0,,,,,0.0,"{""type"":""Polygon"",""coordinates"":[[[114.94999780081427,33.81999842387686],[115.01249816795351,33.81999847554762],[115.0749986654598,33.819998400607886],[115.13749907662935,33.8199984065297],[115.19999954668145,33.81999838277379],[115.26249994931185,33.81999843690678],[115.32500033907466,33.819998397703316],[115.38750077038793,33.81999841238275],[115.45000120714293,33.81999840847643],[115.45000120714293,34.320001877056455],[115.38750077038793,34.32000187106195],[115.32500033907466,34.32000188286524],[115.26249994931185,34.320001906053186],[115.19999954668145,34.32000187447382],[115.13749907662935,34.320001880132786],[115.0749986654598,34.32000189588511],[115.01249816795351,34.3200018741485],[114.94999780081427,34.320001846997584],[114.94999780081427,33.81999842387686]]]}"
000000000000000003e1,1526,0,,,,,0.0,"{""type"":""Polygon"",""coordinates"":[[[115.45000120714293,33.81999840847643],[115.51250107096507,33.81999843304238],[115.57500095838192,33.81999843350893],[115.63750083301515,33.81999841627405],[115.70000074871466,33.819998446937966],[115.76250057859622,33.819998471841],[115.82500046656986,33.81999845628396],[115.887500375804,33.81999840542678],[115.95000026937656,33.819998403619906],[115.95000026937656,34.320001897658216],[115.887500375804,34.32000186693905],[115.82500046656986,34.32000191424937],[115.76250057859622,34.32000187741537],[115.70000074871464,34.32000191026205],[115.63750083301515,34.320001890416236],[115.57500095838192,34.3200018717362],[115.51250107096507,34.32000186913535],[115.45000120714293,34.320001877056455],[115.45000120714293,33.81999840847643]]]}"
000000000000000003e2,1527,0,,,,,0.0,"{""type"":""Polygon"",""coordinates"":[[[115.95000026937656,33.819998403619906],[116.01250011027291,33.819998455478064],[116.07499995156216,33.81999846561267],[116.13749984612735,33.81999841764866],[116.1999997565261,33.81999839459507],[116.26249964521116,33.81999839983683],[116.32499947452831,33.819998436529374],[116.38749938684246,33.81999838704773],[116.44999925409569,33.81999843297762],[116.44999925409569,34.32000186694129],[116.38749938684246,34.32000190325584],[116.32499947452831,34.320001898912274],[116.26249964521116,34.32000191028853],[116.1999997565261,34.320001898022895],[116.13749984612735,34.32000185972025],[116.07499995156216,34.320001871704456],[116.01250011027291,34.32000185222879],[115.95000026937656,34.320001897658216],[115.95000026937656,33.819998403619906]]]}"
000000000000000003e3,1528,0,,,,,0.0,"{""type"":""Polygon"",""coordinates"":[[[116.44999925409569,33.81999843297762],[116.51249912824201,33.81999839744433],[116.57499897102883,33.81999844075205],[116.63749883404937,33.819998464542174],[116.69999876867364,33.819998449224],[116.76249864621,33.8199984167133],[116.82499851772049,33.819998425894134],[116.8874983441674,33.81999839817621],[116.94999826605553,33.81999844953208],[116.94999826605553,34.32000190510755],[116.8874983441674,34.320001872989174],[116.82499851772049,34.320001855082616],[116.76249864621,34.32000189458691],[116.69999876867364,34.320001913266985],[116.63749883404937,34.32000193226069],[116.57499897102883,34.32000193035131],[116.51249912824201,34.32000184936787],[116.44999925409569,34.32000186694129],[116.44999925409569,33.81999843297762]]]}"
000000000000000003e4,1529,0,,,,,0.0,"{""type"":""Polygon"",""coordinates"":[[[116.94999826605553,33.81999844953208],[117.01249869297735,33.81999839472826],[117.07499913599196,33.81999841746183],[117.1374995553392,33.819998437968216],[117.20000000084326,33.81999843390759],[117.26250043236597,33.81999840388936],[117.32500080961702,33.8199984250999],[117.38750127144553,33.81999845266605],[117.45000168746127,33.81999842692694],[117.45000168746127,34.32000188802159],[117.38750127144553,34.32000185326447],[117.32500080961704,34.32000192906251],[117.26250043236597,34.320001861875724],[117.20000000084326,34.3200018544381],[117.1374995553392,34.32000190929523],[117.07499913599196,34.320001871770515],[117.01249869297735,34.32000192217111],[116.94999826605553,34.32000190510755],[116.94999826605553,33.81999844953208]]]}"
000000000000000003e5,1530,0,,,,,0.0,"{""type"":""Polygon"",""coordinates"":[[[117.45000168746127,33.81999842692694],[117.51250156887173,33.81999845333863],[117.57500141246646,33.81999840024629],[117.6375013560503,33.81999845723529],[117.70000117902012,33.819998428085626],[117.76250110819338,33.81999840119507],[117.82500092265155,33.819998415917226],[117.88750084859045,33.81999840239685],[117.9500006647658,33.8199983996038],[117.9500006647658,34.320001932163194],[117.88750084859045,34.32000185468631],[117.82500092265155,34.32000186512359],[117.76250110819338,34.32000184695101],[117.70000117902012,34.320001871330696],[117.6375013560503,34.32000189945044],[117.57500141246646,34.32000192331216],[117.51250156887173,34.32000190363134],[117.45000168746127,34.32000188802159],[117.45000168746127,33.81999842692694]]]}"
000000000000000003e6,1531,0,,,,,0.0,"{""type"":""Polygon"",""coordinates"":[[[117.9500006647658,33.8199983996038],[118.01250059673546,33.81999841527451],[118.07500042291933,33.81999840946222],[118.13750027893767,33.81999841104184],[118.20000021071498,33.81999839189697],[118.26250008541567,33.819998446212566],[118.32499994851155,33.8199984669294],[118.38749984514642,33.81999842499313],[118.44999973101154,33.819998391533716],[118.44999973101154,34.32000185414079],[118.38749984514642,34.320001853380624],[118.32499994851155,34.32000192967413],[118.26250008541567,34.32000185734456],[118.20000021071498,34.320001900289654],[118.13750027893767,34.32000193232081],[118.07500042291933,34.320001860266345],[118.01250059673546,34.32000186928689],[117.9500006647658,34.320001932163194],[117.9500006647658,33.8199983996038]]]}"
000000000000000003e7,1532,0,,,,,0.0,"{""type"":""Polygon"",""coordinates"":[[[118.44999973101154,33.819998391533716],[118.51249956159542,33.81999843734976],[118.57499947028623,33.81999843164097],[118.63749932293841,33.819998466904906],[118.69999916329995,33.81999843416291],[118.76249903476817,33.81999845849608],[118.82499898038535,33.81999843008344],[118.88749886507792,33.819998440280166],[118.9499987313784,33.81999845683812],[118.94999873137841,34.320001887858446],[118.88749886507792,34.320001871361335],[118.82499898038535,34.32000192128216],[118.76249903476817,34.32000191555085],[118.69999916329995,34.32000191929071],[118.63749932293841,34.320001887476],[118.57499947028623,34.32000185235127],[118.51249956159542,34.320001923580755],[118.44999973101154,34.32000185414079],[118.44999973101154,33.819998391533716]]]}"
000000000000000003e8,1533,0,,,,,0.0,"{""type"":""Polygon"",""coordinates"":[[[118.9499987313784,33.81999845683812],[119.01249915429268,33.81999838845354],[119.07499955357449,33.81999843882043],[119.13749997075175,33.81999841858784],[119.20000044697548,33.81999844985123],[119.26250084569612,33.81999846639561],[119.32500129614436,33.81999841090259],[119.38750174984433,33.819998427212774],[119.45000215807949,33.81999842539166],[119.45000215807949,34.32000185514273],[119.38750174984433,34.32000188314206],[119.32500129614436,34.320001867050024],[119.26250084569612,34.32000189723904],[119.20000044697548,34.32000190901841],[119.13749997075175,34.32000188344173],[119.07499955357449,34.32000188700119],[119.01249915429268,34.320001877006014],[118.94999873137841,34.320001887858446],[118.9499987313784,33.81999845683812]]]}"
000000000000000003e9,1534,0,,,,,0.0,"{""type"":""Polygon"",""coordinates"":[[[119.45000215807949,33.81999842539166],[119.51250202934987,33.81999843126548],[119.57500193431869,33.81999842611371],[119.63750182330921,33.81999839688922],[119.70000164639437,33.81999840799907],[119.7625015301001,33.81999839918598],[119.82500142375648,33.819998434017414],[119.88750127643594,33.819998420629666],[119.95000112518373,33.81999847615687],[119.95000112518373,34.32000187257056],[119.88750127643594,34.32000185886371],[119.82500142375648,34.320001878754084],[119.7625015301001,34.32000189413531],[119.70000164639437,34.320001920156514],[119.63750182330921,34.32000189449656],[119.57500193431869,34.3200018785824],[119.51250202934987,34.320001886593374],[119.45000215807949,34.32000185514273],[119.45000215807949,33.81999842539166]]]}"
000000000000000003ea,1584,0,,,,,0.0,"{""type"":""Polygon"",""coordinates"":[[[102.45000045517783,34.320001905432584],[102.51250032874732,34.32000186463715],[102.57500022649201,34.32000191634327],[102.63750004749501,34.32000187194362],[102.69999995447873,34.320001848713616],[102.76249984827193,34.32000190759414],[102.82499971810891,34.320001850180965],[102.88749955406026,34.320001894482054],[102.94999943487058,34.32000191552508],[102.94999943487058,34.82000093369778],[102.88749955406026,34.82000085750478],[102.82499971810891,34.82000091564193],[102.76249984827193,34.82000090146262],[102.69999995447873,34.82000092995623],[102.63750004749501,34.82000086726256],[102.57500022649201,34.82000090163583],[102.51250032874732,34.82000091706196],[102.45000045517783,34.820000852547565],[102.45000045517783,34.320001905432584]]]}"
000000000000000003eb,1585,3,5905.0,5418.0,5182.0,5167.0,16254.0,"{""type"":""Polygon"",""coordinates"":[[[102.94999943487058,34.32000191552508],[103.01249935240315,34.3200018806854],[103.07499921140635,34.3200018498747],[103.13749909321939,34.32000186379235],[103.19999899214639,34.320001889006925],[103.26249881522786,34.32000190150793],[103.3249987344573,34.320001848093455],[103.38749857035549,34.32000188036691],[103.44999840847325,34.32000187097599],[103.44999840847325,34.82000091121436],[103.38749857035549,34.8200008609292],[103.3249987344573,34.82000092357795],[103.26249881522786,34.82000089535123],[103.19999899214639,34.82000087384269],[103.13749909321939,34.820000912592704],[103.07499921140636,34.82000087016693],[103.01249935240315,34.820000862928374],[102.94999943487058,34.82000093369778],[102.94999943487058,34.32000191552508]]]}"
000000000000000003ec,1586,6,12601.0,9510.166666666666,9266.0,5930.0,57061.0,"{""type"":""Polygon"",""coordinates"":[[[103.44999840847325,34.32000187097599],[103.51249886474936,34.32000188242095],[103.57499932114563,34.32000186488361],[103.6374997774681,34.32000186623526],[103.70000014592347,34.32000186094023],[103.76250060453198,34.32000187627332],[103.8250010670569,34.32000188608474],[103.88750144784625,34.320001864172525],[103.95000192741529,34.32000191968936],[103.95000192741529,34.820000902315435],[103.88750144784625,34.82000089080041],[103.8250010670569,34.82000085937891],[103.76250060453198,34.82000086538706],[103.70000014592347,34.82000093518211],[103.6374997774681,34.820000929734285],[103.57499932114563,34.82000090518767],[103.51249886474936,34.82000088718645],[103.44999840847325,34.82000091121436],[103.44999840847325,34.32000187097599]]]}"
000000000000000003ed,1587,0,,,,,0.0,"{""type"":""Polygon"",""coordinates"":[[[103.95000192741529,34.32000191968936],[104.01250180165823,34.32000184866375],[104.07500169504861,34.32000187478169],[104.13750152472561,34.32000188783702],[104.2000013857669,34.32000192273281],[104.2625012853988,34.3200018583556],[104.32500114279593,34.32000191582994],[104.38750105528894,34.32000188002743],[104.450000943384,34.32000188854851],[104.450000943384,34.820000880819485],[104.38750105528894,34.82000087739306],[104.32500114279593,34.82000090076064],[104.2625012853988,34.820000896900105],[104.2000013857669,34.82000091523751],[104.13750152472561,34.82000090122888],[104.07500169504861,34.82000089318637],[104.01250180165823,34.820000856931244],[103.95000192741529,34.820000902315435],[103.95000192741529,34.32000191968936]]]}"
000000000000000003ee,1588,7,8892.0,6456.714285714285,6666.0,5186.0,45197.0,"{""type"":""Polygon"",""coordinates"":[[[104.450000943384,34.32000188854851],[104.512500817009,34.32000190223686],[104.57500068678307,34.32000188165805],[104.6375005640113,34.32000186999478],[104.70000037169314,34.32000192095736],[104.76250030042463,34.32000188962144],[104.825000185528,34.32000192287294],[104.88750004089037,34.32000189705011],[104.94999988105903,34.32000185390356],[104.94999988105903,34.82000087580349],[104.88750004089037,34.8200009121243],[104.825000185528,34.82000091062247],[104.76250030042463,34.82000091261378],[104.70000037169314,34.82000087671333],[104.6375005640113,34.82000090426326],[104.57500068678307,34.820000892824446],[104.512500817009,34.82000087169144],[104.450000943384,34.820000880819485],[104.450000943384,34.32000188854851]]]}"
000000000000000003ef,1589,51,97048.0,17723.70588235294,8150.0,5171.0,903909.0,"{""type"":""Polygon"",""coordinates"":[[[104.94999988105903,34.32000185390356],[105.01249981039842,34.32000190649991],[105.07499966646854,34.32000186969735],[105.1374995548915,34.32000185597202],[105.19999940353478,34.320001917001626],[105.26249931936047,34.32000191615079],[105.3249991420986,34.320001915982786],[105.38749906929306,34.3200018506107],[105.44999894178211,34.32000186482458],[105.44999894178211,34.82000088646901],[105.38749906929306,34.820000881470754],[105.3249991420986,34.82000093165219],[105.26249931936047,34.8200008932163],[105.19999940353478,34.82000091469895],[105.1374995548915,34.82000085180788],[105.07499966646854,34.82000092331288],[105.01249981039842,34.820000913514434],[104.94999988105903,34.82000087580349],[104.94999988105903,34.32000185390356]]]}"
000000000000000003f0,1590,0,,,,,0.0,"{""type"":""Polygon"",""coordinates"":[[[105.44999894178211,34.32000186482458],[105.51249877961354,34.32000191494938],[105.57499869290272,34.32000186274445],[105.63749852402003,34.320001852431766],[105.69999838424833,34.320001910449406],[105.76249829603358,34.32000190921408],[105.82499819282427,34.32000189790601],[105.88749800852842,34.320001925545995],[105.94999794643948,34.3200019226494],[105.94999794643947,34.82000085654501],[105.88749800852842,34.8200009125401],[105.82499819282427,34.8200009103877],[105.76249829603358,34.820000919952726],[105.69999838424833,34.82000089282151],[105.63749852402003,34.820000862593616],[105.57499869290272,34.820000874465634],[105.51249877961354,34.82000090275963],[105.44999894178211,34.82000088646901],[105.44999894178211,34.32000186482458]]]}"
000000000000000003f1,1591,1,8149.0,8149.0,8149.0,8149.0,8149.0,"{""type"":""Polygon"",""coordinates"":[[[105.94999794643948,34.3200019226494],[106.01249839000212,34.32000187756993],[106.07499873697631,34.32000190983482],[106.13749919243547,34.32000186626964],[106.19999960320456,34.32000188906215],[106.26250008579031,34.320001918851],[106.32500048791435,34.32000193249776],[106.3875009271412,34.320001870068644],[106.45000134194315,34.320001860647636],[106.45000134194315,34.8200008739871],[106.3875009271412,34.8200009284687],[106.32500048791435,34.82000092243017],[106.26250008579031,34.820000891823014],[106.19999960320456,34.8200008969451],[106.13749919243547,34.82000087901502],[106.07499873697631,34.8200008977032],[106.01249839000212,34.820000893890494],[105.94999794643947,34.82000085654501],[105.94999794643948,34.3200019226494]]]}"
000000000000000003f2,1592,6,11082.0,8252.5,8494.0,5189.0,49515.0,"{""type"":""Polygon"",""coordinates"":[[[106.45000134194315,34.320001860647636],[106.51250122173896,34.32000193032632],[106.57500113489608,34.32000187422523],[106.63750102130584,34.32000190300587],[106.70000091124314,34.32000188505973],[106.76250074549382,34.32000186580917],[106.82500064529452,34.32000186514621],[106.88750046233555,34.320001858253626],[106.95000040889545,34.32000185156115],[106.95000040889545,34.820000884458],[106.88750046233555,34.820000875274616],[106.82500064529452,34.82000091278699],[106.76250074549382,34.82000090962894],[106.70000091124314,34.82000089068949],[106.63750102130584,34.820000918763725],[106.57500113489608,34.82000086718259],[106.51250122173896,34.82000086732774],[106.45000134194315,34.8200008739871],[106.45000134194315,34.320001860647636]]]}"
000000000000000003f3,1593,0,,,,,0.0,"{""type"":""Polygon"",""coordinates"":[[[106.95000040889545,34.32000185156115],[107.01250024745117,34.32000191485935],[107.07500010115805,34.32000190214736],[107.13750000360177,34.32000192656186],[107.19999989867381,34.32000186716064],[107.26249973064182,34.32000193169565],[107.32499962457192,34.32000189055283],[107.38749952560921,34.32000186862446],[107.44999937926345,34.32000190841274],[107.44999937926345,34.82000089059482],[107.38749952560921,34.82000088836259],[107.32499962457192,34.820000908526076],[107.26249973064182,34.820000909208716],[107.19999989867381,34.82000084834563],[107.13750000360177,34.82000087325977],[107.07500010115805,34.82000085952291],[107.01250024745117,34.82000092782991],[106.95000040889545,34.820000884458],[106.95000040889545,34.32000185156115]]]}"
000000000000000003f4,1594,0,,,,,0.0,"{""type"":""Polygon"",""coordinates"":[[[107.44999937926345,34.32000190841274],[107.51249922168424,34.32000187474675],[107.57499908946542,34.32000187847194],[107.63749901963907,34.32000186580953],[107.69999886898934,34.32000189155284],[107.76249876564697,34.3200018880448],[107.8249986574864,34.32000189616137],[107.88749849272108,34.3200018745868],[107.94999840073855,34.32000191856048],[107.94999840073855,34.82000084868505],[107.88749849272108,34.82000092830691],[107.8249986574864,34.82000086675165],[107.76249876564697,34.82000089623433],[107.69999886898935,34.820000895168455],[107.63749901963907,34.820000904919304],[107.57499908946542,34.820000911917376],[107.51249922168425,34.82000086190886],[107.44999937926345,34.82000089059482],[107.44999937926345,34.32000190841274]]]}"
000000000000000003f5,1595,0,,,,,0.0,"{""type"":""Polygon"",""coordinates"":[[[107.94999840073855,34.32000191856048],[108.01249878272381,34.32000191762253],[108.07499922645421,34.32000188384224],[108.13749968162853,34.32000185674183],[108.20000009826589,34.320001875643776],[108.26250051721281,34.320001883880614],[108.32500097969988,34.32000190630806],[108.387501436792,34.32000189953784],[108.45000183986016,34.320001901879266],[108.45000183986016,34.82000090976263],[108.387501436792,34.820000907187094],[108.32500097969988,34.82000086636277],[108.26250051721281,34.82000091246023],[108.20000009826589,34.820000926278254],[108.13749968162853,34.82000088368931],[108.07499922645421,34.82000092310699],[108.01249878272381,34.82000092440164],[107.94999840073855,34.82000084868505],[107.94999840073855,34.32000191856048]]]}"
000000000000000003f6,1596,8,13327.0,6924.0,5903.5,5166.0,55392.0,"{""type"":""Polygon"",""coordinates"":[[[108.45000183986016,34.320001901879266],[108.51250168769621,34.32000185844463],[108.57500156618424,34.32000187239049],[108.63750142769644,34.32000189932632],[108.70000131552,34.32000188045047],[108.76250118265287,34.32000193440384],[108.8250010730305,34.32000192003692],[108.88750094026051,34.32000187374893],[108.95000082890888,34.320001898895235],[108.95000082890888,34.8200008532861],[108.8875009402605,34.8200009005355],[108.8250010730305,34.82000088578775],[108.76250118265287,34.820000869355084],[108.70000131552,34.82000089682443],[108.63750142769644,34.82000086536755],[108.57500156618424,34.82000090135688],[108.51250168769621,34.82000090129852],[108.45000183986016,34.82000090976263],[108.45000183986016,34.320001901879266]]]}"
000000000000000003f7,1597,0,,,,,0.0,"{""type"":""Polygon"",""coordinates"":[[[108.95000082890888,34.320001898895235],[109.01250069317662,34.32000186794684],[109.07500057824282,34.32000188358956],[109.13750043888552,34.32000189945504],[109.20000032087941,34.32000185433042],[109.26250017956323,34.32000186454817],[109.32500006128967,34.32000186824089],[109.38749992194201,34.3200018995894],[109.44999980843326,34.32000189613066],[109.44999980843326,34.820000858291685],[109.38749992194201,34.82000088143437],[109.32500006128967,34.820000894711356],[109.26250017956323,34.82000087983003],[109.20000032087941,34.820000884381],[109.13750043888552,34.82000088943279],[109.07500057824282,34.820000860920636],[109.01250069317662,34.820000860402374],[108.95000082890888,34.8200008532861],[108.95000082890888,34.320001898895235]]]}"
000000000000000003f8,1598,13,28908.0,11175.461538461539,8894.0,5187.0,145281.0,"{""type"":""Polygon"",""coordinates"":[[[109.44999980843326,34.32000189613066],[109.51249967717493,34.32000189151525],[109.57499957562285,34.32000190414201],[109.63749946070045,34.320001885628486],[109.69999938038876,34.32000185373265],[109.76249920127421,34.32000185617244],[109.82499906265927,34.320001894911094],[109.88749892244346,34.320001920515764],[109.94999882960636,34.32000186806028],[109.94999882960636,34.82000092614519],[109.88749892244346,34.82000090246745],[109.82499906265927,34.82000090190952],[109.76249920127421,34.82000090887955],[109.69999938038876,34.82000089210555],[109.63749946070045,34.820000931458516],[109.57499957562284,34.82000089882681],[109.51249967717493,34.82000085822578],[109.44999980843326,34.820000858291685],[109.44999980843326,34.32000189613066]]]}"
000000000000000003f9,1599,3,10374.0,7408.333333333333,5926.0,5925.0,22225.0,"{""type"":""Polygon"",""coordinates"":[[[109.94999882960636,34.32000186806028],[110.01249874251052,34.32000185030353],[110.07499861973156,34.32000189840743],[110.13749851093976,34.320001865253985],[110.19999837515131,34.32000186277597],[110.26249826248451,34.32000190574506],[110.32499813237996,34.320001861763735],[110.38749794447425,34.32000192311774],[110.44999784043416,34.32000192547357],[110.44999784043416,34.820000860189545],[110.38749794447425,34.82000088710265],[110.32499813237996,34.82000087016455],[110.26249826248453,34.8200008929569],[110.19999837515131,34.820000926343624],[110.13749851093976,34.82000086014925],[110.07499861973156,34.820000922804965],[110.01249874251052,34.82000092275409],[109.94999882960636,34.82000092614519],[109.94999882960636,34.32000186806028]]]}"
000000000000000003fa,1600,1,5899.0,5899.0,5899.0,5899.0,5899.0,"{""type"":""Polygon"",""coordinates"":[[[110.44999784043416,34.32000192547357],[110.5124982349368,34.32000189991617],[110.57499872458666,34.32000185695601],[110.63749917888184,34.320001922172985],[110.69999955841789,34.32000188074702],[110.76250000585576,34.32000189104818],[110.82500048216698,34.320001899739715],[110.88750085753803,34.32000186950764],[110.95000127517434,34.320001876438134],[110.95000127517434,34.82000086943011],[110.88750085753803,34.820000876771076],[110.82500048216698,34.82000085024027],[110.76250000585576,34.82000087627782],[110.69999955841789,34.820000911804534],[110.63749917888184,34.820000849139795],[110.57499872458666,34.820000854286526],[110.5124982349368,34.82000089949537],[110.44999784043416,34.820000860189545],[110.44999784043416,34.32000192547357]]]}"
000000000000000003fb,1601,111,175449.0,13914.873873873874,7808.8,5177.0,1544551.0,"{""type"":""Polygon"",""coordinates"":[[[110.95000127517434,34.320001876438134],[111.012501150796,34.32000188313449],[111.07500108272143,34.32000188406133],[111.13750094178911,34.32000192195803],[111.2000007809136,34.32000192579104],[111.26250065316742,34.32000190504698],[111.3250005208042,34.32000188530519],[111.38750043719087,34.320001875323605],[111.45000027388987,34.32000191670339],[111.45000027388987,34.8200009195755],[111.38750043719087,34.82000091678593],[111.3250005208042,34.82000088942019],[111.26250065316744,34.820000876851594],[111.2000007809136,34.82000087116097],[111.13750094178911,34.82000092796523],[111.07500108272143,34.8200008777002],[111.012501150796,34.8200008722293],[110.95000127517434,34.82000086943011],[110.95000127517434,34.320001876438134]]]}"
000000000000000003fc,1602,0,,,,,0.0,"{""type"":""Polygon"",""coordinates"":[[[111.45000027388987,34.32000191670339],[111.51250017551725,34.32000192015095],[111.57500001390144,34.32000192681887],[111.63749993392162,34.32000192742748],[111.69999980765746,34.32000188189618],[111.76249968925852,34.320001877778815],[111.82499954201671,34.32000185771696],[111.8874994203104,34.3200019084849],[111.94999928765343,34.320001891520334],[111.94999928765343,34.820000910615235],[111.8874994203104,34.82000087368604],[111.82499954201671,34.82000092893314],[111.76249968925852,34.82000089391975],[111.69999980765746,34.8200009238267],[111.63749993392162,34.820000915786295],[111.57500001390144,34.820000863781274],[111.51250017551725,34.82000088839603],[111.45000027388987,34.8200009195755],[111.45000027388987,34.32000191670339]]]}"
000000000000000003fd,1603,0,,,,,0.0,"{""type"":""Polygon"",""coordinates"":[[[111.94999928765343,34.320001891520334],[112.0124991986357,34.3200018928863],[112.07499902601046,34.32000187131016],[112.13749891553334,34.320001895001354],[112.19999883111501,34.32000190492633],[112.26249864580134,34.320001859249444],[112.3249985965618,34.320001888086075],[112.3874984656561,34.32000188588047],[112.44999830829926,34.320001855830924],[112.44999830829926,34.820000868244904],[112.38749846565608,34.82000087674724],[112.3249985965618,34.82000085109087],[112.26249864580134,34.82000086898906],[112.19999883111501,34.82000087551492],[112.13749891553334,34.820000902671225],[112.07499902601046,34.820000912408126],[112.0124991986357,34.82000088389562],[111.94999928765343,34.820000910615235],[111.94999928765343,34.320001891520334]]]}"
000000000000000003fe,1604,0,,,,,0.0,"{""type"":""Polygon"",""coordinates"":[[[112.44999830829926,34.320001855830924],[112.51249872542826,34.320001856197635],[112.57499913573395,34.32000193102908],[112.63749959462092,34.32000192153916],[112.70000006661674,34.3200018470744],[112.76250042539426,34.32000190514064],[112.82500090837965,34.320001900591414],[112.88750129843874,34.32000188748808],[112.95000174215942,34.32000192862632],[112.95000174215942,34.8200008594469],[112.88750129843874,34.820000876631404],[112.82500090837965,34.82000085550655],[112.76250042539426,34.820000894367624],[112.70000006661674,34.82000085983557],[112.63749959462092,34.820000867342856],[112.57499913573393,34.82000088070705],[112.51249872542826,34.82000088139295],[112.44999830829926,34.820000868244904],[112.44999830829926,34.320001855830924]]]}"
000000000000000003ff,1605,0,,,,,0.0,"{""type"":""Polygon"",""coordinates"":[[[112.95000174215942,34.32000192862632],[113.01250165895985,34.32000190898908],[113.07500155915373,34.32000189949259],[113.13750140764363,34.32000191750947],[113.20000126025225,34.320001881893745],[113.2625011728133,34.320001871389124],[113.32500101945124,34.32000192058153],[113.3875008560576,34.32000186729816],[113.45000073852206,34.320001869300064],[113.45000073852206,34.820000931774],[113.3875008560576,34.82000087247635],[113.32500101945124,34.82000092940695],[113.26250117281332,34.8200008669568],[113.20000126025225,34.82000092697592],[113.13750140764363,34.8200009161239],[113.07500155915373,34.82000091639116],[113.01250165895985,34.8200008498684],[112.95000174215942,34.8200008594469],[112.95000174215942,34.32000192862632]]]}"
00000000000000000400,1606,0,,,,,0.0,"{""type"":""Polygon"",""coordinates"":[[[113.45000073852206,34.320001869300064],[113.51250063189647,34.320001862038374],[113.57500050125826,34.3200018608229],[113.63750040251857,34.32000186221876],[113.70000030076775,34.32000188090263],[113.76250016111256,34.3200018513924],[113.82500003945233,34.32000184919592],[113.88749990088554,34.320001888119634],[113.94999980127372,34.32000188311524],[113.94999980127372,34.8200008939577],[113.88749990088554,34.8200008561886],[113.82500003945233,34.82000090913853],[113.76250016111256,34.82000089999857],[113.70000030076775,34.820000895137674],[113.63750040251857,34.82000089988971],[113.57500050125826,34.820000900560935],[113.51250063189647,34.82000088322042],[113.45000073852206,34.820000931774],[113.45000073852206,34.320001869300064]]]}"
00000000000000000401,1608,11,12543.0,6840.363636363636,5901.0,5162.0,75244.0,"{""type"":""Polygon"",""coordinates"":[[[114.44999875351041,34.32000190159594],[114.51249861031246,34.32000189678744],[114.57499851865738,34.32000189127715],[114.63749835271804,34.320001914667344],[114.69999825847623,34.32000185878787],[114.76249811002621,34.320001911817506],[114.82499805317266,34.320001885236],[114.8874978713726,34.320001906695104],[114.94999780081427,34.320001846997584],[114.94999780081427,34.82000091309421],[114.8874978713726,34.82000087335431],[114.82499805317266,34.82000087348004],[114.76249811002621,34.82000088538366],[114.69999825847623,34.82000086144133],[114.63749835271804,34.820000911258546],[114.57499851865738,34.82000092730622],[114.51249861031246,34.820000939224954],[114.44999875351041,34.8200009180336],[114.44999875351041,34.32000190159594]]]}"
00000000000000000402,1609,9,12537.0,7867.333333333333,7376.0,5162.0,70806.0,"{""type"":""Polygon"",""coordinates"":[[[114.94999780081427,34.320001846997584],[115.01249816795351,34.3200018741485],[115.0749986654598,34.32000189588511],[115.13749907662935,34.320001880132786],[115.19999954668145,34.32000187447382],[115.26249994931185,34.320001906053186],[115.32500033907466,34.32000188286524],[115.38750077038793,34.32000187106195],[115.45000120714293,34.320001877056455],[115.45000120714293,34.82000091904351],[115.38750077038793,34.820000905870465],[115.32500033907466,34.820000866544824],[115.26249994931185,34.82000087426863],[115.19999954668145,34.820000864291785],[115.13749907662935,34.82000092914577],[115.0749986654598,34.82000088450038],[115.01249816795351,34.820000921051715],[114.94999780081427,34.82000091309421],[114.94999780081427,34.320001846997584]]]}"
00000000000000000403,1610,0,,,,,0.0,"{""type"":""Polygon"",""coordinates"":[[[115.45000120714293,34.320001877056455],[115.51250107096507,34.32000186913535],[115.57500095838192,34.3200018717362],[115.63750083301515,34.320001890416236],[115.70000074871464,34.32000191026205],[115.76250057859622,34.32000187741537],[115.82500046656986,34.32000191424937],[115.887500375804,34.32000186693905],[115.95000026937656,34.320001897658216],[115.95000026937656,34.82000090429874],[115.887500375804,34.820000852830546],[115.82500046656986,34.820000906938546],[115.76250057859622,34.82000090615324],[115.70000074871464,34.82000092558679],[115.63750083301515,34.820000923463304],[115.57500095838192,34.82000087517376],[115.51250107096507,34.82000087527537],[115.45000120714293,34.82000091904351],[115.45000120714293,34.320001877056455]]]}"
00000000000000000404,1611,0,,,,,0.0,"{""type"":""Polygon"",""coordinates"":[[[115.95000026937656,34.320001897658216],[116.01250011027291,34.32000185222879],[116.07499995156216,34.320001871704456],[116.13749984612735,34.32000185972025],[116.1999997565261,34.320001898022895],[116.26249964521116,34.32000191028853],[116.32499947452831,34.320001898912274],[116.38749938684246,34.32000190325584],[116.44999925409569,34.32000186694129],[116.44999925409569,34.82000091822223],[116.38749938684246,34.82000089944426],[116.32499947452831,34.82000086100722],[116.26249964521116,34.820000859553055],[116.1999997565261,34.82000085726582],[116.13749984612735,34.82000093107188],[116.07499995156216,34.82000092223663],[116.01250011027291,34.82000090720088],[115.95000026937656,34.82000090429874],[115.95000026937656,34.320001897658216]]]}"
00000000000000000405,1612,0,,,,,0.0,"{""type"":""Polygon"",""coordinates"":[[[116.44999925409569,34.32000186694129],[116.51249912824201,34.32000184936787],[116.57499897102883,34.32000193035131],[116.63749883404937,34.32000193226069],[116.69999876867364,34.320001913266985],[116.76249864621,34.32000189458691],[116.82499851772049,34.320001855082616],[116.8874983441674,34.320001872989174],[116.94999826605553,34.32000190510755],[116.94999826605553,34.820000853793466],[116.8874983441674,34.820000869856116],[116.82499851772049,34.82000091304111],[116.76249864621,34.820000871246584],[116.69999876867364,34.820000902051234],[116.63749883404937,34.82000087112196],[116.57499897102883,34.8200009144418],[116.51249912824201,34.82000089701117],[116.44999925409569,34.82000091822223],[116.44999925409569,34.32000186694129]]]}"
00000000000000000406,1613,0,,,,,0.0,"{""type"":""Polygon"",""coordinates"":[[[116.94999826605553,34.32000190510755],[117.01249869297735,34.32000192217111],[117.07499913599196,34.320001871770515],[117.1374995553392,34.32000190929523],[117.20000000084326,34.3200018544381],[117.26250043236597,34.320001861875724],[117.32500080961704,34.32000192906251],[117.38750127144553,34.32000185326447],[117.45000168746127,34.32000188802159],[117.45000168746127,34.8200008810016],[117.38750127144553,34.82000090239178],[117.32500080961702,34.820000883549675],[117.26250043236597,34.82000088468282],[117.20000000084326,34.82000087492344],[117.1374995553392,34.82000085756779],[117.07499913599196,34.820000913760026],[117.01249869297735,34.820000911704966],[116.94999826605553,34.820000853793466],[116.94999826605553,34.32000190510755]]]}"
00000000000000000407,1614,0,,,,,0.0,"{""type"":""Polygon"",""coordinates"":[[[117.45000168746127,34.32000188802159],[117.51250156887173,34.32000190363134],[117.57500141246646,34.32000192331216],[117.6375013560503,34.32000189945044],[117.70000117902012,34.320001871330696],[117.76250110819338,34.32000184695101],[117.82500092265155,34.32000186512359],[117.88750084859045,34.32000185468631],[117.9500006647658,34.320001932163194],[117.9500006647658,34.820000884793046],[117.88750084859045,34.82000085256074],[117.82500092265155,34.82000090581618],[117.76250110819338,34.820000851250704],[117.70000117902012,34.82000091678266],[117.6375013560503,34.82000090860587],[117.57500141246646,34.82000089817936],[117.51250156887173,34.82000092463456],[117.45000168746127,34.8200008810016],[117.45000168746127,34.32000188802159]]]}"
00000000000000000408,1615,0,,,,,0.0,"{""type"":""Polygon"",""coordinates"":[[[117.9500006647658,34.320001932163194],[118.01250059673546,34.32000186928689],[118.07500042291933,34.320001860266345],[118.13750027893767,34.32000193232081],[118.20000021071498,34.320001900289654],[118.26250008541567,34.32000185734456],[118.32499994851155,34.32000192967413],[118.38749984514642,34.320001853380624],[118.44999973101154,34.32000185414079],[118.44999973101154,34.8200008645078],[118.38749984514642,34.82000088583474],[118.32499994851155,34.82000089595937],[118.26250008541567,34.82000090379106],[118.20000021071498,34.82000086291158],[118.13750027893767,34.820000881530504],[118.07500042291933,34.820000867678665],[118.01250059673546,34.82000085146013],[117.9500006647658,34.820000884793046],[117.9500006647658,34.320001932163194]]]}"
00000000000000000409,1616,0,,,,,0.0,"{""type"":""Polygon"",""coordinates"":[[[118.44999973101154,34.32000185414079],[118.51249956159542,34.320001923580755],[118.57499947028623,34.32000185235127],[118.63749932293841,34.320001887476],[118.69999916329995,34.32000191929071],[118.76249903476817,34.32000191555085],[118.82499898038535,34.32000192128216],[118.88749886507792,34.320001871361335],[118.94999873137841,34.320001887858446],[118.94999873137841,34.820000920224714],[118.88749886507792,34.820000891511334],[118.82499898038535,34.820000910204335],[118.76249903476817,34.82000093334912],[118.69999916329995,34.82000087179194],[118.63749932293841,34.8200009138561],[118.57499947028623,34.820000860833446],[118.51249956159542,34.82000090026158],[118.44999973101154,34.8200008645078],[118.44999973101154,34.32000185414079]]]}"
0000000000000000040a,1617,2,9602.0,8490.5,8490.5,7379.0,16981.0,"{""type"":""Polygon"",""coordinates"":[[[118.94999873137841,34.320001887858446],[119.01249915429268,34.320001877006014],[119.07499955357449,34.32000188700119],[119.13749997075175,34.32000188344173],[119.20000044697548,34.32000190901841],[119.26250084569612,34.32000189723904],[119.32500129614436,34.320001867050024],[119.38750174984433,34.32000188314206],[119.45000215807949,34.32000185514273],[119.45000215807949,34.82000086579664],[119.38750174984433,34.82000091665501],[119.32500129614436,34.820000896590116],[119.26250084569612,34.82000089638412],[119.20000044697548,34.820000852599776],[119.13749997075175,34.820000902057046],[119.07499955357449,34.820000880289825],[119.01249915429268,34.82000090025027],[118.94999873137841,34.820000920224714],[118.94999873137841,34.320001887858446]]]}"
0000000000000000040b,1667,1,10997.0,10997.0,10997.0,10997.0,10997.0,"{""type"":""Polygon"",""coordinates"":[[[102.45000045517783,34.820000852547565],[102.51250032874732,34.82000091706196],[102.57500022649201,34.82000090163583],[102.63750004749501,34.82000086726256],[102.69999995447873,34.82000092995623],[102.76249984827193,34.82000090146262],[102.82499971810891,34.82000091564193],[102.88749955406026,34.82000085750478],[102.94999943487058,34.82000093369778],[102.94999943487058,35.31999987250713],[102.88749955406026,35.31999988334219],[102.82499971810891,35.31999985372813],[102.76249984827193,35.31999990810766],[102.69999995447873,35.31999991404746],[102.63750004749501,35.31999990357259],[102.57500022649201,35.31999989925954],[102.51250032874732,35.31999986871962],[102.45000045517783,35.319999916414254],[102.45000045517783,34.820000852547565]]]}"
0000000000000000040c,1668,23,57213.0,12819.91304347826,8802.0,5134.0,294858.0,"{""type"":""Polygon"",""coordinates"":[[[102.94999943487058,34.82000093369778],[103.01249935240315,34.820000862928374],[103.07499921140636,34.82000087016693],[103.13749909321939,34.820000912592704],[103.19999899214639,34.82000087384269],[103.26249881522786,34.82000089535123],[103.3249987344573,34.82000092357795],[103.38749857035549,34.8200008609292],[103.44999840847325,34.82000091121436],[103.44999840847325,35.31999993442087],[103.38749857035549,35.31999989322767],[103.3249987344573,35.31999986990412],[103.26249881522786,35.31999990907664],[103.19999899214639,35.31999986113287],[103.13749909321939,35.31999986214388],[103.07499921140635,35.319999854051176],[103.01249935240315,35.31999987060564],[102.94999943487058,35.31999987250713],[102.94999943487058,34.82000093369778]]]}"
0000000000000000040d,1669,0,,,,,0.0,"{""type"":""Polygon"",""coordinates"":[[[103.44999840847325,34.82000091121436],[103.51249886474936,34.82000088718645],[103.57499932114563,34.82000090518767],[103.6374997774681,34.820000929734285],[103.70000014592347,34.82000093518211],[103.76250060453198,34.82000086538706],[103.8250010670569,34.82000085937891],[103.88750144784625,34.82000089080041],[103.95000192741529,34.820000902315435],[103.95000192741529,35.319999859222776],[103.88750144784625,35.31999988604298],[103.8250010670569,35.319999877756196],[103.762500604532,35.31999989199685],[103.70000014592347,35.3199998730587],[103.6374997774681,35.31999992948649],[103.57499932114563,35.31999987121861],[103.51249886474936,35.3199998883748],[103.44999840847325,35.31999993442087],[103.44999840847325,34.82000091121436]]]}"
0000000000000000040e,1670,1,7361.0,7361.0,7361.0,7361.0,7361.0,"{""type"":""Polygon"",""coordinates"":[[[103.95000192741529,34.820000902315435],[104.01250180165823,34.820000856931244],[104.07500169504861,34.82000089318637],[104.13750152472561,34.82000090122888],[104.2000013857669,34.82000091523751],[104.2625012853988,34.820000896900105],[104.32500114279593,34.82000090076064],[104.38750105528894,34.82000087739306],[104.450000943384,34.820000880819485],[104.450000943384,35.319999929997564],[104.38750105528894,35.31999985347167],[104.32500114279593,35.31999986726681],[104.2625012853988,35.31999991800266],[104.2000013857669,35.31999989129596],[104.13750152472561,35.31999989728144],[104.07500169504861,35.319999892412284],[104.01250180165823,35.3199999253288],[103.95000192741529,35.319999859222776],[103.95000192741529,34.820000902315435]]]}"
00000000000000000410,1675,0,,,,,0.0,"{""type"":""Polygon"",""coordinates"":[[[106.45000134194315,34.8200008739871],[106.51250122173896,34.82000086732774],[106.57500113489608,34.82000086718259],[106.63750102130584,34.820000918763725],[106.70000091124314,34.82000089068949],[106.76250074549382,34.82000090962894],[106.82500064529452,34.82000091278699],[106.88750046233555,34.820000875274616],[106.95000040889545,34.820000884458],[106.95000040889545,35.31999987099913],[106.88750046233555,35.319999895264964],[106.82500064529452,35.31999992968346],[106.76250074549382,35.31999988823502],[106.70000091124314,35.319999877275436],[106.63750102130584,35.319999878536024],[106.57500113489608,35.31999992932487],[106.51250122173896,35.319999916504706],[106.45000134194315,35.31999987690471],[106.45000134194315,34.8200008739871]]]}"
00000000000000000411,1676,0,,,,,0.0,"{""type"":""Polygon"",""coordinates"":[[[106.95000040889545,34.820000884458],[107.01250024745117,34.82000092782991],[107.07500010115805,34.82000085952291],[107.13750000360177,34.82000087325977],[107.19999989867381,34.82000084834563],[107.26249973064182,34.820000909208716],[107.32499962457192,34.820000908526076],[107.38749952560921,34.82000088836259],[107.44999937926345,34.82000089059482],[107.44999937926345,35.31999988048946],[107.38749952560921,35.31999989242999],[107.32499962457192,35.319999886727835],[107.26249973064182,35.319999903378786],[107.19999989867381,35.319999901001616],[107.13750000360176,35.31999986425271],[107.07500010115805,35.3199999136462],[107.01250024745117,35.319999925710036],[106.95000040889545,35.31999987099913],[106.95000040889545,34.820000884458]]]}"
00000000000000000412,1677,0,,,,,0.0,"{""type"":""Polygon"",""coordinates"":[[[107.44999937926345,34.82000089059482],[107.51249922168425,34.82000086190886],[107.57499908946542,34.820000911917376],[107.63749901963907,34.820000904919304],[107.69999886898935,34.820000895168455],[107.76249876564697,34.82000089623433],[107.8249986574864,34.82000086675165],[107.88749849272108,34.82000092830691],[107.94999840073855,34.82000084868505],[107.94999840073855,35.319999928936],[107.88749849272108,35.319999873883006],[107.82499865748639,35.319999877442804],[107.76249876564697,35.31999992808552],[107.69999886898935,35.31999990533464],[107.63749901963907,35.319999850711945],[107.57499908946542,35.31999991375503],[107.51249922168424,35.31999987852672],[107.44999937926345,35.31999988048946],[107.44999937926345,34.82000089059482]]]}"
00000000000000000413,1678,0,,,,,0.0,"{""type"":""Polygon"",""coordinates"":[[[107.94999840073855,34.82000084868505],[108.01249878272381,34.82000092440164],[108.07499922645421,34.82000092310699],[108.13749968162853,34.82000088368931],[108.20000009826589,34.820000926278254],[108.26250051721281,34.82000091246023],[108.32500097969988,34.82000086636277],[108.387501436792,34.820000907187094],[108.45000183986016,34.82000090976263],[108.45000183986016,35.31999989161226],[108.387501436792,35.31999988439009],[108.32500097969988,35.31999987187454],[108.26250051721281,35.31999989803534],[108.20000009826589,35.319999925750295],[108.13749968162853,35.31999993167562],[108.07499922645422,35.319999892048926],[108.01249878272381,35.3199999308621],[107.94999840073855,35.319999928936],[107.94999840073855,34.82000084868505]]]}"
00000000000000000414,1679,3,8094.0,6619.0,6612.0,5151.0,19857.0,"{""type"":""Polygon"",""coordinates"":[[[108.45000183986016,34.82000090976263],[108.51250168769621,34.82000090129852],[108.57500156618424,34.82000090135688],[108.63750142769644,34.82000086536755],[108.70000131552,34.82000089682443],[108.76250118265287,34.820000869355084],[108.8250010730305,34.82000088578775],[108.8875009402605,34.8200009005355],[108.95000082890888,34.8200008532861],[108.95000082890888,35.31999985650614],[108.8875009402605,35.319999899460896],[108.8250010730305,35.31999990886704],[108.76250118265287,35.31999986456549],[108.70000131552,35.31999989312282],[108.63750142769644,35.319999892976995],[108.57500156618424,35.319999909401595],[108.51250168769621,35.31999992097821],[108.45000183986016,35.31999989161226],[108.45000183986016,34.82000090976263]]]}"
00000000000000000415,1680,0,,,,,0.0,"{""type"":""Polygon"",""coordinates"":[[[108.95000082890888,34.8200008532861],[109.01250069317662,34.820000860402374],[109.07500057824282,34.820000860920636],[109.13750043888552,34.82000088943279],[109.20000032087941,34.820000884381],[109.26250017956323,34.82000087983003],[109.32500006128967,34.820000894711356],[109.38749992194201,34.82000088143437],[109.44999980843326,34.820000858291685],[109.44999980843326,35.31999986871558],[109.38749992194201,35.31999992553201],[109.32500006128967,35.31999991536729],[109.26250017956323,35.31999990130354],[109.20000032087941,35.31999993116589],[109.13750043888552,35.31999990615005],[109.07500057824282,35.31999987353013],[109.01250069317662,35.31999989518888],[108.95000082890888,35.31999985650614],[108.95000082890888,34.8200008532861]]]}"
00000000000000000416,1681,0,,,,,0.0,"{""type"":""Polygon"",""coordinates"":[[[109.44999980843326,34.820000858291685],[109.51249967717493,34.82000085822578],[109.57499957562284,34.82000089882681],[109.63749946070045,34.820000931458516],[109.69999938038876,34.82000089210555],[109.76249920127421,34.82000090887955],[109.82499906265927,34.82000090190952],[109.88749892244346,34.82000090246745],[109.94999882960636,34.82000092614519],[109.94999882960636,35.319999875771536],[109.88749892244346,35.31999988078216],[109.82499906265929,35.31999992736441],[109.76249920127421,35.319999920266696],[109.69999938038876,35.31999990935842],[109.63749946070045,35.319999894432584],[109.57499957562284,35.31999990946548],[109.51249967717493,35.31999993831667],[109.44999980843326,35.31999986871558],[109.44999980843326,34.820000858291685]]]}"
00000000000000000417,1683,1,11788.0,11788.0,11788.0,11788.0,11788.0,"{""type"":""Polygon"",""coordinates"":[[[110.44999784043416,34.820000860189545],[110.5124982349368,34.82000089949537],[110.57499872458666,34.820000854286526],[110.63749917888184,34.820000849139795],[110.69999955841789,34.820000911804534],[110.76250000585576,34.82000087627782],[110.82500048216698,34.82000085024027],[110.88750085753803,34.820000876771076],[110.95000127517434,34.82000086943011],[110.95000127517434,35.319999860837925],[110.88750085753803,35.319999924578696],[110.82500048216698,35.319999883066316],[110.76250000585576,35.3199999032675],[110.69999955841789,35.319999862568444],[110.63749917888184,35.31999989494029],[110.57499872458666,35.319999925911944],[110.5124982349368,35.31999992838899],[110.44999784043416,35.31999985905814],[110.44999784043416,34.820000860189545]]]}"
00000000000000000418,1684,7,8828.0,6621.571428571428,6620.0,5148.0,46351.0,"{""type"":""Polygon"",""coordinates"":[[[110.95000127517434,34.82000086943011],[111.012501150796,34.8200008722293],[111.07500108272143,34.8200008777002],[111.13750094178911,34.82000092796523],[111.2000007809136,34.82000087116097],[111.26250065316744,34.820000876851594],[111.3250005208042,34.82000088942019],[111.38750043719087,34.82000091678593],[111.45000027388987,34.8200009195755],[111.45000027388987,35.319999860150006],[111.38750043719087,35.319999867275506],[111.3250005208042,35.31999993341868],[111.26250065316744,35.319999858303],[111.2000007809136,35.31999987464534],[111.13750094178911,35.31999987838536],[111.07500108272143,35.319999861703174],[111.012501150796,35.31999989637713],[110.95000127517434,35.319999860837925],[110.95000127517434,34.82000086943011]]]}"
00000000000000000419,1685,46,145416.0,14932.652173913044,7346.5,5129.0,686902.0,"{""type"":""Polygon"",""coordinates"":[[[111.45000027388987,34.8200009195755],[111.51250017551725,34.82000088839603],[111.57500001390144,34.820000863781274],[111.63749993392162,34.820000915786295],[111.69999980765746,34.8200009238267],[111.76249968925852,34.82000089391975],[111.82499954201671,34.82000092893314],[111.8874994203104,34.82000087368604],[111.94999928765343,34.820000910615235],[111.94999928765343,35.31999989026706],[111.8874994203104,35.31999986116925],[111.82499954201671,35.31999992164877],[111.76249968925852,35.31999989092923],[111.69999980765746,35.31999992409939],[111.63749993392162,35.31999991948636],[111.57500001390144,35.31999987190932],[111.51250017551725,35.31999990164338],[111.45000027388987,35.319999860150006],[111.45000027388987,34.8200009195755]]]}"
0000000000000000041a,1686,7,16131.0,7960.142857142857,6596.0,5132.0,55721.0,"{""type"":""Polygon"",""coordinates"":[[[111.94999928765343,34.820000910615235],[112.0124991986357,34.82000088389562],[112.07499902601046,34.820000912408126],[112.13749891553334,34.820000902671225],[112.19999883111501,34.82000087551492],[112.26249864580134,34.82000086898906],[112.3249985965618,34.82000085109087],[112.38749846565608,34.82000087674724],[112.44999830829926,34.820000868244904],[112.44999830829926,35.31999986732398],[112.3874984656561,35.31999992507932],[112.32499859656178,35.3199998617091],[112.26249864580134,35.31999991442721],[112.19999883111501,35.3199998696535],[112.13749891553334,35.31999991966711],[112.07499902601046,35.31999986778231],[112.0124991986357,35.319999853206724],[111.94999928765343,35.31999989026706],[111.94999928765343,34.820000910615235]]]}"
0000000000000000041b,1687,0,,,,,0.0,"{""type"":""Polygon"",""coordinates"":[[[112.44999830829926,34.820000868244904],[112.51249872542826,34.82000088139295],[112.57499913573393,34.82000088070705],[112.63749959462092,34.820000867342856],[112.70000006661674,34.82000085983557],[112.76250042539426,34.820000894367624],[112.82500090837965,34.82000085550655],[112.88750129843874,34.820000876631404],[112.95000174215942,34.8200008594469],[112.95000174215942,35.319999885583755],[112.88750129843874,35.31999988177223],[112.82500090837965,35.31999990566692],[112.76250042539426,35.319999897322205],[112.70000006661674,35.31999988312197],[112.63749959462092,35.31999989972848],[112.57499913573395,35.319999911581974],[112.51249872542826,35.31999990088319],[112.44999830829926,35.31999986732398],[112.44999830829926,34.820000868244904]]]}"
0000000000000000041c,1688,0,,,,,0.0,"{""type"":""Polygon"",""coordinates"":[[[112.95000174215942,34.8200008594469],[113.01250165895985,34.8200008498684],[113.07500155915373,34.82000091639116],[113.13750140764363,34.8200009161239],[113.20000126025225,34.82000092697592],[113.26250117281332,34.8200008669568],[113.32500101945124,34.82000092940695],[113.3875008560576,34.82000087247635],[113.45000073852206,34.820000931774],[113.45000073852206,35.3199998806493],[113.3875008560576,35.31999993337577],[113.32500101945124,35.319999923868295],[113.26250117281332,35.3199998562557],[113.20000126025225,35.319999892695336],[113.13750140764363,35.31999992065469],[113.07500155915373,35.31999986401422],[113.01250165895985,35.31999988404296],[112.95000174215942,35.319999885583755],[112.95000174215942,34.8200008594469]]]}"
0000000000000000041d,1695,1,7341.0,7341.0,7341.0,7341.0,7341.0,"{""type"":""Polygon"",""coordinates"":[[[116.44999925409569,34.82000091822223],[116.51249912824201,34.82000089701117],[116.57499897102883,34.8200009144418],[116.63749883404937,34.82000087112196],[116.69999876867364,34.820000902051234],[116.76249864621,34.820000871246584],[116.82499851772049,34.82000091304111],[116.8874983441674,34.820000869856116],[116.94999826605553,34.820000853793466],[116.94999826605553,35.31999990069856],[116.8874983441674,35.319999888006286],[116.82499851772049,35.31999991387234],[116.76249864621,35.319999868186],[116.69999876867364,35.31999990845792],[116.63749883404937,35.319999902210604],[116.57499897102883,35.319999907378744],[116.51249912824201,35.319999868609685],[116.44999925409569,35.319999885807306],[116.44999925409569,34.82000091822223]]]}"
0000000000000000041e,1696,0,,,,,0.0,"{""type"":""Polygon"",""coordinates"":[[[116.94999826605553,34.820000853793466],[117.01249869297735,34.820000911704966],[117.07499913599196,34.820000913760026],[117.1374995553392,34.82000085756779],[117.20000000084326,34.82000087492344],[117.26250043236597,34.82000088468282],[117.32500080961702,34.820000883549675],[117.38750127144553,34.82000090239178],[117.45000168746127,34.8200008810016],[117.45000168746127,35.31999991554629],[117.38750127144553,35.31999992642417],[117.32500080961704,35.3199999016727],[117.26250043236597,35.3199999017435],[117.20000000084326,35.319999897314986],[117.1374995553392,35.31999989250971],[117.07499913599196,35.319999891229],[117.01249869297735,35.31999991875106],[116.94999826605553,35.31999990069856],[116.94999826605553,34.820000853793466]]]}"
0000000000000000041f,1697,0,,,,,0.0,"{""type"":""Polygon"",""coordinates"":[[[117.45000168746127,34.8200008810016],[117.51250156887173,34.82000092463456],[117.57500141246646,34.82000089817936],[117.6375013560503,34.82000090860587],[117.70000117902012,34.82000091678266],[117.76250110819338,34.820000851250704],[117.82500092265155,34.82000090581618],[117.88750084859045,34.82000085256074],[117.9500006647658,34.820000884793046],[117.9500006647658,35.319999896631884],[117.88750084859045,35.31999985354821],[117.82500092265155,35.319999892204876],[117.76250110819338,35.31999989803576],[117.70000117902012,35.31999986738408],[117.6375013560503,35.31999991717919],[117.57500141246646,35.31999988810421],[117.51250156887173,35.31999989673451],[117.45000168746127,35.31999991554629],[117.45000168746127,34.8200008810016]]]}"
00000000000000000420,1698,0,,,,,0.0,"{""type"":""Polygon"",""coordinates"":[[[117.9500006647658,34.820000884793046],[118.01250059673546,34.82000085146013],[118.07500042291933,34.820000867678665],[118.13750027893767,34.820000881530504],[118.20000021071498,34.82000086291158],[118.26250008541567,34.82000090379106],[118.32499994851155,34.82000089595937],[118.38749984514642,34.82000088583474],[118.44999973101154,34.8200008645078],[118.44999973101154,35.31999986851553],[118.38749984514642,35.319999866523055],[118.32499994851155,35.3199999188289],[118.26250008541567,35.31999988109544],[118.20000021071498,35.319999862441826],[118.13750027893767,35.31999989455187],[118.07500042291933,35.31999988658076],[118.01250059673546,35.31999986959924],[117.9500006647658,35.319999896631884],[117.9500006647658,34.820000884793046]]]}"
00000000000000000421,1700,8,10275.0,7429.0,7701.5,5137.0,59432.0,"{""type"":""Polygon"",""coordinates"":[[[118.94999873137841,34.820000920224714],[119.01249915429268,34.82000090025027],[119.07499955357449,34.820000880289825],[119.13749997075175,34.820000902057046],[119.20000044697548,34.820000852599776],[119.26250084569612,34.82000089638412],[119.32500129614436,34.820000896590116],[119.38750174984433,34.82000091665501],[119.45000215807949,34.82000086579664],[119.45000215807949,35.31999987607801],[119.38750174984433,35.31999984891159],[119.32500129614436,35.31999987606062],[119.26250084569612,35.3199998956628],[119.20000044697548,35.319999922170894],[119.13749997075175,35.31999986317843],[119.07499955357449,35.31999986236329],[119.01249915429268,35.31999987993844],[118.94999873137841,35.319999875594554],[118.94999873137841,34.820000920224714]]]}"
00000000000000000423,1751,1,5826.0,5826.0,5826.0,5826.0,5826.0,"{""type"":""Polygon"",""coordinates"":[[[101.95000143238939,35.31999989581496],[102.01250131215058,35.31999986131219],[102.07500118037697,35.31999991611626],[102.13750110367965,35.31999985724604],[102.2000009752185,35.319999911661384],[102.26250086349057,35.319999875858365],[102.32500066333235,35.319999893884265],[102.38750053252556,35.31999991759218],[102.45000045517783,35.319999916414254],[102.45000045517783,35.819998855329715],[102.38750053252556,35.819998868163374],[102.32500066333235,35.81999893053334],[102.26250086349057,35.81999890922857],[102.2000009752185,35.81999885259348],[102.13750110367965,35.8199988636249],[102.07500118037699,35.81999889903545],[102.01250131215058,35.81999889746539],[101.95000143238939,35.819998897025215],[101.95000143238939,35.31999989581496]]]}"
00000000000000000424,1752,5,18299.0,10672.0,5843.0,5840.0,53360.0,"{""type"":""Polygon"",""coordinates"":[[[102.45000045517783,35.319999916414254],[102.51250032874732,35.31999986871962],[102.57500022649201,35.31999989925954],[102.63750004749501,35.31999990357259],[102.69999995447873,35.31999991404746],[102.76249984827193,35.31999990810766],[102.82499971810891,35.31999985372813],[102.88749955406026,35.31999988334219],[102.94999943487058,35.31999987250713],[102.94999943487058,35.81999889447126],[102.88749955406026,35.81999890839694],[102.82499971810891,35.81999887165844],[102.76249984827193,35.819998908389714],[102.69999995447873,35.81999888730344],[102.63750004749501,35.81999892245755],[102.57500022649201,35.819998872729606],[102.51250032874732,35.819998870286014],[102.45000045517783,35.819998855329715],[102.45000045517783,35.319999916414254]]]}"
0000000000000000042b,1762,0,,,,,0.0,"{""type"":""Polygon"",""coordinates"":[[[107.44999937926345,35.31999988048946],[107.51249922168424,35.31999987852672],[107.57499908946542,35.31999991375503],[107.63749901963907,35.319999850711945],[107.69999886898935,35.31999990533464],[107.76249876564697,35.31999992808552],[107.82499865748639,35.319999877442804],[107.88749849272108,35.319999873883006],[107.94999840073855,35.319999928936],[107.94999840073855,35.81999890615795],[107.88749849272108,35.81999889648259],[107.8249986574864,35.81999889987453],[107.76249876564697,35.819998905604805],[107.69999886898934,35.81999887494808],[107.63749901963907,35.81999893026526],[107.57499908946542,35.819998898379694],[107.51249922168425,35.81999888749284],[107.44999937926345,35.81999887151477],[107.44999937926345,35.31999988048946]]]}"
0000000000000000042c,1763,1,5826.0,5826.0,5826.0,5826.0,5826.0,"{""type"":""Polygon"",""coordinates"":[[[107.94999840073855,35.319999928936],[108.01249878272381,35.3199999308621],[108.07499922645422,35.319999892048926],[108.13749968162853,35.31999993167562],[108.20000009826589,35.319999925750295],[108.26250051721281,35.31999989803534],[108.32500097969988,35.31999987187454],[108.387501436792,35.31999988439009],[108.45000183986016,35.31999989161226],[108.45000183986016,35.8199989092864],[108.387501436792,35.81999892496103],[108.32500097969988,35.81999888620892],[108.26250051721281,35.819998917603854],[108.20000009826589,35.81999890224724],[108.13749968162853,35.81999889801205],[108.07499922645421,35.81999888191552],[108.01249878272381,35.819998897130816],[107.94999840073855,35.81999890615795],[107.94999840073855,35.319999928936]]]}"
0000000000000000042d,1764,18,18269.0,7464.166666666667,5837.0,5108.0,134355.0,"{""type"":""Polygon"",""coordinates"":[[[108.45000183986016,35.31999989161226],[108.51250168769621,35.31999992097821],[108.57500156618424,35.319999909401595],[108.63750142769644,35.319999892976995],[108.70000131552,35.31999989312282],[108.76250118265287,35.31999986456549],[108.8250010730305,35.31999990886704],[108.8875009402605,35.319999899460896],[108.95000082890888,35.31999985650614],[108.95000082890888,35.81999887068313],[108.88750094026051,35.8199988667704],[108.8250010730305,35.819998936408226],[108.76250118265287,35.81999889968344],[108.70000131551998,35.819998882826795],[108.63750142769644,35.81999886583688],[108.57500156618424,35.81999889419822],[108.51250168769621,35.81999886690021],[108.45000183986016,35.8199989092864],[108.45000183986016,35.31999989161226]]]}"
0000000000000000042e,1765,4,16823.0,8778.75,6219.0,5854.0,35115.0,"{""type"":""Polygon"",""coordinates"":[[[108.95000082890888,35.31999985650614],[109.01250069317662,35.31999989518888],[109.07500057824282,35.31999987353013],[109.13750043888552,35.31999990615005],[109.20000032087941,35.31999993116589],[109.26250017956323,35.31999990130354],[109.32500006128967,35.31999991536729],[109.38749992194201,35.31999992553201],[109.44999980843326,35.31999986871558],[109.44999980843326,35.81999886364588],[109.38749992194201,35.81999892145885],[109.32500006128967,35.8199989346898],[109.26250017956323,35.81999888658639],[109.20000032087941,35.8199989052969],[109.13750043888552,35.81999889330183],[109.07500057824282,35.81999889809271],[109.01250069317662,35.81999890163384],[108.95000082890888,35.81999887068313],[108.95000082890888,35.31999985650614]]]}"
0000000000000000042f,1766,0,,,,,0.0,"{""type"":""Polygon"",""coordinates"":[[[109.44999980843326,35.31999986871558],[109.51249967717493,35.31999993831667],[109.57499957562284,35.31999990946548],[109.63749946070045,35.319999894432584],[109.69999938038876,35.31999990935842],[109.76249920127421,35.319999920266696],[109.82499906265929,35.31999992736441],[109.88749892244346,35.31999988078216],[109.94999882960636,35.319999875771536],[109.94999882960636,35.81999886191345],[109.88749892244346,35.81999887340718],[109.82499906265929,35.819998863426505],[109.76249920127421,35.81999889791652],[109.69999938038876,35.819998867026605],[109.63749946070045,35.81999893143094],[109.57499957562284,35.8199988851664],[109.51249967717493,35.81999887290085],[109.44999980843326,35.81999886364588],[109.44999980843326,35.31999986871558]]]}"
00000000000000000430,1767,14,54711.0,12763.214285714286,6938.0,5098.0,178685.0,"{""type"":""Polygon"",""coordinates"":[[[109.94999882960636,35.319999875771536],[110.01249874251052,35.31999986190082],[110.07499861973156,35.319999868966576],[110.13749851093976,35.31999991082266],[110.19999837515131,35.3199998560099],[110.26249826248451,35.31999987839755],[110.32499813237996,35.319999926283394],[110.38749794447425,35.31999986756504],[110.44999784043416,35.31999985905814],[110.44999784043416,35.819998862254614],[110.38749794447425,35.81999892088938],[110.32499813237996,35.819998882017686],[110.26249826248453,35.81999890984617],[110.19999837515131,35.819998896832836],[110.13749851093975,35.81999889484697],[110.07499861973156,35.81999889149827],[110.01249874251052,35.81999885824946],[109.94999882960636,35.81999886191345],[109.94999882960636,35.319999875771536]]]}"
00000000000000000431,1768,0,,,,,0.0,"{""type"":""Polygon"",""coordinates"":[[[110.44999784043416,35.31999985905814],[110.5124982349368,35.31999992838899],[110.57499872458666,35.319999925911944],[110.63749917888184,35.31999989494029],[110.69999955841789,35.319999862568444],[110.76250000585576,35.3199999032675],[110.82500048216698,35.319999883066316],[110.88750085753803,35.319999924578696],[110.95000127517434,35.319999860837925],[110.95000127517434,35.8199989012311],[110.88750085753803,35.819998860483615],[110.82500048216698,35.81999888145822],[110.76250000585576,35.81999889225515],[110.69999955841789,35.819998930641624],[110.63749917888184,35.819998891332396],[110.57499872458666,35.81999886054962],[110.5124982349368,35.819998891650776],[110.44999784043416,35.819998862254614],[110.44999784043416,35.31999985905814]]]}"
00000000000000000432,1769,1,5099.0,5099.0,5099.0,5099.0,5099.0,"{""type"":""Polygon"",""coordinates"":[[[110.95000127517434,35.319999860837925],[111.012501150796,35.31999989637713],[111.07500108272143,35.319999861703174],[111.13750094178911,35.31999987838536],[111.2000007809136,35.31999987464534],[111.26250065316744,35.319999858303],[111.3250005208042,35.31999993341868],[111.38750043719087,35.319999867275506],[111.45000027388987,35.319999860150006],[111.45000027388987,35.81999889060529],[111.38750043719087,35.819998917018275],[111.3250005208042,35.81999892482694],[111.26250065316744,35.8199988742265],[111.2000007809136,35.81999891788043],[111.13750094178911,35.81999887341598],[111.07500108272143,35.81999889285067],[111.012501150796,35.819998889242626],[110.95000127517434,35.8199989012311],[110.95000127517434,35.319999860837925]]]}"
00000000000000000433,1770,173,124273.0,15547.797687861272,8781.42857142857,5112.0,2689769.0,"{""type"":""Polygon"",""coordinates"":[[[111.45000027388987,35.319999860150006],[111.51250017551725,35.31999990164338],[111.57500001390144,35.31999987190932],[111.63749993392162,35.31999991948636],[111.69999980765746,35.31999992409939],[111.76249968925852,35.31999989092923],[111.82499954201671,35.31999992164877],[111.8874994203104,35.31999986116925],[111.94999928765343,35.31999989026706],[111.94999928765343,35.81999891549164],[111.8874994203104,35.819998914130515],[111.82499954201671,35.819998919170196],[111.76249968925852,35.819998910049534],[111.69999980765746,35.81999888315428],[111.63749993392162,35.819998896635475],[111.57500001390144,35.819998866843875],[111.51250017551725,35.81999891371617],[111.45000027388987,35.81999889060529],[111.45000027388987,35.319999860150006]]]}"
00000000000000000434,1771,133,187101.0,18968.774436090225,9838.818181818182,5107.0,2522847.0,"{""type"":""Polygon"",""coordinates"":[[[111.94999928765343,35.31999989026706],[112.0124991986357,35.319999853206724],[112.07499902601046,35.31999986778231],[112.13749891553334,35.31999991966711],[112.19999883111501,35.3199998696535],[112.26249864580134,35.31999991442721],[112.32499859656178,35.3199998617091],[112.3874984656561,35.31999992507932],[112.44999830829926,35.31999986732398],[112.44999830829926,35.81999886275654],[112.38749846565608,35.819998920619355],[112.3249985965618,35.81999884918128],[112.26249864580134,35.81999888505498],[112.19999883111501,35.81999889527666],[112.13749891553334,35.81999891395767],[112.07499902601046,35.81999890429522],[112.0124991986357,35.819998926128775],[111.94999928765343,35.81999891549164],[111.94999928765343,35.31999989026706]]]}"
00000000000000000435,1772,2,6558.0,5828.0,5828.0,5098.0,11656.0,"{""type"":""Polygon"",""coordinates"":[[[112.44999830829926,35.31999986732398],[112.51249872542826,35.31999990088319],[112.57499913573395,35.319999911581974],[112.63749959462092,35.31999989972848],[112.70000006661674,35.31999988312197],[112.76250042539426,35.319999897322205],[112.82500090837965,35.31999990566692],[112.88750129843874,35.31999988177223],[112.95000174215942,35.319999885583755],[112.95000174215942,35.8199989318027],[112.88750129843872,35.81999886946775],[112.82500090837965,35.81999889871167],[112.76250042539426,35.81999888215576],[112.70000006661674,35.81999892517687],[112.63749959462092,35.81999890760883],[112.57499913573393,35.81999887344591],[112.51249872542826,35.819998884644],[112.44999830829926,35.81999886275654],[112.44999830829926,35.31999986732398]]]}"
00000000000000000436,1773,1,8022.0,8022.0,8022.0,8022.0,8022.0,"{""type"":""Polygon"",""coordinates"":[[[112.95000174215942,35.319999885583755],[113.01250165895985,35.31999988404296],[113.07500155915373,35.31999986401422],[113.13750140764363,35.31999992065469],[113.20000126025225,35.319999892695336],[113.26250117281332,35.3199998562557],[113.32500101945124,35.319999923868295],[113.3875008560576,35.31999993337577],[113.45000073852206,35.3199998806493],[113.45000073852206,35.819998867796095],[113.3875008560576,35.81999892555373],[113.32500101945124,35.819998900750484],[113.26250117281332,35.81999887710123],[113.20000126025225,35.8199988592001],[113.13750140764363,35.81999889311829],[113.07500155915373,35.81999890412835],[113.01250165895985,35.81999889579005],[112.95000174215942,35.8199989318027],[112.95000174215942,35.319999885583755]]]}"
00000000000000000437,1774,2,12392.0,10577.5,10577.5,8763.0,21155.0,"{""type"":""Polygon"",""coordinates"":[[[113.45000073852206,35.3199998806493],[113.51250063189646,35.31999985886901],[113.57500050125826,35.319999881786245],[113.63750040251857,35.319999865096726],[113.70000030076775,35.31999990103546],[113.76250016111256,35.319999923461175],[113.82500003945233,35.319999926180486],[113.88749990088554,35.319999921511965],[113.94999980127372,35.319999902520976],[113.94999980127372,35.819998879988326],[113.88749990088554,35.81999886042046],[113.82500003945235,35.819998878356316],[113.76250016111256,35.81999886310736],[113.70000030076775,35.819998881661895],[113.63750040251857,35.81999886253981],[113.57500050125826,35.819998872143195],[113.51250063189647,35.81999889809089],[113.45000073852206,35.819998867796095],[113.45000073852206,35.3199998806493]]]}"
00000000000000000438,1775,0,,,,,0.0,"{""type"":""Polygon"",""coordinates"":[[[113.94999980127372,35.319999902520976],[114.01249961494779,35.31999989996184],[114.07499948848324,35.31999988719609],[114.13749938691707,35.31999987527445],[114.19999927528013,35.319999875011035],[114.26249911859477,35.31999989698335],[114.32499906323218,35.31999991285899],[114.3874988927758,35.31999989243209],[114.44999875351041,35.31999988550529],[114.44999875351041,35.81999890250086],[114.3874988927758,35.81999887697569],[114.32499906323218,35.8199989101907],[114.26249911859477,35.8199988755101],[114.19999927528013,35.81999888154735],[114.13749938691707,35.81999887927851],[114.07499948848324,35.819998937285696],[114.01249961494779,35.81999888866982],[113.94999980127372,35.819998879988326],[113.94999980127372,35.319999902520976]]]}"
00000000000000000439,1782,2,17531.0,11322.0,11322.0,5113.0,22644.0,"{""type"":""Polygon"",""coordinates"":[[[117.45000168746127,35.31999991554629],[117.51250156887173,35.31999989673451],[117.57500141246646,35.31999988810421],[117.6375013560503,35.31999991717919],[117.70000117902012,35.31999986738408],[117.76250110819338,35.31999989803576],[117.82500092265155,35.319999892204876],[117.88750084859045,35.31999985354821],[117.9500006647658,35.319999896631884],[117.9500006647658,35.819998910221564],[117.88750084859045,35.819998851761405],[117.82500092265155,35.8199988698846],[117.76250110819338,35.81999885103052],[117.70000117902012,35.81999887009525],[117.6375013560503,35.81999888990583],[117.57500141246646,35.819998907524464],[117.51250156887173,35.8199988853117],[117.45000168746127,35.81999887419112],[117.45000168746127,35.31999991554629]]]}"
0000000000000000043a,1783,1,19754.0,19754.0,19754.0,19754.0,19754.0,"{""type"":""Polygon"",""coordinates"":[[[117.9500006647658,35.319999896631884],[118.01250059673546,35.31999986959924],[118.07500042291933,35.31999988658076],[118.13750027893767,35.31999989455187],[118.20000021071498,35.319999862441826],[118.26250008541567,35.31999988109544],[118.32499994851155,35.3199999188289],[118.38749984514642,35.319999866523055],[118.44999973101154,35.31999986851553],[118.44999973101154,35.81999886006872],[118.38749984514642,35.819998918399314],[118.32499994851155,35.819998864598524],[118.26250008541567,35.81999886236946],[118.20000021071498,35.81999886819322],[118.13750027893767,35.81999891470018],[118.07500042291933,35.81999891218031],[118.01250059673546,35.819998892652244],[117.9500006647658,35.819998910221564],[117.9500006647658,35.319999896631884]]]}"
0000000000000000043b,1785,0,,,,,0.0,"{""type"":""Polygon"",""coordinates"":[[[118.94999873137841,35.319999875594554],[119.01249915429268,35.31999987993844],[119.07499955357449,35.31999986236329],[119.13749997075175,35.31999986317843],[119.20000044697548,35.319999922170894],[119.26250084569612,35.3199998956628],[119.32500129614436,35.31999987606062],[119.38750174984433,35.31999984891159],[119.45000215807949,35.31999987607801],[119.45000215807949,35.81999887375849],[119.38750174984433,35.81999887549417],[119.32500129614436,35.8199989017021],[119.26250084569612,35.81999889177639],[119.20000044697548,35.819998860975225],[119.13749997075175,35.81999887130564],[119.07499955357449,35.819998913903476],[119.01249915429268,35.81999887411019],[118.94999873137841,35.81999886552749],[118.94999873137841,35.319999875594554]]]}"
00000000000000000441,1849,0,,,,,0.0,"{""type"":""Polygon"",""coordinates"":[[[107.44999937926345,35.81999887151477],[107.51249922168425,35.81999888749284],[107.57499908946542,35.819998898379694],[107.63749901963907,35.81999893026526],[107.69999886898934,35.81999887494808],[107.76249876564697,35.819998905604805],[107.8249986574864,35.81999889987453],[107.88749849272108,35.81999889648259],[107.94999840073855,35.81999890615795],[107.94999840073855,36.31999792133235],[107.88749849272108,36.31999792469981],[107.8249986574864,36.319997894747395],[107.76249876564697,36.31999790163669],[107.69999886898934,36.31999790733562],[107.63749901963907,36.31999787361739],[107.57499908946542,36.31999786950963],[107.51249922168424,36.31999792269741],[107.44999937926345,36.319997927672595],[107.44999937926345,35.81999887151477]]]}"
00000000000000000442,1850,0,,,,,0.0,"{""type"":""Polygon"",""coordinates"":[[[107.94999840073855,35.81999890615795],[108.01249878272381,35.819998897130816],[108.07499922645421,35.81999888191552],[108.13749968162853,35.81999889801205],[108.20000009826589,35.81999890224724],[108.26250051721281,35.819998917603854],[108.32500097969988,35.81999888620892],[108.387501436792,35.81999892496103],[108.45000183986016,35.8199989092864],[108.45000183986016,36.31999792850885],[108.387501436792,36.31999786626018],[108.32500097969988,36.31999785949096],[108.26250051721281,36.31999787262101],[108.20000009826589,36.319997869867294],[108.13749968162853,36.31999790937348],[108.07499922645421,36.31999788892955],[108.01249878272381,36.31999793186399],[107.94999840073855,36.31999792133235],[107.94999840073855,35.81999890615795]]]}"
00000000000000000443,1851,18,17423.0,7905.944444444444,6548.0,5066.0,142307.0,"{""type"":""Polygon"",""coordinates"":[[[108.45000183986016,35.8199989092864],[108.51250168769621,35.81999886690021],[108.57500156618424,35.81999889419822],[108.63750142769644,35.81999886583688],[108.70000131551998,35.819998882826795],[108.76250118265287,35.81999889968344],[108.8250010730305,35.819998936408226],[108.88750094026051,35.8199988667704],[108.95000082890888,35.81999887068313],[108.95000082890888,36.3199979212532],[108.88750094026051,36.31999786162621],[108.8250010730305,36.3199979001295],[108.76250118265287,36.31999793844308],[108.70000131552,36.3199978631021],[108.63750142769644,36.3199978942775],[108.57500156618424,36.31999791800022],[108.51250168769621,36.31999791436386],[108.45000183986016,36.31999792850885],[108.45000183986016,35.8199989092864]]]}"
00000000000000000444,1852,5,22449.0,15352.0,14483.0,7972.0,76760.0,"{""type"":""Polygon"",""coordinates"":[[[108.95000082890888,35.81999887068313],[109.01250069317662,35.81999890163384],[109.07500057824282,35.81999889809271],[109.13750043888552,35.81999889330183],[109.20000032087941,35.8199989052969],[109.26250017956323,35.81999888658639],[109.32500006128967,35.8199989346898],[109.38749992194201,35.81999892145885],[109.44999980843326,35.81999886364588],[109.44999980843326,36.319997920067955],[109.38749992194201,36.31999790105751],[109.32500006128967,36.31999793777606],[109.26250017956323,36.31999793468412],[109.20000032087941,36.31999786030938],[109.13750043888552,36.31999793702772],[109.07500057824282,36.31999789385407],[109.01250069317662,36.31999787286217],[108.95000082890888,36.3199979212532],[108.95000082890888,35.81999887068313]]]}"
00000000000000000445,1853,2,9424.0,7984.5,7984.5,6545.0,15969.0,"{""type"":""Polygon"",""coordinates"":[[[109.44999980843326,35.81999886364588],[109.51249967717493,35.81999887290085],[109.57499957562284,35.8199988851664],[109.63749946070045,35.81999893143094],[109.69999938038876,35.819998867026605],[109.76249920127421,35.81999889791652],[109.82499906265929,35.819998863426505],[109.88749892244346,35.81999887340718],[109.94999882960636,35.81999886191345],[109.94999882960636,36.31999792400861],[109.88749892244346,36.319997875537986],[109.82499906265927,36.319997900800615],[109.76249920127421,36.319997907139296],[109.69999938038876,36.31999786535731],[109.63749946070045,36.31999793600808],[109.57499957562284,36.31999791475762],[109.51249967717493,36.31999786650352],[109.44999980843326,36.319997920067955],[109.44999980843326,35.81999886364588]]]}"
00000000000000000446,1854,1,5814.0,5814.0,5814.0,5814.0,5814.0,"{""type"":""Polygon"",""coordinates"":[[[109.94999882960636,35.81999886191345],[110.01249874251052,35.81999885824946],[110.07499861973156,35.81999889149827],[110.13749851093975,35.81999889484697],[110.19999837515131,35.819998896832836],[110.26249826248453,35.81999890984617],[110.32499813237996,35.819998882017686],[110.38749794447425,35.81999892088938],[110.44999784043416,35.819998862254614],[110.44999784043416,36.319997865196804],[110.38749794447425,36.319997918406735],[110.32499813237996,36.319997885374434],[110.26249826248451,36.319997850884626],[110.19999837515131,36.319997867222924],[110.13749851093976,36.31999790717637],[110.07499861973156,36.31999787977968],[110.01249874251052,36.31999791594518],[109.94999882960636,36.31999792400861],[109.94999882960636,35.81999886191345]]]}"
00000000000000000447,1855,4,16692.0,9802.5,8346.5,5825.0,39210.0,"{""type"":""Polygon"",""coordinates"":[[[110.44999784043416,35.819998862254614],[110.5124982349368,35.819998891650776],[110.57499872458666,35.81999886054962],[110.63749917888184,35.819998891332396],[110.69999955841789,35.819998930641624],[110.76250000585576,35.81999889225515],[110.82500048216698,35.81999888145822],[110.88750085753803,35.819998860483615],[110.95000127517434,35.8199989012311],[110.95000127517433,36.31999793259514],[110.88750085753803,36.319997903448694],[110.82500048216698,36.319997862185275],[110.76250000585576,36.319997896541274],[110.69999955841789,36.319997886134374],[110.63749917888184,36.31999788521562],[110.57499872458666,36.319997901260145],[110.5124982349368,36.31999790860865],[110.44999784043416,36.319997865196804],[110.44999784043416,35.819998862254614]]]}"
00000000000000000448,1856,16,43485.0,16405.8125,12688.0,5804.0,262493.0,"{""type"":""Polygon"",""coordinates"":[[[110.95000127517434,35.8199989012311],[111.012501150796,35.819998889242626],[111.07500108272143,35.81999889285067],[111.13750094178911,35.81999887341598],[111.2000007809136,35.81999891788043],[111.26250065316744,35.8199988742265],[111.3250005208042,35.81999892482694],[111.38750043719087,35.819998917018275],[111.45000027388987,35.81999889060529],[111.45000027388987,36.31999789155824],[111.38750043719087,36.31999790513517],[111.3250005208042,36.31999790094355],[111.26250065316742,36.31999791878172],[111.2000007809136,36.31999787420407],[111.13750094178911,36.319997902504646],[111.07500108272143,36.31999791852463],[111.012501150796,36.319997915632555],[110.95000127517433,36.31999793259514],[110.95000127517434,35.8199989012311]]]}"
00000000000000000449,1857,0,,,,,0.0,"{""type"":""Polygon"",""coordinates"":[[[111.45000027388987,35.81999889060529],[111.51250017551725,35.81999891371617],[111.57500001390144,35.819998866843875],[111.63749993392162,35.819998896635475],[111.69999980765746,35.81999888315428],[111.76249968925852,35.819998910049534],[111.82499954201671,35.819998919170196],[111.8874994203104,35.819998914130515],[111.94999928765343,35.81999891549164],[111.94999928765343,36.319997877715515],[111.8874994203104,36.31999788345043],[111.82499954201671,36.31999789074838],[111.76249968925852,36.31999787977251],[111.69999980765746,36.319997926552745],[111.63749993392162,36.31999793184361],[111.57500001390144,36.31999789211303],[111.51250017551725,36.319997926930554],[111.45000027388987,36.31999789155824],[111.45000027388987,35.81999889060529]]]}"
0000000000000000044a,1858,8,55055.0,23818.5,16302.0,5796.0,190548.0,"{""type"":""Polygon"",""coordinates"":[[[111.94999928765343,35.81999891549164],[112.0124991986357,35.819998926128775],[112.07499902601046,35.81999890429522],[112.13749891553334,35.81999891395767],[112.19999883111501,35.81999889527666],[112.26249864580134,35.81999888505498],[112.3249985965618,35.81999884918128],[112.38749846565608,35.819998920619355],[112.44999830829926,35.81999886275654],[112.44999830829926,36.31999790550504],[112.3874984656561,36.319997876245054],[112.32499859656178,36.319997865335196],[112.26249864580134,36.31999787300589],[112.19999883111501,36.31999792453288],[112.13749891553334,36.31999789778799],[112.07499902601046,36.31999791390404],[112.0124991986357,36.31999787559634],[111.94999928765343,36.319997877715515],[111.94999928765343,35.81999891549164]]]}"
0000000000000000044b,1859,8,13816.0,7181.75,5816.5,5090.0,57454.0,"{""type"":""Polygon"",""coordinates"":[[[112.44999830829926,35.81999886275654],[112.51249872542826,35.819998884644],[112.57499913573393,35.81999887344591],[112.63749959462092,35.81999890760883],[112.70000006661674,35.81999892517687],[112.76250042539426,35.81999888215576],[112.82500090837965,35.81999889871167],[112.88750129843872,35.81999886946775],[112.95000174215942,35.8199989318027],[112.95000174215942,36.31999788448136],[112.88750129843872,36.3199979241359],[112.82500090837965,36.31999788182847],[112.76250042539426,36.31999793570563],[112.70000006661674,36.31999787698153],[112.63749959462092,36.31999790130314],[112.57499913573395,36.319997895923535],[112.51249872542826,36.31999792303239],[112.44999830829926,36.31999790550504],[112.44999830829926,35.81999886275654]]]}"
0000000000000000044c,1860,4,8702.0,6717.0,6178.0,5810.0,26868.0,"{""type"":""Polygon"",""coordinates"":[[[112.95000174215942,35.8199989318027],[113.01250165895985,35.81999889579005],[113.07500155915373,35.81999890412835],[113.13750140764363,35.81999889311829],[113.20000126025225,35.8199988592001],[113.26250117281332,35.81999887710123],[113.32500101945124,35.819998900750484],[113.3875008560576,35.81999892555373],[113.45000073852206,35.819998867796095],[113.45000073852206,36.319997920072865],[113.3875008560576,36.31999791934932],[113.32500101945124,36.319997892722064],[113.26250117281332,36.31999792432132],[113.20000126025225,36.31999786310097],[113.13750140764363,36.31999791178651],[113.07500155915373,36.31999791872636],[113.01250165895985,36.319997888312784],[112.95000174215942,36.31999788448136],[112.95000174215942,35.8199989318027]]]}"
0000000000000000044d,1861,32,21065.0,7549.4375,6523.5,5073.0,241582.0,"{""type"":""Polygon"",""coordinates"":[[[113.45000073852206,35.819998867796095],[113.51250063189647,35.81999889809089],[113.57500050125826,35.819998872143195],[113.63750040251857,35.81999886253981],[113.70000030076775,35.819998881661895],[113.76250016111256,35.81999886310736],[113.82500003945235,35.819998878356316],[113.88749990088554,35.81999886042046],[113.94999980127372,35.819998879988326],[113.94999980127372,36.31999790783341],[113.88749990088554,36.31999787671195],[113.82500003945233,36.3199978547803],[113.76250016111256,36.31999792879049],[113.70000030076775,36.31999785379269],[113.63750040251857,36.31999787190888],[113.57500050125826,36.319997893667285],[113.51250063189647,36.31999790741642],[113.45000073852206,36.319997920072865],[113.45000073852206,35.819998867796095]]]}"
0000000000000000044e,1862,0,,,,,0.0,"{""type"":""Polygon"",""coordinates"":[[[113.94999980127372,35.819998879988326],[114.01249961494779,35.81999888866982],[114.07499948848324,35.819998937285696],[114.13749938691707,35.81999887927851],[114.19999927528013,35.81999888154735],[114.26249911859477,35.8199988755101],[114.32499906323218,35.8199989101907],[114.3874988927758,35.81999887697569],[114.44999875351041,35.81999890250086],[114.44999875351041,36.31999793772708],[114.3874988927758,36.31999791848757],[114.32499906323218,36.31999792335787],[114.26249911859477,36.319997905487675],[114.19999927528013,36.31999789521532],[114.13749938691707,36.31999792286399],[114.07499948848324,36.3199979014618],[114.01249961494779,36.31999789962136],[113.94999980127372,36.31999790783341],[113.94999980127372,35.819998879988326]]]}"
0000000000000000044f,1863,0,,,,,0.0,"{""type"":""Polygon"",""coordinates"":[[[114.44999875351041,35.81999890250086],[114.51249861031246,35.81999891701769],[114.57499851865737,35.81999890919905],[114.63749835271804,35.81999890670824],[114.69999825847623,35.81999887786657],[114.76249811002621,35.81999892796002],[114.82499805317266,35.81999886814619],[114.8874978713726,35.819998901242634],[114.94999780081427,35.81999889590881],[114.94999780081427,36.31999787755348],[114.8874978713726,36.31999788041606],[114.82499805317266,36.31999788184995],[114.76249811002621,36.31999793619181],[114.69999825847623,36.31999791978805],[114.63749835271804,36.3199978661159],[114.57499851865738,36.319997904128535],[114.51249861031246,36.31999791108466],[114.44999875351041,36.31999793772708],[114.44999875351041,35.81999890250086]]]}"
00000000000000000450,1866,0,,,,,0.0,"{""type"":""Polygon"",""coordinates"":[[[115.95000026937656,35.81999884931876],[116.01250011027291,35.819998875726505],[116.07499995156216,35.819998884288914],[116.13749984612735,35.81999893242584],[116.1999997565261,35.819998865423344],[116.26249964521116,35.819998916141955],[116.32499947452831,35.81999892943763],[116.38749938684246,35.81999886267213],[116.44999925409569,35.819998891203724],[116.44999925409569,36.31999791301943],[116.38749938684246,36.3199978695672],[116.32499947452831,36.319997860077905],[116.26249964521116,36.31999786483475],[116.1999997565261,36.319997927601975],[116.13749984612735,36.31999789508607],[116.07499995156216,36.319997922022196],[116.01250011027291,36.31999793169816],[115.95000026937656,36.31999786802064],[115.95000026937656,35.81999884931876]]]}"
00000000000000000451,1867,0,,,,,0.0,"{""type"":""Polygon"",""coordinates"":[[[116.44999925409569,35.819998891203724],[116.51249912824201,35.81999891530982],[116.57499897102883,35.8199989336838],[116.63749883404937,35.81999892337851],[116.69999876867364,35.81999886101155],[116.76249864621,35.81999892040376],[116.82499851772049,35.81999892290878],[116.8874983441674,35.81999886577974],[116.94999826605553,35.81999885712896],[116.94999826605553,36.31999785603747],[116.8874983441674,36.31999790718769],[116.82499851772049,36.319997861481276],[116.76249864621,36.31999791993405],[116.69999876867364,36.31999785571597],[116.63749883404937,36.319997924238066],[116.57499897102883,36.31999787641842],[116.51249912824201,36.31999789034621],[116.44999925409569,36.31999791301943],[116.44999925409569,35.819998891203724]]]}"
00000000000000000452,1868,2,10890.0,8341.0,8341.0,5792.0,16682.0,"{""type"":""Polygon"",""coordinates"":[[[116.94999826605553,35.81999885712896],[117.01249869297735,35.819998861834115],[117.07499913599196,35.81999890687261],[117.1374995553392,35.81999891099273],[117.20000000084326,35.81999884805423],[117.26250043236597,35.81999886757973],[117.32500080961702,35.81999888749731],[117.38750127144553,35.81999885856907],[117.45000168746127,35.81999887419112],[117.45000168746127,36.3199978782759],[117.38750127144553,36.319997870251015],[117.32500080961704,36.31999790786681],[117.26250043236597,36.31999789888301],[117.20000000084326,36.31999789358991],[117.1374995553392,36.31999789772986],[117.07499913599196,36.319997916824875],[117.01249869297735,36.31999790131404],[116.94999826605553,36.31999785603747],[116.94999826605553,35.81999885712896]]]}"
00000000000000000453,1869,0,,,,,0.0,"{""type"":""Polygon"",""coordinates"":[[[117.45000168746127,35.81999887419112],[117.51250156887173,35.8199988853117],[117.57500141246646,35.819998907524464],[117.6375013560503,35.81999888990583],[117.70000117902012,35.81999887009525],[117.76250110819338,35.81999885103052],[117.82500092265155,35.8199988698846],[117.88750084859045,35.819998851761405],[117.9500006647658,35.819998910221564],[117.9500006647658,36.319997872022824],[117.88750084859045,36.319997920851904],[117.82500092265155,36.31999788696894],[117.76250110819338,36.31999788680071],[117.70000117902012,36.319997920102274],[117.6375013560503,36.319997873816504],[117.57500141246646,36.31999789950064],[117.51250156887173,36.319997883661316],[117.45000168746127,36.3199978782759],[117.45000168746127,35.81999887419112]]]}"
00000000000000000454,1870,0,,,,,0.0,"{""type"":""Polygon"",""coordinates"":[[[117.9500006647658,35.819998910221564],[118.01250059673546,35.819998892652244],[118.07500042291933,35.81999891218031],[118.13750027893767,35.81999891470018],[118.20000021071498,35.81999886819322],[118.26250008541567,35.81999886236946],[118.32499994851155,35.819998864598524],[118.38749984514642,35.819998918399314],[118.44999973101154,35.81999886006872],[118.44999973101154,36.319997908021556],[118.38749984514642,36.31999785631167],[118.32499994851155,36.3199979069718],[118.26250008541567,36.31999791921762],[118.20000021071498,36.319997927022634],[118.13750027893767,36.319997887736704],[118.07500042291933,36.319997865181655],[118.01250059673546,36.31999789239055],[117.9500006647658,36.319997872022824],[117.9500006647658,35.819998910221564]]]}"
00000000000000000455,1871,1,13042.0,13042.0,13042.0,13042.0,13042.0,"{""type"":""Polygon"",""coordinates"":[[[118.44999973101154,35.81999886006872],[118.51249956159539,35.81999890845908],[118.57499947028623,35.81999885344568],[118.63749932293841,35.81999885951642],[118.69999916329995,35.81999889184789],[118.76249903476817,35.81999891520698],[118.82499898038535,35.819998893951976],[118.88749886507792,35.81999891490551],[118.94999873137841,35.81999886552749],[118.9499987313784,36.31999791793368],[118.88749886507792,36.31999785838742],[118.82499898038535,36.31999785799878],[118.76249903476817,36.31999787810209],[118.69999916329995,36.31999790895753],[118.63749932293841,36.31999791124419],[118.57499947028623,36.31999792112193],[118.51249956159542,36.319997898305104],[118.44999973101154,36.319997908021556],[118.44999973101154,35.81999886006872]]]}"
00000000000000000458,1938,4,7953.0,6868.25,7230.0,5060.0,27473.0,"{""type"":""Polygon"",""coordinates"":[[[107.94999840073855,36.31999792133235],[108.01249878272381,36.31999793186399],[108.07499922645421,36.31999788892955],[108.13749968162853,36.31999790937348],[108.20000009826589,36.319997869867294],[108.26250051721281,36.31999787262101],[108.32500097969988,36.31999785949096],[108.387501436792,36.31999786626018],[108.45000183986016,36.31999792850885],[108.45000183986016,36.82000133761297],[108.387501436792,36.82000136990879],[108.32500097969988,36.820001326519105],[108.26250051721281,36.82000133130174],[108.20000009826589,36.82000134917303],[108.13749968162853,36.82000135906614],[108.07499922645421,36.82000133949231],[108.01249878272381,36.82000133393286],[107.94999840073855,36.82000138574334],[107.94999840073855,36.31999792133235]]]}"
00000000000000000459,1939,17,44846.0,11611.35294117647,6512.0,5048.0,197393.0,"{""type"":""Polygon"",""coordinates"":[[[108.45000183986016,36.31999792850885],[108.51250168769621,36.31999791436386],[108.57500156618424,36.31999791800022],[108.63750142769644,36.3199978942775],[108.70000131552,36.3199978631021],[108.76250118265287,36.31999793844308],[108.8250010730305,36.3199979001295],[108.88750094026051,36.31999786162621],[108.95000082890888,36.3199979212532],[108.95000082890888,36.820001364145924],[108.88750094026051,36.82000135352932],[108.8250010730305,36.82000138455734],[108.76250118265287,36.82000136015504],[108.70000131552,36.82000132661288],[108.63750142769644,36.82000134475019],[108.57500156618424,36.82000138109608],[108.51250168769621,36.82000133717264],[108.45000183986016,36.82000133761297],[108.45000183986016,36.31999792850885]]]}"
0000000000000000045a,1940,0,,,,,0.0,"{""type"":""Polygon"",""coordinates"":[[[108.95000082890888,36.3199979212532],[109.01250069317662,36.31999787286217],[109.07500057824282,36.31999789385407],[109.13750043888552,36.31999793702772],[109.20000032087941,36.31999786030938],[109.26250017956323,36.31999793468412],[109.32500006128967,36.31999793777606],[109.38749992194201,36.31999790105751],[109.44999980843326,36.319997920067955],[109.44999980843326,36.82000135358091],[109.38749992194201,36.82000137469455],[109.32500006128967,36.820001390880584],[109.26250017956323,36.820001386968464],[109.20000032087941,36.82000133219317],[109.13750043888552,36.820001368998376],[109.07500057824282,36.820001386963945],[109.01250069317662,36.820001369570534],[108.95000082890888,36.820001364145924],[108.95000082890888,36.3199979212532]]]}"
0000000000000000045b,1941,3,28165.0,13721.333333333334,7944.0,5055.0,41164.0,"{""type"":""Polygon"",""coordinates"":[[[109.44999980843326,36.319997920067955],[109.51249967717493,36.31999786650352],[109.57499957562284,36.31999791475762],[109.63749946070045,36.31999793600808],[109.69999938038876,36.31999786535731],[109.76249920127421,36.319997907139296],[109.82499906265927,36.319997900800615],[109.88749892244346,36.319997875537986],[109.94999882960636,36.31999792400861],[109.94999882960636,36.82000132935824],[109.88749892244346,36.82000134965985],[109.82499906265927,36.82000137831283],[109.76249920127421,36.820001323911],[109.69999938038876,36.820001315872645],[109.63749946070045,36.82000135664486],[109.57499957562284,36.82000132251952],[109.51249967717493,36.82000135770903],[109.44999980843326,36.82000135358091],[109.44999980843326,36.319997920067955]]]}"
0000000000000000045c,1942,0,,,,,0.0,"{""type"":""Polygon"",""coordinates"":[[[109.94999882960636,36.31999792400861],[110.01249874251052,36.31999791594518],[110.07499861973156,36.31999787977968],[110.13749851093976,36.31999790717637],[110.19999837515131,36.319997867222924],[110.26249826248451,36.319997850884626],[110.32499813237996,36.319997885374434],[110.38749794447425,36.319997918406735],[110.44999784043416,36.319997865196804],[110.44999784043416,36.82000139538598],[110.38749794447425,36.82000134699908],[110.32499813237996,36.82000137947748],[110.26249826248451,36.82000134169856],[110.19999837515131,36.820001364903035],[110.13749851093975,36.82000134374976],[110.07499861973156,36.82000134624871],[110.01249874251052,36.820001345288425],[109.94999882960636,36.82000132935824],[109.94999882960636,36.31999792400861]]]}"
0000000000000000045d,1943,1,5770.0,5770.0,5770.0,5770.0,5770.0,"{""type"":""Polygon"",""coordinates"":[[[110.44999784043416,36.319997865196804],[110.5124982349368,36.31999790860865],[110.57499872458666,36.319997901260145],[110.63749917888184,36.31999788521562],[110.69999955841789,36.319997886134374],[110.76250000585576,36.319997896541274],[110.82500048216698,36.319997862185275],[110.88750085753803,36.319997903448694],[110.95000127517433,36.31999793259514],[110.95000127517434,36.82000133885963],[110.88750085753803,36.82000139467854],[110.82500048216698,36.820001363971045],[110.76250000585576,36.82000133478671],[110.69999955841789,36.82000134513225],[110.63749917888184,36.820001370847365],[110.57499872458666,36.82000134159965],[110.5124982349368,36.82000138981619],[110.44999784043416,36.82000139538598],[110.44999784043416,36.319997865196804]]]}"
0000000000000000045e,1944,12,40275.0,12735.916666666666,6857.0,5045.0,152831.0,"{""type"":""Polygon"",""coordinates"":[[[110.95000127517433,36.31999793259514],[111.012501150796,36.319997915632555],[111.07500108272143,36.31999791852463],[111.13750094178911,36.319997902504646],[111.2000007809136,36.31999787420407],[111.26250065316742,36.31999791878172],[111.3250005208042,36.31999790094355],[111.38750043719087,36.31999790513517],[111.45000027388987,36.31999789155824],[111.45000027388987,36.82000133088125],[111.38750043719087,36.82000133917206],[111.3250005208042,36.82000132896622],[111.26250065316744,36.82000134017752],[111.2000007809136,36.820001368166714],[111.13750094178911,36.82000139097113],[111.07500108272143,36.820001324688],[111.012501150796,36.820001399074705],[110.95000127517434,36.82000133885963],[110.95000127517433,36.31999793259514]]]}"
0000000000000000045f,1945,3,14453.0,9154.0,7950.0,5059.0,27462.0,"{""type"":""Polygon"",""coordinates"":[[[111.45000027388987,36.31999789155824],[111.51250017551725,36.319997926930554],[111.57500001390144,36.31999789211303],[111.63749993392162,36.31999793184361],[111.69999980765746,36.319997926552745],[111.76249968925852,36.31999787977251],[111.82499954201671,36.31999789074838],[111.8874994203104,36.31999788345043],[111.94999928765343,36.319997877715515],[111.94999928765343,36.820001398196304],[111.8874994203104,36.82000135262898],[111.82499954201671,36.820001380509304],[111.76249968925852,36.82000138449837],[111.69999980765746,36.820001362615734],[111.63749993392162,36.82000137344756],[111.57500001390144,36.82000133598428],[111.51250017551725,36.8200013693995],[111.45000027388987,36.82000133088125],[111.45000027388987,36.31999789155824]]]}"
00000000000000000460,1946,25,114628.0,18053.32,9378.0,5045.0,451333.0,"{""type"":""Polygon"",""coordinates"":[[[111.94999928765343,36.319997877715515],[112.0124991986357,36.31999787559634],[112.07499902601046,36.31999791390404],[112.13749891553334,36.31999789778799],[112.19999883111501,36.31999792453288],[112.26249864580134,36.31999787300589],[112.32499859656178,36.319997865335196],[112.3874984656561,36.319997876245054],[112.44999830829926,36.31999790550504],[112.44999830829926,36.820001367770594],[112.38749846565608,36.82000136302994],[112.3249985965618,36.82000136471626],[112.26249864580134,36.82000137387608],[112.19999883111501,36.820001337675],[112.13749891553334,36.8200013704089],[112.07499902601046,36.820001358417926],[112.0124991986357,36.82000136198315],[111.94999928765343,36.820001398196304],[111.94999928765343,36.319997877715515]]]}"
00000000000000000461,1947,0,,,,,0.0,"{""type"":""Polygon"",""coordinates"":[[[112.44999830829926,36.31999790550504],[112.51249872542826,36.31999792303239],[112.57499913573395,36.319997895923535],[112.63749959462092,36.31999790130314],[112.70000006661674,36.31999787698153],[112.76250042539426,36.31999793570563],[112.82500090837965,36.31999788182847],[112.88750129843872,36.3199979241359],[112.95000174215942,36.31999788448136],[112.95000174215942,36.8200013310499],[112.88750129843872,36.82000136072947],[112.82500090837965,36.82000136918643],[112.76250042539426,36.82000137868052],[112.70000006661674,36.8200013378058],[112.63749959462092,36.82000136429925],[112.57499913573395,36.820001346548445],[112.51249872542826,36.8200013469571],[112.44999830829926,36.820001367770594],[112.44999830829926,36.31999790550504]]]}"
00000000000000000462,1948,0,,,,,0.0,"{""type"":""Polygon"",""coordinates"":[[[112.95000174215942,36.31999788448136],[113.01250165895985,36.319997888312784],[113.07500155915373,36.31999791872636],[113.13750140764363,36.31999791178651],[113.20000126025225,36.31999786310097],[113.26250117281332,36.31999792432132],[113.32500101945124,36.319997892722064],[113.3875008560576,36.31999791934932],[113.45000073852206,36.319997920072865],[113.45000073852206,36.82000135843359],[113.3875008560576,36.820001357705046],[113.32500101945124,36.82000138545027],[113.26250117281332,36.82000137070239],[113.20000126025225,36.82000131971149],[113.13750140764363,36.820001356589245],[113.07500155915373,36.820001331519585],[113.01250165895986,36.82000132755243],[112.95000174215942,36.8200013310499],[112.95000174215942,36.31999788448136]]]}"
00000000000000000463,1949,2,7192.0,6113.0,6113.0,5034.0,12226.0,"{""type"":""Polygon"",""coordinates"":[[[113.45000073852206,36.319997920072865],[113.51250063189647,36.31999790741642],[113.57500050125826,36.319997893667285],[113.63750040251857,36.31999787190888],[113.70000030076775,36.31999785379269],[113.76250016111256,36.31999792879049],[113.82500003945233,36.3199978547803],[113.88749990088554,36.31999787671195],[113.94999980127372,36.31999790783341],[113.94999980127372,36.820001346046396],[113.88749990088554,36.82000137398989],[113.82500003945233,36.82000138159356],[113.76250016111256,36.82000137837791],[113.70000030076775,36.820001354287285],[113.63750040251857,36.82000131809782],[113.57500050125826,36.82000133674225],[113.51250063189647,36.8200013217168],[113.45000073852206,36.82000135843359],[113.45000073852206,36.319997920072865]]]}"
00000000000000000464,1950,0,,,,,0.0,"{""type"":""Polygon"",""coordinates"":[[[113.94999980127372,36.31999790783341],[114.01249961494779,36.31999789962136],[114.07499948848324,36.3199979014618],[114.13749938691707,36.31999792286399],[114.19999927528013,36.31999789521532],[114.26249911859477,36.319997905487675],[114.32499906323218,36.31999792335787],[114.3874988927758,36.31999791848757],[114.44999875351041,36.31999793772708],[114.44999875351041,36.820001381192625],[114.3874988927758,36.82000137409485],[114.32499906323218,36.820001355284525],[114.26249911859477,36.8200013567029],[114.19999927528013,36.820001331392874],[114.13749938691707,36.82000138801487],[114.07499948848324,36.8200013634655],[114.01249961494779,36.82000132657782],[113.94999980127372,36.820001346046396],[113.94999980127372,36.31999790783341]]]}"
00000000000000000465,1955,0,,,,,0.0,"{""type"":""Polygon"",""coordinates"":[[[116.44999925409569,36.31999791301943],[116.51249912824201,36.31999789034621],[116.57499897102883,36.31999787641842],[116.63749883404937,36.319997924238066],[116.69999876867364,36.31999785571597],[116.76249864621,36.31999791993405],[116.82499851772049,36.319997861481276],[116.8874983441674,36.31999790718769],[116.94999826605553,36.31999785603747],[116.94999826605553,36.82000136854047],[116.8874983441674,36.82000138085773],[116.82499851772049,36.82000137999148],[116.76249864621,36.82000133809278],[116.69999876867364,36.820001335865626],[116.63749883404937,36.82000139916525],[116.57499897102883,36.82000135739995],[116.51249912824201,36.82000138858158],[116.44999925409569,36.82000136464881],[116.44999925409569,36.31999791301943]]]}"
00000000000000000466,1956,2,5786.0,5783.5,5783.5,5781.0,11567.0,"{""type"":""Polygon"",""coordinates"":[[[116.94999826605553,36.31999785603747],[117.01249869297735,36.31999790131404],[117.07499913599196,36.319997916824875],[117.1374995553392,36.31999789772986],[117.20000000084326,36.31999789358991],[117.26250043236597,36.31999789888301],[117.32500080961704,36.31999790786681],[117.38750127144553,36.319997870251015],[117.45000168746127,36.3199978782759],[117.45000168746127,36.82000137088787],[117.38750127144553,36.820001379430664],[117.32500080961702,36.82000135689745],[117.26250043236597,36.820001364352976],[117.20000000084326,36.82000137705905],[117.1374995553392,36.82000132538512],[117.07499913599196,36.82000136795037],[117.01249869297735,36.82000138045739],[116.94999826605553,36.82000136854047],[116.94999826605553,36.31999785603747]]]}"
00000000000000000467,1957,0,,,,,0.0,"{""type"":""Polygon"",""coordinates"":[[[117.45000168746127,36.3199978782759],[117.51250156887173,36.319997883661316],[117.57500141246646,36.31999789950064],[117.6375013560503,36.319997873816504],[117.70000117902012,36.319997920102274],[117.76250110819338,36.31999788680071],[117.82500092265155,36.31999788696894],[117.88750084859045,36.319997920851904],[117.9500006647658,36.319997872022824],[117.9500006647658,36.82000134083758],[117.88750084859045,36.820001366648505],[117.82500092265155,36.82000137824052],[117.76250110819338,36.82000133991916],[117.70000117902012,36.82000132890924],[117.6375013560503,36.82000130914026],[117.57500141246646,36.82000135693774],[117.51250156887173,36.82000135985175],[117.45000168746127,36.82000137088787],[117.45000168746127,36.3199978782759]]]}"
00000000000000000468,1958,6,31837.0,11214.5,6873.5,5065.0,67287.0,"{""type"":""Polygon"",""coordinates"":[[[117.9500006647658,36.319997872022824],[118.01250059673546,36.31999789239055],[118.07500042291933,36.319997865181655],[118.13750027893767,36.319997887736704],[118.20000021071498,36.319997927022634],[118.26250008541567,36.31999791921762],[118.32499994851155,36.3199979069718],[118.38749984514642,36.31999785631167],[118.44999973101154,36.319997908021556],[118.44999973101154,36.82000136997667],[118.38749984514642,36.82000132163448],[118.32499994851155,36.82000135889726],[118.26250008541567,36.820001342739324],[118.20000021071498,36.820001383734486],[118.13750027893767,36.820001364992486],[118.07500042291933,36.82000135051425],[118.01250059673546,36.82000137424129],[117.9500006647658,36.82000134083758],[117.9500006647658,36.319997872022824]]]}"
00000000000000000470,2032,0,,,,,0.0,"{""type"":""Polygon"",""coordinates"":[[[108.95000082890888,36.820001364145924],[109.01250069317662,36.820001369570534],[109.07500057824282,36.820001386963945],[109.13750043888552,36.820001368998376],[109.20000032087941,36.82000133219317],[109.26250017956323,36.820001386968464],[109.32500006128967,36.820001390880584],[109.38749992194201,36.82000137469455],[109.44999980843326,36.82000135358091],[109.44999980843326,37.32000036184928],[109.38749992194201,37.3200003341107],[109.32500006128967,37.320000397045455],[109.26250017956325,37.32000037915225],[109.20000032087941,37.32000032891954],[109.13750043888552,37.320000388502564],[109.07500057824282,37.32000037007766],[109.01250069317662,37.32000033651092],[108.95000082890888,37.320000335299625],[108.95000082890888,36.820001364145924]]]}"
00000000000000000471,2033,0,,,,,0.0,"{""type"":""Polygon"",""coordinates"":[[[109.44999980843326,36.82000135358091],[109.51249967717493,36.82000135770903],[109.57499957562284,36.82000132251952],[109.63749946070045,36.82000135664486],[109.69999938038876,36.820001315872645],[109.76249920127421,36.820001323911],[109.82499906265927,36.82000137831283],[109.88749892244346,36.82000134965985],[109.94999882960636,36.82000132935824],[109.94999882960634,37.320000329881886],[109.88749892244346,37.32000034289617],[109.82499906265927,37.32000037646755],[109.76249920127421,37.32000034051064],[109.69999938038876,37.32000036408669],[109.63749946070045,37.32000037203752],[109.57499957562285,37.32000039873656],[109.51249967717493,37.32000035264921],[109.44999980843326,37.32000036184928],[109.44999980843326,36.82000135358091]]]}"
00000000000000000472,2034,0,,,,,0.0,"{""type"":""Polygon"",""coordinates"":[[[109.94999882960636,36.82000132935824],[110.01249874251052,36.820001345288425],[110.07499861973156,36.82000134624871],[110.13749851093975,36.82000134374976],[110.19999837515131,36.820001364903035],[110.26249826248451,36.82000134169856],[110.32499813237996,36.82000137947748],[110.38749794447425,36.82000134699908],[110.44999784043416,36.82000139538598],[110.44999784043416,37.320000355711684],[110.38749794447425,37.32000037992304],[110.32499813237996,37.32000033532034],[110.26249826248453,37.32000038566672],[110.19999837515131,37.32000034881864],[110.13749851093976,37.32000035548241],[110.07499861973156,37.32000031732914],[110.01249874251052,37.32000036459549],[109.94999882960634,37.320000329881886],[109.94999882960636,36.82000132935824]]]}"
00000000000000000473,2035,0,,,,,0.0,"{""type"":""Polygon"",""coordinates"":[[[110.44999784043416,36.82000139538598],[110.5124982349368,36.82000138981619],[110.57499872458666,36.82000134159965],[110.63749917888184,36.820001370847365],[110.69999955841789,36.82000134513225],[110.76250000585576,36.82000133478671],[110.82500048216698,36.820001363971045],[110.88750085753803,36.82000139467854],[110.95000127517434,36.82000133885963],[110.95000127517434,37.32000037669808],[110.88750085753801,37.32000038989848],[110.82500048216698,37.320000319518336],[110.76250000585576,37.32000033206009],[110.69999955841789,37.32000038756921],[110.63749917888184,37.32000038445352],[110.57499872458666,37.3200003318911],[110.5124982349368,37.320000361960176],[110.44999784043416,37.320000355711684],[110.44999784043416,36.82000139538598]]]}"
00000000000000000474,2036,20,141966.0,33784.85,7889.0,5012.0,675697.0,"{""type"":""Polygon"",""coordinates"":[[[110.95000127517434,36.82000133885963],[111.012501150796,36.820001399074705],[111.07500108272143,36.820001324688],[111.13750094178911,36.82000139097113],[111.2000007809136,36.820001368166714],[111.26250065316744,36.82000134017752],[111.3250005208042,36.82000132896622],[111.38750043719087,36.82000133917206],[111.45000027388987,36.82000133088125],[111.45000027388987,37.32000033816155],[111.38750043719087,37.32000038417678],[111.3250005208042,37.32000033141699],[111.26250065316742,37.32000037570374],[111.2000007809136,37.320000357348995],[111.13750094178911,37.3200003330186],[111.07500108272143,37.320000376134814],[111.012501150796,37.32000032569428],[110.95000127517434,37.32000037669808],[110.95000127517434,36.82000133885963]]]}"
00000000000000000475,2037,1,7148.0,7148.0,7148.0,7148.0,7148.0,"{""type"":""Polygon"",""coordinates"":[[[111.45000027388987,36.82000133088125],[111.51250017551725,36.8200013693995],[111.57500001390144,36.82000133598428],[111.63749993392162,36.82000137344756],[111.69999980765746,36.820001362615734],[111.76249968925852,36.82000138449837],[111.82499954201671,36.820001380509304],[111.8874994203104,36.82000135262898],[111.94999928765343,36.820001398196304],[111.94999928765343,37.32000039326778],[111.8874994203104,37.32000035334688],[111.82499954201671,37.32000037839555],[111.76249968925852,37.32000037231758],[111.69999980765746,37.320000333935795],[111.63749993392162,37.320000322025635],[111.57500001390144,37.32000033473417],[111.51250017551725,37.32000033517732],[111.45000027388987,37.32000033816155],[111.45000027388987,36.82000133088125]]]}"
00000000000000000476,2038,16,46731.0,9569.0,6467.5,5028.0,153104.0,"{""type"":""Polygon"",""coordinates"":[[[111.94999928765343,36.820001398196304],[112.0124991986357,36.82000136198315],[112.07499902601046,36.820001358417926],[112.13749891553334,36.8200013704089],[112.19999883111501,36.820001337675],[112.26249864580134,36.82000137387608],[112.3249985965618,36.82000136471626],[112.38749846565608,36.82000136302994],[112.44999830829926,36.820001367770594],[112.44999830829926,37.32000033833403],[112.38749846565608,37.32000034991825],[112.3249985965618,37.320000354459026],[112.26249864580134,37.32000035380883],[112.19999883111501,37.320000373281],[112.13749891553334,37.320000372435686],[112.07499902601046,37.320000394004744],[112.0124991986357,37.32000034317851],[111.94999928765343,37.32000039326778],[111.94999928765343,36.820001398196304]]]}"
00000000000000000477,2039,0,,,,,0.0,"{""type"":""Polygon"",""coordinates"":[[[112.44999830829926,36.820001367770594],[112.51249872542826,36.8200013469571],[112.57499913573395,36.820001346548445],[112.63749959462092,36.82000136429925],[112.70000006661674,36.8200013378058],[112.76250042539426,36.82000137868052],[112.82500090837965,36.82000136918643],[112.88750129843872,36.82000136072947],[112.95000174215942,36.8200013310499],[112.95000174215942,37.320000365061794],[112.88750129843872,37.32000039068252],[112.82500090837965,37.320000375937916],[112.76250042539426,37.32000034398817],[112.70000006661674,37.320000321391156],[112.63749959462092,37.32000034896815],[112.57499913573395,37.32000039373021],[112.51249872542826,37.32000036335095],[112.44999830829926,37.32000033833403],[112.44999830829926,36.820001367770594]]]}"
00000000000000000478,2040,1,5025.0,5025.0,5025.0,5025.0,5025.0,"{""type"":""Polygon"",""coordinates"":[[[112.95000174215942,36.8200013310499],[113.01250165895986,36.82000132755243],[113.07500155915373,36.820001331519585],[113.13750140764363,36.820001356589245],[113.20000126025225,36.82000131971149],[113.26250117281332,36.82000137070239],[113.32500101945124,36.82000138545027],[113.3875008560576,36.820001357705046],[113.45000073852206,36.82000135843359],[113.45000073852206,37.32000035369507],[113.3875008560576,37.320000372441704],[113.32500101945124,37.32000039440932],[113.26250117281332,37.32000034996352],[113.20000126025225,37.32000032340963],[113.13750140764363,37.32000036124296],[113.07500155915373,37.32000031550159],[113.01250165895985,37.3200003468372],[112.95000174215942,37.320000365061794],[112.95000174215942,36.8200013310499]]]}"
00000000000000000479,2041,11,19328.0,8270.90909090909,6430.0,5002.0,90980.0,"{""type"":""Polygon"",""coordinates"":[[[113.45000073852206,36.82000135843359],[113.51250063189647,36.8200013217168],[113.57500050125826,36.82000133674225],[113.63750040251857,36.82000131809782],[113.70000030076775,36.820001354287285],[113.76250016111256,36.82000137837791],[113.82500003945233,36.82000138159356],[113.88749990088554,36.82000137398989],[113.94999980127372,36.820001346046396],[113.94999980127372,37.32000035458939],[113.88749990088554,37.320000320094735],[113.82500003945233,37.320000388331245],[113.76250016111256,37.32000033867793],[113.70000030076775,37.320000315837746],[113.63750040251857,37.32000032947062],[113.57500050125826,37.320000369673636],[113.51250063189647,37.32000034918064],[113.45000073852206,37.32000035369507],[113.45000073852206,36.82000135843359]]]}"
0000000000000000047a,2042,1,5735.0,5735.0,5735.0,5735.0,5735.0,"{""type"":""Polygon"",""coordinates"":[[[113.94999980127372,36.820001346046396],[114.01249961494779,36.82000132657782],[114.07499948848324,36.8200013634655],[114.13749938691707,36.82000138801487],[114.19999927528013,36.820001331392874],[114.26249911859477,36.8200013567029],[114.32499906323218,36.820001355284525],[114.3874988927758,36.82000137409485],[114.44999875351041,36.820001381192625],[114.44999875351041,37.320000374234446],[114.3874988927758,37.32000034940293],[114.32499906323218,37.32000035255865],[114.26249911859477,37.320000339787114],[114.19999927528013,37.320000341516796],[114.13749938691707,37.32000038998517],[114.07499948848324,37.320000400754324],[114.01249961494779,37.320000365991454],[113.94999980127372,37.32000035458939],[113.94999980127372,36.820001346046396]]]}"
0000000000000000047b,2048,0,,,,,0.0,"{""type"":""Polygon"",""coordinates"":[[[116.94999826605553,36.82000136854047],[117.01249869297735,36.82000138045739],[117.07499913599196,36.82000136795037],[117.1374995553392,36.82000132538512],[117.20000000084326,36.82000137705905],[117.26250043236597,36.820001364352976],[117.32500080961702,36.82000135689745],[117.38750127144553,36.820001379430664],[117.45000168746127,36.82000137088787],[117.45000168746127,37.320000354297484],[117.38750127144553,37.32000035961351],[117.32500080961702,37.32000033187317],[117.26250043236597,37.32000033230552],[117.20000000084326,37.320000337679595],[117.1374995553392,37.32000035531132],[117.07499913599196,37.320000316611136],[117.01249869297735,37.32000032616353],[116.94999826605553,37.32000031472613],[116.94999826605553,36.82000136854047]]]}"
0000000000000000047c,2049,0,,,,,0.0,"{""type"":""Polygon"",""coordinates"":[[[117.45000168746127,36.82000137088787],[117.51250156887173,36.82000135985175],[117.57500141246646,36.82000135693774],[117.6375013560503,36.82000130914026],[117.70000117902012,36.82000132890924],[117.76250110819338,36.82000133991916],[117.82500092265155,36.82000137824052],[117.88750084859045,36.820001366648505],[117.9500006647658,36.82000134083758],[117.9500006647658,37.32000039078354],[117.88750084859045,37.32000031377153],[117.82500092265155,37.320000363596385],[117.76250110819338,37.32000035451106],[117.70000117902012,37.32000036485496],[117.6375013560503,37.32000035911072],[117.57500141246646,37.32000033924928],[117.51250156887173,37.32000034478915],[117.45000168746127,37.320000354297484],[117.45000168746127,36.82000137088787]]]}"
0000000000000000047d,2056,0,,,,,0.0,"{""type"":""Polygon"",""coordinates"":[[[120.94999913413275,36.82000135162605],[121.01249900963809,36.82000137548984],[121.07499895241493,36.82000135620184],[121.13749881682102,36.82000136761453],[121.19999863182602,36.820001358455414],[121.26249851323058,36.82000140011214],[121.32499840160763,36.82000139153679],[121.38749832444573,36.820001354442674],[121.44999813437167,36.820001361219084],[121.44999813437167,37.320000336904634],[121.38749832444573,37.320000366086205],[121.32499840160763,37.32000036923678],[121.26249851323058,37.320000348798615],[121.19999863182602,37.32000035826995],[121.13749881682102,37.32000035152445],[121.07499895241493,37.32000033297097],[121.01249900963809,37.32000035483523],[120.94999913413275,37.32000034445712],[120.94999913413275,36.82000135162605]]]}"
0000000000000000047e,2057,0,,,,,0.0,"{""type"":""Polygon"",""coordinates"":[[[121.44999813437167,36.820001361219084],[121.51249855521633,36.82000137607597],[121.57499900250107,36.82000137574055],[121.63749950182846,36.820001380235794],[121.69999990430806,36.82000138664746],[121.76250032174214,36.82000138860267],[121.82500077832776,36.82000133098481],[121.88750121089527,36.82000133207342],[121.95000164273927,36.820001336009504],[121.95000164273927,37.32000036214254],[121.88750121089527,37.320000337134026],[121.82500077832776,37.32000038229643],[121.76250032174214,37.32000033405689],[121.69999990430806,37.320000369820754],[121.63749950182846,37.32000032518075],[121.57499900250107,37.320000355145005],[121.51249855521633,37.32000038979788],[121.44999813437167,37.320000336904634],[121.44999813437167,36.820001361219084]]]}"
0000000000000000047f,2058,0,,,,,0.0,"{""type"":""Polygon"",""coordinates"":[[[121.95000164273927,36.820001336009504],[122.01250148941376,36.82000139486103],[122.07500138106097,36.820001344544856],[122.13750125273944,36.820001375632884],[122.20000112576413,36.820001356994446],[122.26250102090869,36.82000137844553],[122.32500087190937,36.82000133440273],[122.38750078504238,36.82000136127383],[122.4500006066576,36.82000137912321],[122.4500006066576,37.320000366890305],[122.38750078504238,37.32000034638597],[122.32500087190937,37.32000037431777],[122.26250102090869,37.32000038443769],[122.20000112576413,37.32000038929499],[122.13750125273944,37.32000034829437],[122.07500138106097,37.32000032009455],[122.01250148941376,37.320000363014394],[121.95000164273927,37.32000036214254],[121.95000164273927,36.820001336009504]]]}"
00000000000000000483,2131,4,44740.0,24536.25,23491.0,6423.0,98145.0,"{""type"":""Polygon"",""coordinates"":[[[110.95000127517434,37.32000037669808],[111.012501150796,37.32000032569428],[111.07500108272143,37.320000376134814],[111.13750094178911,37.3200003330186],[111.2000007809136,37.320000357348995],[111.26250065316742,37.32000037570374],[111.3250005208042,37.32000033141699],[111.38750043719087,37.32000038417678],[111.45000027388987,37.32000033816155],[111.45000027388987,37.81999934688431],[111.38750043719087,37.819999357526655],[111.3250005208042,37.81999934314083],[111.26250065316744,37.819999343831626],[111.2000007809136,37.81999935655014],[111.13750094178911,37.81999936075996],[111.07500108272143,37.81999935267482],[111.012501150796,37.819999328056724],[110.95000127517433,37.8199993259771],[110.95000127517434,37.32000037669808]]]}"
00000000000000000484,2132,20,37636.0,13946.35,11015.5,6401.0,278927.0,"{""type"":""Polygon"",""coordinates"":[[[111.45000027388987,37.32000033816155],[111.51250017551725,37.32000033517732],[111.57500001390144,37.32000033473417],[111.63749993392162,37.320000322025635],[111.69999980765746,37.320000333935795],[111.76249968925852,37.32000037231758],[111.82499954201671,37.32000037839555],[111.8874994203104,37.32000035334688],[111.94999928765343,37.32000039326778],[111.94999928765343,37.8199993640493],[111.8874994203104,37.81999934891488],[111.82499954201671,37.819999388567055],[111.76249968925852,37.81999938816277],[111.69999980765746,37.819999347318486],[111.63749993392162,37.819999324979904],[111.57500001390144,37.81999939737182],[111.51250017551725,37.819999373692305],[111.45000027388987,37.81999934688431],[111.45000027388987,37.32000033816155]]]}"
00000000000000000485,2133,0,,,,,0.0,"{""type"":""Polygon"",""coordinates"":[[[111.94999928765343,37.32000039326778],[112.0124991986357,37.32000034317851],[112.07499902601046,37.320000394004744],[112.13749891553334,37.320000372435686],[112.19999883111501,37.320000373281],[112.26249864580134,37.32000035380883],[112.3249985965618,37.320000354459026],[112.38749846565608,37.32000034991825],[112.44999830829926,37.32000033833403],[112.44999830829926,37.819999374286965],[112.38749846565608,37.81999935869905],[112.3249985965618,37.81999932093224],[112.26249864580134,37.819999340680646],[112.19999883111501,37.81999936626171],[112.13749891553334,37.819999358737405],[112.07499902601046,37.819999360928485],[112.0124991986357,37.81999935641219],[111.94999928765343,37.8199993640493],[111.94999928765343,37.32000039326778]]]}"
00000000000000000486,2134,0,,,,,0.0,"{""type"":""Polygon"",""coordinates"":[[[112.44999830829926,37.32000033833403],[112.51249872542826,37.32000036335095],[112.57499913573395,37.32000039373021],[112.63749959462092,37.32000034896815],[112.70000006661674,37.320000321391156],[112.76250042539426,37.32000034398817],[112.82500090837965,37.320000375937916],[112.88750129843872,37.32000039068252],[112.95000174215942,37.320000365061794],[112.95000174215942,37.819999359014815],[112.88750129843872,37.81999935207534],[112.82500090837965,37.81999936088828],[112.76250042539426,37.81999933269817],[112.70000006661674,37.81999937095581],[112.63749959462092,37.81999936369314],[112.57499913573395,37.81999935541494],[112.51249872542826,37.8199993320032],[112.44999830829926,37.819999374286965],[112.44999830829926,37.32000033833403]]]}"
00000000000000000487,2135,6,13558.0,7730.0,6777.5,5709.0,46380.0,"{""type"":""Polygon"",""coordinates"":[[[112.95000174215942,37.320000365061794],[113.01250165895985,37.3200003468372],[113.07500155915373,37.32000031550159],[113.13750140764363,37.32000036124296],[113.20000126025225,37.32000032340963],[113.26250117281332,37.32000034996352],[113.32500101945124,37.32000039440932],[113.3875008560576,37.320000372441704],[113.45000073852206,37.32000035369507],[113.45000073852206,37.819999394366576],[113.3875008560576,37.81999934197109],[113.32500101945124,37.81999934264027],[113.2625011728133,37.81999932814465],[113.20000126025225,37.81999938312148],[113.13750140764363,37.81999932403058],[113.07500155915373,37.81999931165862],[113.01250165895985,37.819999352966605],[112.95000174215942,37.819999359014815],[112.95000174215942,37.320000365061794]]]}"
00000000000000000488,2136,13,12144.0,7399.615384615385,7117.0,5681.0,96195.0,"{""type"":""Polygon"",""coordinates"":[[[113.45000073852206,37.32000035369507],[113.51250063189647,37.32000034918064],[113.57500050125826,37.320000369673636],[113.63750040251857,37.32000032947062],[113.70000030076775,37.320000315837746],[113.76250016111256,37.32000033867793],[113.82500003945233,37.320000388331245],[113.88749990088554,37.320000320094735],[113.94999980127372,37.32000035458939],[113.94999980127372,37.819999374539556],[113.88749990088554,37.819999356092715],[113.82500003945233,37.8199993305041],[113.76250016111256,37.81999938547677],[113.70000030076775,37.81999935948112],[113.63750040251857,37.81999933945106],[113.57500050125826,37.819999392762384],[113.51250063189647,37.81999935687322],[113.45000073852206,37.819999394366576],[113.45000073852206,37.32000035369507]]]}"
00000000000000000489,2137,8,25597.0,12358.0,9261.5,5687.0,98864.0,"{""type"":""Polygon"",""coordinates"":[[[113.94999980127372,37.32000035458939],[114.01249961494779,37.320000365991454],[114.07499948848324,37.320000400754324],[114.13749938691707,37.32000038998517],[114.19999927528013,37.320000341516796],[114.26249911859477,37.320000339787114],[114.32499906323218,37.32000035255865],[114.3874988927758,37.32000034940293],[114.44999875351041,37.320000374234446],[114.44999875351041,37.81999937846882],[114.3874988927758,37.81999935230051],[114.32499906323218,37.81999931511759],[114.26249911859477,37.81999937704522],[114.19999927528013,37.819999339653705],[114.13749938691707,37.81999938871152],[114.07499948848324,37.819999364714754],[114.01249961494779,37.81999933694383],[113.94999980127372,37.819999374539556],[113.94999980127372,37.32000035458939]]]}"
0000000000000000048a,2147,2,7135.0,7133.0,7133.0,7131.0,14266.0,"{""type"":""Polygon"",""coordinates"":[[[120.45000012210248,37.32000035566027],[120.51250003971631,37.320000352911876],[120.57499995013146,37.3200003742325],[120.63749979827895,37.32000032160883],[120.69999970425633,37.32000034281633],[120.76249952447415,37.32000036423342],[120.82499937814268,37.32000038465885],[120.88749929623037,37.32000035353558],[120.94999913413275,37.32000034445712],[120.94999913413275,37.819999379650554],[120.88749929623037,37.81999933883704],[120.82499937814268,37.81999933113815],[120.76249952447415,37.81999935764352],[120.69999970425633,37.81999932290811],[120.63749979827895,37.819999376681366],[120.57499995013146,37.81999937215113],[120.51250003971631,37.819999384736306],[120.45000012210248,37.81999936558716],[120.45000012210248,37.32000035566027]]]}"
0000000000000000048b,2148,0,,,,,0.0,"{""type"":""Polygon"",""coordinates"":[[[120.94999913413275,37.32000034445712],[121.01249900963809,37.32000035483523],[121.07499895241493,37.32000033297097],[121.13749881682102,37.32000035152445],[121.19999863182602,37.32000035826995],[121.26249851323058,37.320000348798615],[121.32499840160763,37.32000036923678],[121.38749832444573,37.320000366086205],[121.44999813437167,37.320000336904634],[121.44999813437167,37.81999936372963],[121.38749832444573,37.81999937075061],[121.32499840160763,37.819999353797876],[121.26249851323058,37.81999938923803],[121.19999863182602,37.81999938504923],[121.13749881682102,37.81999936962244],[121.07499895241493,37.819999348914656],[121.01249900963806,37.8199993760787],[120.94999913413275,37.819999379650554],[120.94999913413275,37.32000034445712]]]}"
00000000000000000492,2220,0,,,,,0.0,"{""type"":""Polygon"",""coordinates"":[[[110.44999784043416,37.81999933447011],[110.5124982349368,37.81999937446638],[110.57499872458666,37.81999938260622],[110.63749917888184,37.81999932145998],[110.69999955841789,37.81999936977095],[110.76250000585576,37.81999936225646],[110.82500048216698,37.819999321715],[110.88750085753803,37.81999936504807],[110.95000127517433,37.8199993259771],[110.95000127517434,38.31999839524195],[110.88750085753801,38.319998333988025],[110.82500048216698,38.31999834349507],[110.76250000585576,38.31999835890074],[110.69999955841789,38.31999834145556],[110.63749917888184,38.31999834610856],[110.57499872458666,38.31999838381352],[110.5124982349368,38.3199983546731],[110.44999784043416,38.319998373293316],[110.44999784043416,37.81999933447011]]]}"
00000000000000000493,2221,7,63074.0,21639.285714285714,14882.0,5669.0,151475.0,"{""type"":""Polygon"",""coordinates"":[[[110.95000127517433,37.8199993259771],[111.012501150796,37.819999328056724],[111.07500108272143,37.81999935267482],[111.13750094178911,37.81999936075996],[111.2000007809136,37.81999935655014],[111.26250065316744,37.819999343831626],[111.3250005208042,37.81999934314083],[111.38750043719087,37.819999357526655],[111.45000027388987,37.81999934688431],[111.45000027388987,38.31999833532573],[111.38750043719087,38.319998354391224],[111.3250005208042,38.31999834243125],[111.26250065316744,38.31999833962605],[111.2000007809136,38.31999834370833],[111.13750094178911,38.31999833484914],[111.07500108272143,38.31999838693958],[111.012501150796,38.31999834275055],[110.95000127517434,38.31999839524195],[110.95000127517433,37.8199993259771]]]}"
00000000000000000494,2222,3,39686.0,20788.333333333332,17008.0,5671.0,62365.0,"{""type"":""Polygon"",""coordinates"":[[[111.45000027388987,37.81999934688431],[111.51250017551725,37.819999373692305],[111.57500001390144,37.81999939737182],[111.63749993392162,37.819999324979904],[111.69999980765746,37.819999347318486],[111.76249968925852,37.81999938816277],[111.82499954201671,37.819999388567055],[111.8874994203104,37.81999934891488],[111.94999928765343,37.8199993640493],[111.94999928765343,38.319998359910066],[111.8874994203104,38.319998351222566],[111.82499954201671,38.31999838532174],[111.76249968925852,38.31999836862772],[111.69999980765746,38.3199983782267],[111.63749993392162,38.31999839657226],[111.57500001390144,38.31999834665813],[111.51250017551725,38.319998346299414],[111.45000027388987,38.31999833532573],[111.45000027388987,37.81999934688431]]]}"
00000000000000000495,2223,0,,,,,0.0,"{""type"":""Polygon"",""coordinates"":[[[111.94999928765343,37.8199993640493],[112.0124991986357,37.81999935641219],[112.07499902601046,37.819999360928485],[112.13749891553334,37.819999358737405],[112.19999883111501,37.81999936626171],[112.26249864580134,37.819999340680646],[112.3249985965618,37.81999932093224],[112.38749846565608,37.81999935869905],[112.44999830829926,37.819999374286965],[112.44999830829926,38.319998355401374],[112.38749846565608,38.31999838702141],[112.32499859656178,38.319998379641085],[112.26249864580134,38.31999833669343],[112.19999883111501,38.319998360007915],[112.13749891553334,38.31999833567187],[112.07499902601046,38.31999838313763],[112.0124991986357,38.31999833359796],[111.94999928765343,38.319998359910066],[111.94999928765343,37.8199993640493]]]}"
00000000000000000496,2224,0,,,,,0.0,"{""type"":""Polygon"",""coordinates"":[[[112.44999830829926,37.819999374286965],[112.51249872542826,37.8199993320032],[112.57499913573395,37.81999935541494],[112.63749959462092,37.81999936369314],[112.70000006661674,37.81999937095581],[112.76250042539426,37.81999933269817],[112.82500090837965,37.81999936088828],[112.88750129843872,37.81999935207534],[112.95000174215942,37.819999359014815],[112.95000174215942,38.31999840053003],[112.88750129843874,38.31999837471191],[112.82500090837965,38.31999834172059],[112.76250042539426,38.31999840284828],[112.70000006661674,38.31999835577354],[112.63749959462092,38.319998395881726],[112.57499913573395,38.319998338740845],[112.51249872542826,38.319998400083634],[112.44999830829926,38.319998355401374],[112.44999830829926,37.819999374286965]]]}"
00000000000000000497,2225,0,,,,,0.0,"{""type"":""Polygon"",""coordinates"":[[[112.95000174215942,37.819999359014815],[113.01250165895985,37.819999352966605],[113.07500155915373,37.81999931165862],[113.13750140764363,37.81999932403058],[113.20000126025225,37.81999938312148],[113.2625011728133,37.81999932814465],[113.32500101945124,37.81999934264027],[113.3875008560576,37.81999934197109],[113.45000073852206,37.819999394366576],[113.45000073852206,38.319998381799884],[113.3875008560576,38.31999836427219],[113.32500101945124,38.31999837090998],[113.26250117281332,38.31999833482069],[113.20000126025225,38.319998340877035],[113.13750140764363,38.319998359623064],[113.07500155915373,38.31999832306024],[113.01250165895985,38.31999839131668],[112.95000174215942,38.31999840053003],[112.95000174215942,37.819999359014815]]]}"
00000000000000000498,2226,14,24822.0,11233.285714285714,9913.0,5667.0,157266.0,"{""type"":""Polygon"",""coordinates"":[[[113.45000073852206,37.819999394366576],[113.51250063189647,37.81999935687322],[113.57500050125826,37.819999392762384],[113.63750040251857,37.81999933945106],[113.70000030076775,37.81999935948112],[113.76250016111256,37.81999938547677],[113.82500003945233,37.8199993305041],[113.88749990088554,37.819999356092715],[113.94999980127372,37.819999374539556],[113.94999980127372,38.31999834315731],[113.88749990088554,38.3199983852463],[113.82500003945233,38.31999838582699],[113.76250016111256,38.319998356890956],[113.70000030076775,38.319998366556824],[113.63750040251857,38.31999835014458],[113.57500050125826,38.31999837518374],[113.51250063189647,38.31999835697733],[113.45000073852206,38.319998381799884],[113.45000073852206,37.819999394366576]]]}"
00000000000000000499,2227,25,18443.0,8186.56,7080.0,5656.0,204664.0,"{""type"":""Polygon"",""coordinates"":[[[113.94999980127372,37.819999374539556],[114.01249961494779,37.81999933694383],[114.07499948848324,37.819999364714754],[114.13749938691707,37.81999938871152],[114.19999927528013,37.819999339653705],[114.26249911859477,37.81999937704522],[114.32499906323218,37.81999931511759],[114.3874988927758,37.81999935230051],[114.44999875351041,37.81999937846882],[114.44999875351041,38.319998357209315],[114.3874988927758,38.31999839033271],[114.32499906323218,38.319998372019036],[114.26249911859477,38.319998336957354],[114.19999927528013,38.319998391408085],[114.13749938691707,38.3199983420899],[114.07499948848324,38.31999833448021],[114.01249961494779,38.31999836230018],[113.94999980127372,38.31999834315731],[113.94999980127372,37.819999374539556]]]}"
000000000000000004a2,2310,14,35719.0,12867.857142857143,8428.5,6311.0,180150.0,"{""type"":""Polygon"",""coordinates"":[[[111.45000027388987,38.31999833532573],[111.51250017551725,38.319998346299414],[111.57500001390144,38.31999834665813],[111.63749993392162,38.31999839657226],[111.69999980765746,38.3199983782267],[111.76249968925852,38.31999836862772],[111.82499954201671,38.31999838532174],[111.8874994203104,38.319998351222566],[111.94999928765343,38.319998359910066],[111.94999928765343,38.82000183475592],[111.8874994203104,38.82000185568181],[111.82499954201671,38.82000182943695],[111.76249968925852,38.82000181583843],[111.69999980765746,38.82000181612367],[111.63749993392162,38.82000181344863],[111.57500001390144,38.8200018083082],[111.51250017551725,38.820001841893],[111.45000027388987,38.820001855446144],[111.45000027388987,38.31999833532573]]]}"
000000000000000004a3,2311,1,5608.0,5608.0,5608.0,5608.0,5608.0,"{""type"":""Polygon"",""coordinates"":[[[111.94999928765343,38.319998359910066],[112.0124991986357,38.31999833359796],[112.07499902601046,38.31999838313763],[112.13749891553334,38.31999833567187],[112.19999883111501,38.319998360007915],[112.26249864580134,38.31999833669343],[112.32499859656178,38.319998379641085],[112.38749846565608,38.31999838702141],[112.44999830829926,38.319998355401374],[112.44999830829926,38.82000178344039],[112.38749846565608,38.820001825417705],[112.3249985965618,38.82000180973362],[112.26249864580134,38.82000181651774],[112.19999883111501,38.82000179519492],[112.13749891553334,38.820001785775496],[112.07499902601046,38.82000183128016],[112.0124991986357,38.82000184075133],[111.94999928765343,38.82000183475592],[111.94999928765343,38.319998359910066]]]}"
000000000000000004a4,2312,0,,,,,0.0,"{""type"":""Polygon"",""coordinates"":[[[112.44999830829926,38.319998355401374],[112.51249872542826,38.319998400083634],[112.57499913573395,38.319998338740845],[112.63749959462092,38.319998395881726],[112.70000006661674,38.31999835577354],[112.76250042539426,38.31999840284828],[112.82500090837965,38.31999834172059],[112.88750129843874,38.31999837471191],[112.95000174215942,38.31999840053003],[112.95000174215942,38.82000179896103],[112.88750129843874,38.820001810814894],[112.82500090837965,38.820001790847044],[112.76250042539426,38.82000184063095],[112.70000006661674,38.82000183530015],[112.63749959462092,38.8200018185106],[112.57499913573395,38.82000183496636],[112.51249872542826,38.820001796187206],[112.44999830829926,38.82000178344039],[112.44999830829926,38.319998355401374]]]}"
000000000000000004a5,2313,11,18247.0,9355.90909090909,7021.0,5614.0,102915.0,"{""type"":""Polygon"",""coordinates"":[[[112.95000174215942,38.31999840053003],[113.01250165895985,38.31999839131668],[113.07500155915373,38.31999832306024],[113.13750140764363,38.319998359623064],[113.20000126025225,38.319998340877035],[113.26250117281332,38.31999833482069],[113.32500101945124,38.31999837090998],[113.3875008560576,38.31999836427219],[113.45000073852206,38.319998381799884],[113.45000073852206,38.82000180666997],[113.3875008560576,38.820001820919146],[113.32500101945124,38.82000182873801],[113.26250117281332,38.82000184014136],[113.20000126025225,38.820001789095755],[113.13750140764363,38.820001797927304],[113.07500155915373,38.820001800044736],[113.01250165895985,38.820001803968346],[112.95000174215942,38.82000179896103],[112.95000174215942,38.31999840053003]]]}"
000000000000000004a6,2314,54,72312.0,13190.62962962963,8065.0,5603.0,712294.0,"{""type"":""Polygon"",""coordinates"":[[[113.45000073852206,38.319998381799884],[113.51250063189647,38.31999835697733],[113.57500050125826,38.31999837518374],[113.63750040251857,38.31999835014458],[113.70000030076775,38.319998366556824],[113.76250016111256,38.319998356890956],[113.82500003945233,38.31999838582699],[113.88749990088554,38.3199983852463],[113.94999980127372,38.31999834315731],[113.94999980127372,38.8200018448039],[113.88749990088554,38.820001810219445],[113.82500003945233,38.82000184878831],[113.76250016111256,38.82000182264246],[113.70000030076775,38.82000180003271],[113.63750040251857,38.82000179304758],[113.57500050125826,38.82000179396285],[113.51250063189647,38.82000179481967],[113.45000073852206,38.82000180666997],[113.45000073852206,38.319998381799884]]]}"
000000000000000004a7,2315,0,,,,,0.0,"{""type"":""Polygon"",""coordinates"":[[[113.94999980127372,38.31999834315731],[114.01249961494779,38.31999836230018],[114.07499948848324,38.31999833448021],[114.13749938691707,38.3199983420899],[114.19999927528013,38.319998391408085],[114.26249911859477,38.319998336957354],[114.32499906323218,38.319998372019036],[114.3874988927758,38.31999839033271],[114.44999875351041,38.319998357209315],[114.44999875351041,38.82000182791606],[114.3874988927758,38.82000180052225],[114.32499906323218,38.820001830005104],[114.26249911859477,38.820001801648154],[114.19999927528013,38.820001821122425],[114.13749938691707,38.82000184817544],[114.07499948848324,38.82000180218571],[114.01249961494779,38.820001828083896],[113.94999980127372,38.8200018448039],[113.94999980127372,38.31999834315731]]]}"
000000000000000004ae,2398,13,34964.0,14894.23076923077,11179.0,6300.0,193625.0,"{""type"":""Polygon"",""coordinates"":[[[111.94999928765343,38.82000183475592],[112.0124991986357,38.82000184075133],[112.07499902601046,38.82000183128016],[112.13749891553334,38.820001785775496],[112.19999883111501,38.82000179519492],[112.26249864580134,38.82000181651774],[112.3249985965618,38.82000180973362],[112.38749846565608,38.820001825417705],[112.44999830829926,38.82000178344039],[112.44999830829926,39.32000079150094],[112.38749846565608,39.320000846506446],[112.32499859656178,39.32000082329998],[112.26249864580134,39.32000080219072],[112.19999883111501,39.320000808526615],[112.13749891553334,39.320000807895376],[112.07499902601046,39.32000084336339],[112.0124991986357,39.320000825252826],[111.94999928765343,39.32000085040548],[111.94999928765343,38.82000183475592]]]}"
000000000000000004af,2399,0,,,,,0.0,"{""type"":""Polygon"",""coordinates"":[[[112.44999830829926,38.82000178344039],[112.51249872542826,38.820001796187206],[112.57499913573395,38.82000183496636],[112.63749959462092,38.8200018185106],[112.70000006661674,38.82000183530015],[112.76250042539426,38.82000184063095],[112.82500090837965,38.820001790847044],[112.88750129843874,38.820001810814894],[112.95000174215942,38.82000179896103],[112.95000174215942,39.32000082642104],[112.88750129843874,39.32000082067827],[112.82500090837965,39.32000083175064],[112.76250042539426,39.3200008111938],[112.70000006661674,39.32000078558957],[112.63749959462092,39.32000079955835],[112.57499913573395,39.32000082268148],[112.51249872542826,39.320000843008316],[112.44999830829926,39.32000079150094],[112.44999830829926,38.82000178344039]]]}"
000000000000000004b0,2400,9,44015.0,13739.888888888889,6987.0,5588.0,123659.0,"{""type"":""Polygon"",""coordinates"":[[[112.95000174215942,38.82000179896103],[113.01250165895985,38.820001803968346],[113.07500155915373,38.820001800044736],[113.13750140764363,38.820001797927304],[113.20000126025225,38.820001789095755],[113.26250117281332,38.82000184014136],[113.32500101945124,38.82000182873801],[113.3875008560576,38.820001820919146],[113.45000073852206,38.82000180666997],[113.45000073852206,39.32000084248267],[113.3875008560576,39.32000085115556],[113.32500101945124,39.320000821017004],[113.26250117281332,39.32000083783202],[113.20000126025225,39.320000836974216],[113.13750140764363,39.320000790230665],[113.07500155915373,39.32000078239653],[113.01250165895985,39.32000082281983],[112.95000174215942,39.32000082642104],[112.95000174215942,38.82000179896103]]]}"
000000000000000004b1,2401,13,18162.0,9126.923076923076,8362.0,5588.0,118650.0,"{""type"":""Polygon"",""coordinates"":[[[113.45000073852206,38.82000180666997],[113.51250063189647,38.82000179481967],[113.57500050125826,38.82000179396285],[113.63750040251857,38.82000179304758],[113.70000030076775,38.82000180003271],[113.76250016111256,38.82000182264246],[113.82500003945233,38.82000184878831],[113.88749990088554,38.820001810219445],[113.94999980127372,38.8200018448039],[113.94999980127372,39.320000796509646],[113.88749990088554,39.32000081695998],[113.82500003945235,39.320000796961814],[113.76250016111256,39.320000824917265],[113.70000030076775,39.32000081966184],[113.63750040251857,39.32000079404334],[113.57500050125826,39.32000081590247],[113.51250063189646,39.32000080313756],[113.45000073852206,39.32000084248267],[113.45000073852206,38.82000180666997]]]}"
000000000000000004b2,2402,2,13968.0,12221.5,12221.5,10475.0,24443.0,"{""type"":""Polygon"",""coordinates"":[[[113.94999980127372,38.8200018448039],[114.01249961494779,38.820001828083896],[114.07499948848324,38.82000180218571],[114.13749938691707,38.82000184817544],[114.19999927528013,38.820001821122425],[114.26249911859477,38.820001801648154],[114.32499906323218,38.820001830005104],[114.3874988927758,38.82000180052225],[114.44999875351041,38.82000182791606],[114.44999875351041,39.320000819721436],[114.3874988927758,39.32000080639216],[114.32499906323218,39.32000080519468],[114.26249911859477,39.32000085264107],[114.19999927528013,39.32000082998669],[114.13749938691707,39.32000084765649],[114.07499948848324,39.32000082635933],[114.01249961494779,39.32000083591182],[113.94999980127372,39.320000796509646],[113.94999980127372,38.8200018448039]]]}"
000000000000000004b3,2403,23,30642.0,13021.478260869566,9750.0,6268.0,299494.0,"{""type"":""Polygon"",""coordinates"":[[[114.44999875351041,38.82000182791606],[114.51249861031246,38.82000184109647],[114.57499851865737,38.820001823674936],[114.63749835271804,38.82000179940182],[114.69999825847623,38.82000180599445],[114.76249811002621,38.820001791601534],[114.82499805317266,38.820001793042],[114.8874978713726,38.82000185346956],[114.94999780081427,38.8200018384537],[114.94999780081427,39.32000082213409],[114.8874978713726,39.32000086035386],[114.82499805317266,39.320000847387256],[114.76249811002621,39.32000084363246],[114.69999825847623,39.32000080646492],[114.63749835271804,39.32000084943564],[114.57499851865738,39.32000080104995],[114.51249861031246,39.32000084851488],[114.44999875351041,39.320000819721436],[114.44999875351041,38.82000182791606]]]}"
00000000000000000000,2404,2,16095.0,10830.0,10830.0,5565.0,21660.0,"{""type"":""Polygon"",""coordinates"":[[[114.94999780081427,38.8200018384537],[115.01249816795351,38.82000181688173],[115.0749986654598,38.820001776437614],[115.13749907662935,38.820001834321566],[115.19999954668145,38.8200018001643],[115.26249994931185,38.82000184491738],[115.32500033907466,38.8200017983638],[115.38750077038793,38.82000178909697],[115.45000120714293,38.820001816591365],[115.45000120714293,39.320000847049016],[115.38750077038793,39.320000830975864],[115.32500033907466,39.32000079450832],[115.26249994931185,39.32000081308974],[115.19999954668145,39.32000083436188],[115.13749907662935,39.32000080542001],[115.0749986654598,39.320000779931945],[115.01249816795351,39.3200007994161],[114.94999780081427,39.32000082213409],[114.94999780081427,38.8200018384537]]]}"
00000000000000000001,2408,0,,,,,0.0,"{""type"":""Polygon"",""coordinates"":[[[116.94999826605553,38.820001843891426],[117.01249869297735,38.82000183767826],[117.07499913599196,38.82000180831857],[117.1374995553392,38.82000182117488],[117.20000000084326,38.82000184473612],[117.26250043236597,38.82000179563546],[117.32500080961704,38.82000181231673],[117.38750127144553,38.820001839533205],[117.45000168746127,38.82000181568451],[117.45000168746127,39.32000083932202],[117.38750127144553,39.320000851360085],[117.32500080961704,39.32000080194263],[117.26250043236597,39.320000826190565],[117.20000000084326,39.32000083339639],[117.1374995553392,39.32000083387334],[117.07499913599196,39.32000083771824],[117.01249869297735,39.32000080371387],[116.94999826605553,39.320000814850786],[116.94999826605553,38.820001843891426]]]}"
00000000000000000002,2409,0,,,,,0.0,"{""type"":""Polygon"",""coordinates"":[[[117.45000168746127,38.82000181568451],[117.51250156887173,38.820001844329965],[117.57500141246646,38.82000185246861],[117.6375013560503,38.82000178324576],[117.70000117902012,38.8200018185958],[117.76250110819338,38.82000180407357],[117.82500092265155,38.8200018472929],[117.88750084859045,38.82000179296006],[117.9500006647658,38.820001821972156],[117.9500006647658,39.3200008127889],[117.88750084859045,39.320000818328175],[117.82500092265155,39.320000815275414],[117.76250110819338,39.32000084400699],[117.70000117902012,39.3200008406325],[117.6375013560503,39.32000084513379],[117.57500141246646,39.320000792532234],[117.51250156887173,39.320000795745536],[117.45000168746127,39.32000083932202],[117.45000168746127,38.82000181568451]]]}"
00000000000000000003,2410,0,,,,,0.0,"{""type"":""Polygon"",""coordinates"":[[[121.44999813437167,38.82000179864508],[121.51249855521633,38.820001833482735],[121.57499900250107,38.82000184471071],[121.63749950182846,38.82000177467924],[121.69999990430806,38.82000183380117],[121.76250032174214,38.82000179356046],[121.82500077832776,38.82000181106196],[121.88750121089527,38.82000178153815],[121.95000164273927,38.82000178932366],[121.95000164273927,39.32000078731913],[121.88750121089527,39.320000822938766],[121.82500077832776,39.32000080882581],[121.76250032174214,39.320000805281076],[121.69999990430806,39.320000845922266],[121.63749950182846,39.32000077610561],[121.57499900250107,39.32000082419467],[121.51249855521633,39.320000853575735],[121.44999813437167,39.32000085127154],[121.44999813437167,38.82000179864508]]]}"
00000000000000000009,2491,0,,,,,0.0,"{""type"":""Polygon"",""coordinates"":[[[113.94999980127372,39.320000796509646],[114.01249961494779,39.32000083591182],[114.07499948848324,39.32000082635933],[114.13749938691707,39.32000084765649],[114.19999927528013,39.32000082998669],[114.26249911859477,39.32000085264107],[114.32499906323218,39.32000080519468],[114.3874988927758,39.32000080639216],[114.44999875351041,39.320000819721436],[114.44999875351041,39.81999981266634],[114.3874988927758,39.81999978546455],[114.32499906323218,39.81999979793953],[114.26249911859477,39.819999813446636],[114.19999927528013,39.819999788428646],[114.13749938691707,39.819999833600214],[114.07499948848324,39.81999979690068],[114.01249961494779,39.819999822360124],[113.94999980127372,39.81999983151015],[113.94999980127372,39.320000796509646]]]}"
0000000000000000000a,2492,18,22885.0,9128.222222222223,7631.5,5525.0,164308.0,"{""type"":""Polygon"",""coordinates"":[[[114.44999875351041,39.320000819721436],[114.51249861031246,39.32000084851488],[114.57499851865738,39.32000080104995],[114.63749835271804,39.32000084943564],[114.69999825847623,39.32000080646492],[114.76249811002621,39.32000084363246],[114.82499805317266,39.320000847387256],[114.8874978713726,39.32000086035386],[114.94999780081427,39.32000082213409],[114.94999780081427,39.81999979438692],[114.8874978713726,39.81999984699675],[114.82499805317266,39.8199997960714],[114.76249811002621,39.81999985058272],[114.69999825847623,39.819999820835875],[114.63749835271804,39.81999982060224],[114.57499851865738,39.819999828003084],[114.51249861031246,39.8199998081918],[114.44999875351041,39.81999981266634],[114.44999875351041,39.320000819721436]]]}"
0000000000000000000b,2493,6,8989.0,7140.833333333333,6908.5,5539.0,42845.0,"{""type"":""Polygon"",""coordinates"":[[[114.94999780081427,39.32000082213409],[115.01249816795351,39.3200007994161],[115.0749986654598,39.320000779931945],[115.13749907662935,39.32000080542001],[115.19999954668145,39.32000083436188],[115.26249994931185,39.32000081308974],[115.32500033907466,39.32000079450832],[115.38750077038793,39.320000830975864],[115.45000120714293,39.320000847049016],[115.45000120714293,39.81999984559746],[115.38750077038793,39.81999985173574],[115.32500033907469,39.81999985241919],[115.26249994931185,39.819999849584015],[115.19999954668145,39.81999979219181],[115.13749907662935,39.8199998497778],[115.0749986654598,39.81999978131505],[115.01249816795351,39.819999850318275],[114.94999780081427,39.81999979438692],[114.94999780081427,39.32000082213409]]]}"
0000000000000000000c,2494,0,,,,,0.0,"{""type"":""Polygon"",""coordinates"":[[[115.45000120714293,39.320000847049016],[115.51250107096507,39.3200008198518],[115.57500095838192,39.32000082285485],[115.63750083301515,39.320000853933706],[115.70000074871464,39.3200008153581],[115.76250057859622,39.32000079986458],[115.82500046656986,39.320000835838975],[115.887500375804,39.32000084584531],[115.95000026937656,39.32000082629321],[115.95000026937656,39.819999797635916],[115.887500375804,39.81999982312263],[115.82500046656986,39.81999982737242],[115.76250057859622,39.81999981470762],[115.70000074871464,39.81999978922452],[115.63750083301515,39.81999979743624],[115.57500095838192,39.819999821389835],[115.51250107096507,39.81999981198615],[115.45000120714293,39.81999984559746],[115.45000120714293,39.320000847049016]]]}"
0000000000000000000d,2497,0,,,,,0.0,"{""type"":""Polygon"",""coordinates"":[[[116.94999826605553,39.320000814850786],[117.01249869297735,39.32000080371387],[117.07499913599196,39.32000083771824],[117.1374995553392,39.32000083387334],[117.20000000084326,39.32000083339639],[117.26250043236597,39.320000826190565],[117.32500080961704,39.32000080194263],[117.38750127144553,39.320000851360085],[117.45000168746127,39.32000083932202],[117.45000168746127,39.8199997926984],[117.38750127144553,39.81999981013907],[117.32500080961702,39.81999982623082],[117.26250043236597,39.81999982993601],[117.20000000084326,39.81999980537648],[117.1374995553392,39.81999983649429],[117.07499913599196,39.81999978830385],[117.01249869297735,39.819999839773494],[116.94999826605553,39.819999782230305],[116.94999826605553,39.320000814850786]]]}"
0000000000000000000e,2498,0,,,,,0.0,"{""type"":""Polygon"",""coordinates"":[[[117.45000168746127,39.32000083932202],[117.51250156887173,39.320000795745536],[117.57500141246646,39.320000792532234],[117.6375013560503,39.32000084513379],[117.70000117902012,39.3200008406325],[117.76250110819338,39.32000084400699],[117.82500092265155,39.320000815275414],[117.88750084859045,39.320000818328175],[117.9500006647658,39.3200008127889],[117.9500006647658,39.81999979714854],[117.88750084859045,39.81999980142471],[117.82500092265155,39.819999849261364],[117.76250110819338,39.81999983578725],[117.70000117902012,39.8199998444797],[117.6375013560503,39.81999984267469],[117.57500141246646,39.81999984021617],[117.51250156887173,39.81999980399283],[117.45000168746127,39.8199997926984],[117.45000168746127,39.32000083932202]]]}"
0000000000000000000f,2502,0,,,,,0.0,"{""type"":""Polygon"",""coordinates"":[[[121.44999813437167,39.32000085127154],[121.51249855521633,39.320000853575735],[121.57499900250107,39.32000082419467],[121.63749950182846,39.32000077610561],[121.69999990430806,39.320000845922266],[121.76250032174214,39.320000805281076],[121.82500077832776,39.32000080882581],[121.88750121089527,39.320000822938766],[121.95000164273927,39.32000078731913],[121.95000164273927,39.81999978738367],[121.88750121089527,39.81999978759097],[121.82500077832776,39.81999979115142],[121.76250032174214,39.81999978840908],[121.69999990430806,39.81999981369742],[121.63749950182846,39.81999978575585],[121.57499900250107,39.8199998618814],[121.51249855521633,39.819999836234246],[121.44999813437167,39.81999983911417],[121.44999813437167,39.32000085127154]]]}"
00000000000000000010,2503,1,11784.0,11784.0,11784.0,11784.0,11784.0,"{""type"":""Polygon"",""coordinates"":[[[121.95000164273927,39.32000078731913],[122.01250148941376,39.32000082740916],[122.07500138106097,39.32000083932979],[122.13750125273944,39.32000078824953],[122.20000112576413,39.32000082603879],[122.26250102090869,39.32000081921563],[122.32500087190937,39.32000080317509],[122.38750078504238,39.32000083039265],[122.4500006066576,39.320000820143115],[122.4500006066576,39.81999981355963],[122.38750078504238,39.819999833879],[122.32500087190937,39.81999978944735],[122.26250102090869,39.81999983165792],[122.20000112576413,39.819999839475585],[122.13750125273944,39.819999849433],[122.07500138106097,39.819999853946314],[122.01250148941376,39.81999984497236],[121.95000164273927,39.81999978738367],[121.95000164273927,39.32000078731913]]]}"
00000000000000000011,2504,0,,,,,0.0,"{""type"":""Polygon"",""coordinates"":[[[122.4500006066576,39.320000820143115],[122.51250052831789,39.32000079709304],[122.57500039546913,39.32000082203322],[122.63750022588242,39.32000083056871],[122.7000001229489,39.32000080180018],[122.76250001702593,39.32000083943868],[122.82499983811324,39.32000083416963],[122.88749977392061,39.32000080742619],[122.9499996672799,39.320000818126594],[122.9499996672799,39.81999984242209],[122.88749977392061,39.8199998288573],[122.82499983811324,39.81999981461198],[122.76250001702593,39.81999981227732],[122.7000001229489,39.81999980257667],[122.63750022588242,39.819999824633186],[122.57500039546913,39.81999984698579],[122.51250052831789,39.819999821567315],[122.4500006066576,39.81999981355963],[122.4500006066576,39.320000820143115]]]}"
00000000000000000014,2585,0,,,,,0.0,"{""type"":""Polygon"",""coordinates"":[[[113.94999980127372,39.81999983151015],[114.01249961494779,39.819999822360124],[114.07499948848324,39.81999979690068],[114.13749938691707,39.819999833600214],[114.19999927528013,39.819999788428646],[114.26249911859477,39.819999813446636],[114.32499906323218,39.81999979793953],[114.3874988927758,39.81999978546455],[114.44999875351041,39.81999981266634],[114.44999875351041,40.31999883568361],[114.3874988927758,40.31999881362048],[114.32499906323218,40.319998782408135],[114.26249911859477,40.319998853655925],[114.19999927528013,40.31999883757712],[114.13749938691707,40.31999884507167],[114.07499948848324,40.319998799452414],[114.01249961494779,40.319998844278345],[113.94999980127372,40.31999882887505],[113.94999980127372,39.81999983151015]]]}"
00000000000000000015,2586,0,,,,,0.0,"{""type"":""Polygon"",""coordinates"":[[[114.44999875351041,39.81999981266634],[114.51249861031246,39.8199998081918],[114.57499851865738,39.819999828003084],[114.63749835271804,39.81999982060224],[114.69999825847623,39.819999820835875],[114.76249811002621,39.81999985058272],[114.82499805317266,39.8199997960714],[114.8874978713726,39.81999984699675],[114.94999780081427,39.81999979438692],[114.94999780081427,40.31999884904374],[114.8874978713726,40.319998808384845],[114.82499805317266,40.31999882976952],[114.76249811002621,40.31999882903523],[114.69999825847623,40.31999883796661],[114.63749835271804,40.319998824070986],[114.57499851865738,40.31999883938618],[114.51249861031246,40.319998850522694],[114.44999875351041,40.31999883568361],[114.44999875351041,39.81999981266634]]]}"
00000000000000000016,2587,41,87626.0,13437.926829268292,7555.0,5507.0,550955.0,"{""type"":""Polygon"",""coordinates"":[[[114.94999780081427,39.81999979438692],[115.01249816795351,39.819999850318275],[115.0749986654598,39.81999978131505],[115.13749907662935,39.8199998497778],[115.19999954668145,39.81999979219181],[115.26249994931185,39.819999849584015],[115.32500033907469,39.81999985241919],[115.38750077038793,39.81999985173574],[115.45000120714293,39.81999984559746],[115.45000120714293,40.319998815299066],[115.38750077038793,40.3199988295607],[115.32500033907466,40.31999885049504],[115.26249994931185,40.319998807703364],[115.19999954668145,40.31999879763117],[115.13749907662935,40.3199988432621],[115.0749986654598,40.319998852220024],[115.01249816795351,40.31999879452911],[114.94999780081427,40.31999884904374],[114.94999780081427,39.81999979438692]]]}"
00000000000000000017,2588,3,7570.0,6428.666666666667,6210.0,5506.0,19286.0,"{""type"":""Polygon"",""coordinates"":[[[115.45000120714293,39.81999984559746],[115.51250107096507,39.81999981198615],[115.57500095838192,39.819999821389835],[115.63750083301515,39.81999979743624],[115.70000074871464,39.81999978922452],[115.76250057859622,39.81999981470762],[115.82500046656986,39.81999982737242],[115.887500375804,39.81999982312263],[115.95000026937656,39.819999797635916],[115.95000026937656,40.3199988304254],[115.887500375804,40.31999879585886],[115.82500046656986,40.31999881846068],[115.76250057859622,40.31999883047767],[115.70000074871464,40.31999883672656],[115.63750083301515,40.31999881165487],[115.57500095838192,40.31999881083418],[115.51250107096507,40.31999885951408],[115.45000120714293,40.319998815299066],[115.45000120714293,39.81999984559746]]]}"
00000000000000000018,2589,0,,,,,0.0,"{""type"":""Polygon"",""coordinates"":[[[115.95000026937656,39.819999797635916],[116.01250011027291,39.81999981973064],[116.07499995156216,39.819999862854324],[116.13749984612735,39.81999982669388],[116.1999997565261,39.819999852282784],[116.26249964521116,39.81999978716311],[116.32499947452831,39.81999984506338],[116.38749938684246,39.81999982914795],[116.44999925409569,39.8199998277953],[116.44999925409569,40.31999884812386],[116.38749938684246,40.31999885018809],[116.32499947452831,40.31999879265864],[116.26249964521116,40.31999880634248],[116.1999997565261,40.319998797092595],[116.13749984612735,40.319998844419075],[116.07499995156216,40.319998809467926],[116.01250011027291,40.31999884404931],[115.95000026937656,40.3199988304254],[115.95000026937656,39.819999797635916]]]}"
00000000000000000019,2590,0,,,,,0.0,"{""type"":""Polygon"",""coordinates"":[[[116.44999925409569,39.8199998277953],[116.51249912824201,39.81999981193912],[116.57499897102883,39.81999984735618],[116.63749883404937,39.81999983107271],[116.69999876867364,39.819999805960315],[116.76249864621,39.819999785893245],[116.82499851772049,39.81999981306762],[116.8874983441674,39.81999980552333],[116.94999826605553,39.819999782230305],[116.94999826605553,40.319998781857024],[116.8874983441674,40.31999884966596],[116.82499851772049,40.31999882056523],[116.76249864621,40.31999882189219],[116.69999876867364,40.3199987908007],[116.63749883404937,40.31999883143568],[116.57499897102883,40.31999885809151],[116.51249912824201,40.31999882926787],[116.44999925409569,40.31999884812386],[116.44999925409569,39.8199998277953]]]}"
0000000000000000001a,2591,0,,,,,0.0,"{""type"":""Polygon"",""coordinates"":[[[116.94999826605553,39.819999782230305],[117.01249869297735,39.819999839773494],[117.07499913599196,39.81999978830385],[117.1374995553392,39.81999983649429],[117.20000000084326,39.81999980537648],[117.26250043236597,39.81999982993601],[117.32500080961702,39.81999982623082],[117.38750127144553,39.81999981013907],[117.45000168746127,39.8199997926984],[117.45000168746127,40.31999880077934],[117.38750127144553,40.31999882103178],[117.32500080961704,40.319998824174235],[117.26250043236597,40.31999879980012],[117.20000000084326,40.31999880575749],[117.1374995553392,40.3199987815326],[117.07499913599196,40.31999881098976],[117.01249869297735,40.31999878334951],[116.94999826605553,40.319998781857024],[116.94999826605553,39.819999782230305]]]}"
0000000000000000001b,2592,1,7557.0,7557.0,7557.0,7557.0,7557.0,"{""type"":""Polygon"",""coordinates"":[[[117.45000168746127,39.8199997926984],[117.51250156887173,39.81999980399283],[117.57500141246646,39.81999984021617],[117.6375013560503,39.81999984267469],[117.70000117902012,39.8199998444797],[117.76250110819338,39.81999983578725],[117.82500092265155,39.819999849261364],[117.88750084859045,39.81999980142471],[117.9500006647658,39.81999979714854],[117.9500006647658,40.31999883152614],[117.88750084859045,40.31999878146359],[117.82500092265155,40.319998823542235],[117.76250110819338,40.31999878204339],[117.70000117902012,40.319998813440115],[117.6375013560503,40.31999881358368],[117.57500141246646,40.319998865954574],[117.51250156887173,40.319998793739316],[117.45000168746127,40.31999880077934],[117.45000168746127,39.8199997926984]]]}"
0000000000000000001c,2593,1,5498.0,5498.0,5498.0,5498.0,5498.0,"{""type"":""Polygon"",""coordinates"":[[[117.9500006647658,39.81999979714854],[118.01250059673546,39.819999824524295],[118.07500042291933,39.81999984280764],[118.13750027893767,39.81999986262656],[118.20000021071498,39.81999984494147],[118.26250008541567,39.819999797476626],[118.32499994851155,39.81999982550172],[118.38749984514642,39.81999981649601],[118.44999973101154,39.819999826099405],[118.44999973101154,40.31999883983974],[118.38749984514642,40.319998782170615],[118.32499994851155,40.31999885553336],[118.26250008541567,40.31999879015315],[118.20000021071498,40.31999884240461],[118.13750027893767,40.31999883711892],[118.07500042291933,40.31999883912191],[118.01250059673546,40.319998816332195],[117.9500006647658,40.31999883152614],[117.9500006647658,39.81999979714854]]]}"
0000000000000000001d,2594,0,,,,,0.0,"{""type"":""Polygon"",""coordinates"":[[[118.44999973101154,39.819999826099405],[118.51249956159542,39.819999837308686],[118.57499947028623,39.819999785206555],[118.63749932293841,39.819999820534356],[118.69999916329995,39.819999829150596],[118.76249903476817,39.81999984105937],[118.82499898038535,39.8199998135494],[118.88749886507792,39.819999823908795],[118.9499987313784,39.819999828843436],[118.94999873137841,40.31999878014984],[118.88749886507792,40.31999879601284],[118.82499898038535,40.319998839196145],[118.76249903476817,40.319998810541186],[118.69999916329995,40.31999884886846],[118.63749932293841,40.319998854412056],[118.57499947028623,40.31999879850291],[118.51249956159542,40.31999879545044],[118.44999973101154,40.31999883983974],[118.44999973101154,39.819999826099405]]]}"
0000000000000000001e,2595,0,,,,,0.0,"{""type"":""Polygon"",""coordinates"":[[[118.9499987313784,39.819999828843436],[119.01249915429268,39.81999978353575],[119.07499955357449,39.81999981270764],[119.13749997075175,39.81999979978122],[119.20000044697548,39.81999984398112],[119.26250084569612,39.819999804758716],[119.32500129614436,39.81999982822868],[119.38750174984433,39.8199998208447],[119.45000215807949,39.81999983282294],[119.45000215807949,40.3199987962593],[119.38750174984433,40.319998797624756],[119.32500129614436,40.3199988426284],[119.26250084569612,40.31999881095865],[119.20000044697548,40.31999879624745],[119.13749997075175,40.31999879789561],[119.07499955357449,40.319998813037316],[119.01249915429268,40.319998815887736],[118.94999873137841,40.31999878014984],[118.9499987313784,39.819999828843436]]]}"
0000000000000000001f,2596,0,,,,,0.0,"{""type"":""Polygon"",""coordinates"":[[[119.45000215807949,39.81999983282294],[119.51250202934987,39.81999982160983],[119.57500193431869,39.819999808722216],[119.63750182330921,39.81999984324586],[119.70000164639437,39.819999830349396],[119.7625015301001,39.819999840770905],[119.82500142375648,39.81999985072146],[119.88750127643594,39.81999983622805],[119.95000112518373,39.819999819825945],[119.95000112518373,40.319998866797754],[119.88750127643594,40.31999881007568],[119.82500142375648,40.319998838319215],[119.7625015301001,40.31999885926673],[119.70000164639437,40.31999882640069],[119.63750182330921,40.31999883542537],[119.57500193431869,40.31999881765314],[119.51250202934987,40.31999879676583],[119.45000215807949,40.3199987962593],[119.45000215807949,39.81999983282294]]]}"
00000000000000000020,2597,0,,,,,0.0,"{""type"":""Polygon"",""coordinates"":[[[121.95000164273927,39.81999978738367],[122.01250148941376,39.81999984497236],[122.07500138106097,39.819999853946314],[122.13750125273944,39.819999849433],[122.20000112576413,39.819999839475585],[122.26250102090869,39.81999983165792],[122.32500087190937,39.81999978944735],[122.38750078504238,39.819999833879],[122.4500006066576,39.81999981355963],[122.4500005804829,40.31999881868231],[122.38750074126037,40.3199988124171],[122.32500090071481,40.319998834342854],[122.26250104202286,40.31999882609895],[122.20000112639129,40.31999880651119],[122.13750126608174,40.31999881773355],[122.0750013581475,40.31999882809914],[122.01250145090967,40.31999882929855],[121.95000159282802,40.319998813087025],[121.95000164273927,39.81999978738367]]]}"
00000000000000000021,2598,0,,,,,0.0,"{""type"":""Polygon"",""coordinates"":[[[122.4500006066576,39.81999981355963],[122.51250052831789,39.819999821567315],[122.57500039546913,39.81999984698579],[122.63750022588242,39.819999824633186],[122.7000001229489,39.81999980257667],[122.76250001702593,39.81999981227732],[122.82499983811324,39.81999981461198],[122.88749977392061,39.8199998288573],[122.9499996672799,39.81999984242209],[122.94999960442114,40.319998804104266],[122.88749973982449,40.31999883206805],[122.82499984442268,40.31999884208447],[122.76249996485022,40.31999882635177],[122.7000001262323,40.31999885455583],[122.63750024526625,40.31999881892806],[122.57500041221715,40.3199988389909],[122.51250045767492,40.31999883398611],[122.4500005804829,40.31999881868231],[122.4500006066576,39.81999981355963]]]}"
00000000000000000022,2599,1,5486.0,5486.0,5486.0,5486.0,5486.0,"{""type"":""Polygon"",""coordinates"":[[[122.9499996672799,39.81999984242209],[123.01249953270491,39.81999978787418],[123.07499938413032,39.81999980808933],[123.13749923490835,39.81999983472469],[123.19999909780582,39.81999979912479],[123.26249898500092,39.819999842666],[123.3249989080803,39.819999825708805],[123.38749879244956,39.81999977627863],[123.44999864867026,39.81999983440946],[123.44999860119844,40.31999882153898],[123.3874987976341,40.319998813879245],[123.32499892123647,40.31999881546349],[123.26249901746924,40.31999881871626],[123.19999913192113,40.319998816120695],[123.13749922372534,40.31999882810348],[123.07499942527332,40.319998819257066],[123.01249945720676,40.319998815789916],[122.94999960442114,40.319998804104266],[122.9499996672799,39.81999984242209]]]}"
00000000000000000023,2600,3,10974.0,7779.0,6868.0,5495.0,23337.0,"{""type"":""Polygon"",""coordinates"":[[[123.44999864867026,39.81999983440946],[123.51249908502787,39.81999980460201],[123.574999534516,39.81999982620059],[123.6374998892492,39.81999980620475],[123.70000036628058,39.81999980684332],[123.76250076882148,39.81999981490773],[123.82500128800655,39.81999983007297],[123.88750166105422,39.81999979092028],[123.95000212603844,39.81999982175416],[123.95000214781074,40.31999883672731],[123.88750161303132,40.31999881644556],[123.82500121234312,40.319998819226],[123.76250083690917,40.319998817614646],[123.7000002918611,40.31999881221121],[123.63749992777821,40.31999883719958],[123.57499948355148,40.319998843798466],[123.51249900424763,40.31999882457282],[123.44999860119844,40.31999882153898],[123.44999864867026,39.81999983440946]]]}"
00000000000000000024,2601,7,18566.0,8832.0,8230.0,5495.0,61824.0,"{""type"":""Polygon"",""coordinates"":[[[123.95000212603844,39.81999982175416],[124.01250196566124,39.81999980163236],[124.07500189229982,39.819999838276686],[124.13750172854326,39.819999842351805],[124.20000158114328,39.81999984081166],[124.26250149068055,39.819999812157725],[124.32500132725949,39.819999791969806],[124.3875011984079,39.81999980670904],[124.45000114521171,39.819999834529916],[124.45000112506287,40.31999880842532],[124.38750122590143,40.319998805367504],[124.32500128266066,40.319998823918766],[124.2625014250012,40.31999882820065],[124.2000016101504,40.31999884051135],[124.1375017282385,40.31999883410385],[124.07500182319038,40.319998801927895],[124.01250191964294,40.319998814691324],[123.95000214781074,40.31999883672731],[123.95000212603844,39.81999982175416]]]}"
0000000000000000002a,2677,0,,,,,0.0,"{""type"":""Polygon"",""coordinates"":[[[113.94999980127372,40.31999882887505],[114.01249961494779,40.319998844278345],[114.07499948848324,40.319998799452414],[114.13749938691707,40.31999884507167],[114.19999927528013,40.31999883757712],[114.26249911859477,40.319998853655925],[114.32499906323218,40.319998782408135],[114.3874988927758,40.31999881362048],[114.44999875351041,40.31999883568361],[114.44999875351041,40.81999785331426],[114.3874988927758,40.81999782895193],[114.32499906323218,40.81999781756137],[114.26249911859477,40.819997858153116],[114.19999927528013,40.81999783555686],[114.13749938691707,40.81999786089084],[114.07499948848324,40.81999785880925],[114.01249961494779,40.819997826551166],[113.94999980127372,40.81999783405247],[113.94999980127372,40.31999882887505]]]}"
0000000000000000002b,2678,0,,,,,0.0,"{""type"":""Polygon"",""coordinates"":[[[114.44999875351041,40.31999883568361],[114.51249861031246,40.319998850522694],[114.57499851865738,40.31999883938618],[114.63749835271804,40.319998824070986],[114.69999825847623,40.31999883796661],[114.76249811002621,40.31999882903523],[114.82499805317266,40.31999882976952],[114.8874978713726,40.319998808384845],[114.94999780081427,40.31999884904374],[114.94999780081427,40.81999778845253],[114.8874978713726,40.819997815132695],[114.82499805317266,40.81999784628808],[114.76249811002621,40.81999779980142],[114.69999825847623,40.81999785269445],[114.63749835271804,40.81999782863004],[114.57499851865737,40.8199978523297],[114.51249861031246,40.81999781912546],[114.44999875351041,40.81999785331426],[114.44999875351041,40.31999883568361]]]}"
0000000000000000002c,2679,0,,,,,0.0,"{""type"":""Polygon"",""coordinates"":[[[114.94999780081427,40.31999884904374],[115.01249816795351,40.31999879452911],[115.0749986654598,40.319998852220024],[115.13749907662935,40.3199988432621],[115.19999954668145,40.31999879763117],[115.26249994931185,40.319998807703364],[115.32500033907466,40.31999885049504],[115.38750077038793,40.3199988295607],[115.45000120714293,40.319998815299066],[115.45000120714293,40.81999782587474],[115.38750077038793,40.81999781108378],[115.32500033907466,40.819997812170634],[115.26249994931185,40.81999783250935],[115.19999954668145,40.81999782383271],[115.13749907662935,40.819997809825104],[115.0749986654598,40.81999784434649],[115.01249816795351,40.81999782639254],[114.94999780081427,40.81999778845253],[114.94999780081427,40.31999884904374]]]}"
0000000000000000002d,2680,1,5445.0,5445.0,5445.0,5445.0,5445.0,"{""type"":""Polygon"",""coordinates"":[[[115.45000120714293,40.319998815299066],[115.51250107096507,40.31999885951408],[115.57500095838192,40.31999881083418],[115.63750083301515,40.31999881165487],[115.70000074871464,40.31999883672656],[115.76250057859622,40.31999883047767],[115.82500046656986,40.31999881846068],[115.887500375804,40.31999879585886],[115.95000026937656,40.3199988304254],[115.95000026937656,40.81999781254469],[115.887500375804,40.81999784801974],[115.82500046656986,40.81999779842424],[115.76250057859622,40.81999781395203],[115.70000074871466,40.81999782791754],[115.63750083301515,40.81999781620399],[115.57500095838192,40.819997834423624],[115.51250107096507,40.81999783624043],[115.45000120714293,40.81999782587474],[115.45000120714293,40.319998815299066]]]}"
0000000000000000002e,2681,1,10946.0,10946.0,10946.0,10946.0,10946.0,"{""type"":""Polygon"",""coordinates"":[[[115.95000026937656,40.3199988304254],[116.01250011027291,40.31999884404931],[116.07499995156216,40.319998809467926],[116.13749984612735,40.319998844419075],[116.1999997565261,40.319998797092595],[116.26249964521116,40.31999880634248],[116.32499947452831,40.31999879265864],[116.38749938684246,40.31999885018809],[116.44999925409569,40.31999884812386],[116.44999925409569,40.819997842025046],[116.38749938684246,40.819997851376776],[116.32499947452831,40.81999779751105],[116.26249964521116,40.81999781066082],[116.1999997565261,40.81999779871494],[116.13749984612735,40.81999784127759],[116.07499995156216,40.819997801414175],[116.01250011027291,40.8199978304221],[115.95000026937656,40.81999781254469],[115.95000026937656,40.3199988304254]]]}"
0000000000000000002f,2682,0,,,,,0.0,"{""type"":""Polygon"",""coordinates"":[[[116.44999925409569,40.31999884812386],[116.51249912824201,40.31999882926787],[116.57499897102883,40.31999885809151],[116.63749883404937,40.31999883143568],[116.69999876867364,40.3199987908007],[116.76249864621,40.31999882189219],[116.82499851772049,40.31999882056523],[116.8874983441674,40.31999884966596],[116.94999826605553,40.319998781857024],[116.94999826605553,40.81999781913179],[116.8874983441674,40.81999781573711],[116.82499851772049,40.819997848305604],[116.76249864621,40.81999782893061],[116.69999876867364,40.81999783977703],[116.63749883404937,40.819997841378836],[116.57499897102883,40.819997821139665],[116.51249912824201,40.81999781089065],[116.44999925409569,40.819997842025046],[116.44999925409569,40.31999884812386]]]}"
00000000000000000030,2683,0,,,,,0.0,"{""type"":""Polygon"",""coordinates"":[[[116.94999826605553,40.319998781857024],[117.01249869297735,40.31999878334951],[117.07499913599196,40.31999881098976],[117.1374995553392,40.3199987815326],[117.20000000084326,40.31999880575749],[117.26250043236597,40.31999879980012],[117.32500080961704,40.319998824174235],[117.38750127144553,40.31999882103178],[117.45000168746127,40.31999880077934],[117.45000168746127,40.8199978039387],[117.38750127144553,40.81999780620967],[117.32500080961704,40.81999784469781],[117.26250043236597,40.819997838028506],[117.20000000084326,40.819997844860815],[117.1374995553392,40.81999780597198],[117.07499913599196,40.81999780531113],[117.01249869297735,40.8199978058266],[116.94999826605553,40.81999781913179],[116.94999826605553,40.319998781857024]]]}"
00000000000000000031,2684,52,56683.0,11387.51923076923,8200.0,5457.0,592151.0,"{""type"":""Polygon"",""coordinates"":[[[117.45000168746127,40.31999880077934],[117.51250156887173,40.319998793739316],[117.57500141246646,40.319998865954574],[117.6375013560503,40.31999881358368],[117.70000117902012,40.319998813440115],[117.76250110819338,40.31999878204339],[117.82500092265155,40.319998823542235],[117.88750084859045,40.31999878146359],[117.9500006647658,40.31999883152614],[117.9500006647658,40.81999785349787],[117.88750084859045,40.819997823241756],[117.82500092265155,40.81999785866826],[117.76250110819338,40.819997785809946],[117.70000117902012,40.819997832896945],[117.6375013560503,40.81999782549652],[117.57500141246646,40.81999784795878],[117.51250156887173,40.81999779679585],[117.45000168746127,40.8199978039387],[117.45000168746127,40.31999880077934]]]}"
00000000000000000032,2685,14,14357.0,8750.0,7528.0,5473.0,122500.0,"{""type"":""Polygon"",""coordinates"":[[[117.9500006647658,40.31999883152614],[118.01250059673546,40.319998816332195],[118.07500042291933,40.31999883912191],[118.13750027893767,40.31999883711892],[118.20000021071498,40.31999884240461],[118.26250008541567,40.31999879015315],[118.32499994851155,40.31999885553336],[118.38749984514642,40.319998782170615],[118.44999973101154,40.31999883983974],[118.44999973101154,40.81999779593508],[118.38749984514642,40.81999778677044],[118.32499994851155,40.81999780270142],[118.26250008541567,40.81999779070318],[118.20000021071498,40.8199977924],[118.13750027893767,40.81999784899997],[118.07500042291933,40.81999781149159],[118.01250059673546,40.8199977917722],[117.9500006647658,40.81999785349787],[117.9500006647658,40.31999883152614]]]}"
00000000000000000033,2686,10,116840.0,34774.6,11954.5,6135.0,347746.0,"{""type"":""Polygon"",""coordinates"":[[[118.44999973101154,40.31999883983974],[118.51249956159542,40.31999879545044],[118.57499947028623,40.31999879850291],[118.63749932293841,40.319998854412056],[118.69999916329995,40.31999884886846],[118.76249903476817,40.319998810541186],[118.82499898038535,40.319998839196145],[118.88749886507792,40.31999879601284],[118.94999873137841,40.31999878014984],[118.9499987313784,40.81999780155214],[118.88749886507792,40.8199978144112],[118.82499898038535,40.819997812863974],[118.76249903476817,40.81999784175716],[118.69999916329995,40.819997826259545],[118.63749932293841,40.81999781064011],[118.57499947028623,40.819997838758596],[118.51249956159542,40.81999781176302],[118.44999973101154,40.81999779593508],[118.44999973101154,40.31999883983974]]]}"
00000000000000000034,2687,0,,,,,0.0,"{""type"":""Polygon"",""coordinates"":[[[118.94999873137841,40.31999878014984],[119.01249915429268,40.319998815887736],[119.07499955357449,40.319998813037316],[119.13749997075175,40.31999879789561],[119.20000044697548,40.31999879624745],[119.26250084569612,40.31999881095865],[119.32500129614436,40.3199988426284],[119.38750174984433,40.319998797624756],[119.45000215807949,40.3199987962593],[119.45000215807949,40.81999784142117],[119.38750174984433,40.819997785011836],[119.32500129614436,40.8199977931283],[119.26250084569612,40.81999781820514],[119.20000044697548,40.81999781237968],[119.13749997075175,40.81999784731413],[119.07499955357449,40.81999784989827],[119.01249915429268,40.81999779566168],[118.9499987313784,40.81999780155214],[118.94999873137841,40.31999878014984]]]}"
00000000000000000035,2688,0,,,,,0.0,"{""type"":""Polygon"",""coordinates"":[[[119.45000215807949,40.3199987962593],[119.51250202934987,40.31999879676583],[119.57500193431869,40.31999881765314],[119.63750182330921,40.31999883542537],[119.70000164639437,40.31999882640069],[119.7625015301001,40.31999885926673],[119.82500142375648,40.319998838319215],[119.88750127643594,40.31999881007568],[119.95000112518373,40.319998866797754],[119.95000112518373,40.81999781915065],[119.88750127643594,40.819997854925404],[119.82500142375648,40.81999784651936],[119.7625015301001,40.81999784469622],[119.70000164639437,40.81999780425107],[119.63750182330921,40.819997821018724],[119.57500193431869,40.819997828354126],[119.51250202934987,40.81999785066376],[119.45000215807949,40.81999784142117],[119.45000215807949,40.3199987962593]]]}"
00000000000000000036,2689,0,,,,,0.0,"{""type"":""Polygon"",""coordinates"":[[[119.95000112518373,40.319998866797754],[120.01250100662233,40.31999881577225],[120.07500086879638,40.31999884461996],[120.13750074759342,40.31999883107226],[120.20000067846723,40.3199987946008],[120.262500520381,40.31999880485865],[120.32500039614503,40.319998855244975],[120.38750025207365,40.319998847499825],[120.45000012210248,40.31999879959533],[120.45000017482457,40.819997837972714],[120.38750028714892,40.81999783685771],[120.32500038531522,40.819997809752124],[120.26250049515022,40.8199978254014],[120.20000067846723,40.81999783631938],[120.13750074759342,40.81999785454653],[120.07500086879638,40.81999785815424],[120.01250100662233,40.819997829044155],[119.95000112518373,40.81999781915065],[119.95000112518373,40.319998866797754]]]}"
00000000000000000037,2690,0,,,,,0.0,"{""type"":""Polygon"",""coordinates"":[[[120.45000012210248,40.31999879959533],[120.51250003971631,40.31999879987595],[120.57499995013146,40.319998820005395],[120.63749979827895,40.31999883147647],[120.69999970425633,40.319998824995594],[120.76249952447415,40.319998797073104],[120.82499937814268,40.319998808299346],[120.88749929623037,40.319998802926854],[120.94999913413275,40.319998847304284],[120.94999917893992,40.8199978491876],[120.88749931630115,40.81999779984809],[120.82499942063453,40.81999782403982],[120.7624995673218,40.81999783479947],[120.69999965631789,40.81999779699288],[120.63749977574193,40.81999783183691],[120.57499993928347,40.81999780015376],[120.5124999965826,40.81999782234946],[120.45000017482457,40.819997837972714],[120.45000012210248,40.31999879959533]]]}"
00000000000000000038,2691,0,,,,,0.0,"{""type"":""Polygon"",""coordinates"":[[[122.4500005804829,40.31999881868231],[122.51250045767492,40.31999883398611],[122.57500041221715,40.3199988389909],[122.63750024526625,40.31999881892806],[122.7000001262323,40.31999885455583],[122.76249996485022,40.31999882635177],[122.82499984442268,40.31999884208447],[122.88749973982449,40.31999883206805],[122.94999960442114,40.319998804104266],[122.9499995875624,40.81999780704409],[122.88749975708662,40.81999782797978],[122.82499983262045,40.81999780711235],[122.76249999171421,40.81999783786846],[122.70000014826194,40.81999781144652],[122.63750023858589,40.819997826453964],[122.57500039629288,40.81999784729603],[122.51250051420328,40.81999784320728],[122.45000063873525,40.81999780629793],[122.4500005804829,40.31999881868231]]]}"
00000000000000000039,2692,0,,,,,0.0,"{""type"":""Polygon"",""coordinates"":[[[122.94999960442114,40.319998804104266],[123.01249945720676,40.319998815789916],[123.07499942527332,40.319998819257066],[123.13749922372534,40.31999882810348],[123.19999913192113,40.319998816120695],[123.26249901746924,40.31999881871626],[123.32499892123647,40.31999881546349],[123.3874987976341,40.319998813879245],[123.44999860119844,40.31999882153898],[123.44999864387843,40.81999780807976],[123.38749873159392,40.81999782250461],[123.32499884846884,40.81999784262975],[123.26249897236016,40.81999781099224],[123.1999991270363,40.819997798901866],[123.13749926954141,40.81999782734514],[123.07499937829112,40.8199978385076],[123.01249949842769,40.81999782486158],[122.9499995875624,40.81999780704409],[122.94999960442114,40.319998804104266]]]}"
0000000000000000003a,2693,11,17015.0,9262.09090909091,8196.0,5478.0,101883.0,"{""type"":""Polygon"",""coordinates"":[[[123.44999860119844,40.31999882153898],[123.51249900424763,40.31999882457282],[123.57499948355148,40.319998843798466],[123.63749992777821,40.31999883719958],[123.7000002918611,40.31999881221121],[123.76250083690917,40.319998817614646],[123.82500121234312,40.319998819226],[123.88750161303132,40.31999881644556],[123.95000214781074,40.31999883672731],[123.9500020301096,40.819997814416354],[123.8875016258297,40.819997845949004],[123.82500124926122,40.81999782449208],[123.76250076919492,40.81999780095883],[123.7000002966008,40.819997817979626],[123.63749996253384,40.8199978397116],[123.57499950158166,40.819997816856805],[123.51249909199292,40.81999784205548],[123.44999864387843,40.81999780807976],[123.44999860119844,40.31999882153898]]]}"
0000000000000000003b,2694,9,22488.0,11203.777777777777,10223.0,6816.0,100834.0,"{""type"":""Polygon"",""coordinates"":[[[123.95000214781074,40.31999883672731],[124.01250191964294,40.319998814691324],[124.07500182319038,40.319998801927895],[124.1375017282385,40.31999883410385],[124.2000016101504,40.31999884051135],[124.2625014250012,40.31999882820065],[124.32500128266066,40.319998823918766],[124.38750122590143,40.319998805367504],[124.45000112506287,40.31999880842532],[124.45000106390106,40.8199978058826],[124.3875012369679,40.8199978275089],[124.32500133594546,40.8199978428564],[124.26250149077785,40.81999781566445],[124.20000156959173,40.819997798059084],[124.13750168307035,40.81999783265366],[124.07500189342576,40.81999783391663],[124.01250191386245,40.81999783311128],[123.9500020301096,40.819997814416354],[123.95000214781074,40.31999883672731]]]}"
0000000000000000003c,2695,18,21789.0,10875.611111111111,9534.5,5458.0,195761.0,"{""type"":""Polygon"",""coordinates"":[[[124.45000112506287,40.31999880842532],[124.51250093688903,40.3199988400253],[124.57500087683083,40.31999881922813],[124.63750072932757,40.31999881125859],[124.70000060549752,40.31999884199553],[124.76250048079449,40.31999884021686],[124.82500031234372,40.31999881256554],[124.88750027987696,40.31999883262407],[124.9500001185486,40.31999883992876],[124.95000013491622,40.81999780983634],[124.88750021347322,40.81999781474038],[124.8250003678461,40.81999784475671],[124.76250041477314,40.819997825560606],[124.7000006208671,40.81999781880482],[124.63750078479764,40.819997828866235],[124.57500079275643,40.81999782973181],[124.51250092989562,40.819997804422556],[124.45000106390106,40.8199978058826],[124.45000112506287,40.31999880842532]]]}"
00000000000000000041,2771,1,8132.0,8132.0,8132.0,8132.0,8132.0,"{""type"":""Polygon"",""coordinates"":[[[114.94999780081427,40.81999778845253],[115.01249816795351,40.81999782639254],[115.0749986654598,40.81999784434649],[115.13749907662935,40.819997809825104],[115.19999954668145,40.81999782383271],[115.26249994931185,40.81999783250935],[115.32500033907466,40.819997812170634],[115.38750077038793,40.81999781108378],[115.45000120714293,40.81999782587474],[115.45000120714293,41.320001298305115],[115.38750077038793,41.32000126923158],[115.32500033907466,41.320001262257826],[115.26249994931185,41.320001281458595],[115.19999954668145,41.320001279944215],[115.13749907662935,41.320001282152454],[115.0749986654598,41.320001270077825],[115.01249816795351,41.32000128853373],[114.94999780081427,41.32000129811853],[114.94999780081427,40.81999778845253]]]}"
00000000000000000042,2772,3,12922.0,8151.666666666667,6091.0,5442.0,24455.0,"{""type"":""Polygon"",""coordinates"":[[[115.45000120714293,40.81999782587474],[115.51250107096507,40.81999783624043],[115.57500095838192,40.819997834423624],[115.63750083301515,40.81999781620399],[115.70000074871466,40.81999782791754],[115.76250057859622,40.81999781395203],[115.82500046656986,40.81999779842424],[115.887500375804,40.81999784801974],[115.95000026937656,40.81999781254469],[115.95000026937656,41.32000125580329],[115.887500375804,41.320001253914405],[115.82500046656986,41.32000131066732],[115.76250057859622,41.32000128930598],[115.70000074871464,41.3200012676383],[115.63750083301515,41.32000129465304],[115.57500095838192,41.32000128264255],[115.51250107096507,41.32000125830261],[115.45000120714293,41.320001298305115],[115.45000120714293,40.81999782587474]]]}"
00000000000000000043,2773,11,29132.0,11084.272727272728,8805.0,5413.0,121927.0,"{""type"":""Polygon"",""coordinates"":[[[115.95000026937656,40.81999781254469],[116.01250011027291,40.8199978304221],[116.07499995156216,40.819997801414175],[116.13749984612735,40.81999784127759],[116.1999997565261,40.81999779871494],[116.26249964521116,40.81999781066082],[116.32499947452831,40.81999779751105],[116.38749938684246,40.819997851376776],[116.44999925409569,40.819997842025046],[116.44999925409569,41.32000125578824],[116.38749938684246,41.32000126071684],[116.32499947452831,41.320001267412486],[116.26249964521116,41.32000126268508],[116.1999997565261,41.32000129932302],[116.13749984612735,41.3200013140855],[116.07499995156216,41.320001314930835],[116.01250011027291,41.320001309595696],[115.95000026937656,41.32000125580329],[115.95000026937656,40.81999781254469]]]}"
00000000000000000044,2774,1,9484.0,9484.0,9484.0,9484.0,9484.0,"{""type"":""Polygon"",""coordinates"":[[[116.44999925409569,40.819997842025046],[116.51249912824201,40.81999781089065],[116.57499897102883,40.819997821139665],[116.63749883404937,40.819997841378836],[116.69999876867364,40.81999783977703],[116.76249864621,40.81999782893061],[116.82499851772049,40.819997848305604],[116.8874983441674,40.81999781573711],[116.94999826605553,40.81999781913179],[116.94999826605553,41.32000126382998],[116.8874983441674,41.320001273264296],[116.82499851772049,41.32000130396982],[116.76249864621,41.320001270063955],[116.69999876867364,41.32000125377356],[116.63749883404937,41.32000128828506],[116.57499897102883,41.320001290380766],[116.51249912824201,41.32000129262884],[116.44999925409569,41.32000125578824],[116.44999925409569,40.819997842025046]]]}"
00000000000000000045,2775,4,8824.0,6609.75,6095.0,5425.0,26439.0,"{""type"":""Polygon"",""coordinates"":[[[116.94999826605553,40.81999781913179],[117.01249869297735,40.8199978058266],[117.07499913599196,40.81999780531113],[117.1374995553392,40.81999780597198],[117.20000000084326,40.819997844860815],[117.26250043236597,40.819997838028506],[117.32500080961704,40.81999784469781],[117.38750127144553,40.81999780620967],[117.45000168746127,40.8199978039387],[117.45000168746127,41.32000130105627],[117.38750127144553,41.32000124970055],[117.32500080961704,41.32000128400801],[117.26250043236597,41.320001252859086],[117.20000000084326,41.32000128677182],[117.1374995553392,41.32000125678639],[117.07499913599196,41.32000124690928],[117.01249869297735,41.32000129258641],[116.94999826605553,41.32000126382998],[116.94999826605553,40.81999781913179]]]}"
00000000000000000046,2776,4,17579.0,9830.25,8150.0,5442.0,39321.0,"{""type"":""Polygon"",""coordinates"":[[[117.45000168746127,40.8199978039387],[117.51250156887173,40.81999779679585],[117.57500141246646,40.81999784795878],[117.6375013560503,40.81999782549652],[117.70000117902012,40.819997832896945],[117.76250110819338,40.819997785809946],[117.82500092265155,40.81999785866826],[117.88750084859045,40.819997823241756],[117.9500006647658,40.81999785349787],[117.9500006647658,41.32000126650532],[117.88750084859045,41.32000124349951],[117.82500092265155,41.32000125715978],[117.76250110819336,41.32000127699413],[117.70000117902012,41.320001318364184],[117.6375013560503,41.32000127944082],[117.57500141246646,41.32000131633327],[117.51250156887173,41.32000125584799],[117.45000168746127,41.32000130105627],[117.45000168746127,40.8199978039387]]]}"
00000000000000000047,2777,10,17619.0,10360.8,8129.5,5407.0,103608.0,"{""type"":""Polygon"",""coordinates"":[[[117.9500006647658,40.81999785349787],[118.01250059673546,40.8199977917722],[118.07500042291933,40.81999781149159],[118.13750027893767,40.81999784899997],[118.20000021071498,40.8199977924],[118.26250008541567,40.81999779070318],[118.32499994851155,40.81999780270142],[118.38749984514642,40.81999778677044],[118.44999973101154,40.81999779593508],[118.44999973101154,41.320001275519104],[118.38749984514642,41.32000125521401],[118.32499994851155,41.320001294030085],[118.26250008541567,41.32000126963928],[118.20000021071498,41.32000129504658],[118.13750027893767,41.32000127085689],[118.07500042291933,41.32000126196941],[118.01250059673546,41.32000130979057],[117.9500006647658,41.32000126650532],[117.9500006647658,40.81999785349787]]]}"
00000000000000000048,2778,6,22432.0,10848.833333333334,8809.0,5426.0,65093.0,"{""type"":""Polygon"",""coordinates"":[[[118.44999973101154,40.81999779593508],[118.51249956159542,40.81999781176302],[118.57499947028623,40.819997838758596],[118.63749932293841,40.81999781064011],[118.69999916329995,40.819997826259545],[118.76249903476817,40.81999784175716],[118.82499898038535,40.819997812863974],[118.88749886507792,40.8199978144112],[118.9499987313784,40.81999780155214],[118.94999871366275,41.32000128505246],[118.88749880486681,41.32000129444021],[118.82499890059736,41.32000127400732],[118.76249902708051,41.32000129245922],[118.69999917937058,41.320001285580155],[118.63749932391426,41.32000126760011],[118.57499948714988,41.32000130703339],[118.5124996052744,41.32000128489613],[118.44999973101154,41.320001275519104],[118.44999973101154,40.81999779593508]]]}"
00000000000000000049,2779,0,,,,,0.0,"{""type"":""Polygon"",""coordinates"":[[[118.9499987313784,40.81999780155214],[119.01249915429268,40.81999779566168],[119.07499955357449,40.81999784989827],[119.13749997075175,40.81999784731413],[119.20000044697548,40.81999781237968],[119.26250084569612,40.81999781820514],[119.32500129614436,40.8199977931283],[119.38750174984433,40.819997785011836],[119.45000215807949,40.81999784142117],[119.45000220022808,41.320001283776],[119.38750176818591,41.32000129090971],[119.32500132426502,41.320001301180795],[119.26250086105617,41.32000125101624],[119.20000037607737,41.320001288162146],[119.13750004040527,41.3200012995901],[119.07499958005063,41.320001295549744],[119.01249919923966,41.32000129566725],[118.94999871366275,41.32000128505246],[118.9499987313784,40.81999780155214]]]}"
0000000000000000004a,2780,0,,,,,0.0,"{""type"":""Polygon"",""coordinates"":[[[119.45000215807949,40.81999784142117],[119.51250202934987,40.81999785066376],[119.57500193431869,40.819997828354126],[119.63750182330921,40.819997821018724],[119.70000164639437,40.81999780425107],[119.7625015301001,40.81999784469622],[119.82500142375648,40.81999784651936],[119.88750127643594,40.819997854925404],[119.95000112518373,40.81999781915065],[119.95000121042968,41.320001275922486],[119.88750129495224,41.3200012572745],[119.82500136353275,41.32000127149806],[119.76250155726295,41.320001284001314],[119.70000168833072,41.320001282501714],[119.63750180932985,41.32000125749987],[119.57500194538372,41.320001278386734],[119.51250208770145,41.320001281981455],[119.45000220022808,41.320001283776],[119.45000215807949,40.81999784142117]]]}"
0000000000000000004b,2781,0,,,,,0.0,"{""type"":""Polygon"",""coordinates"":[[[119.95000112518373,40.81999781915065],[120.01250100662233,40.819997829044155],[120.07500086879638,40.81999785815424],[120.13750074759342,40.81999785454653],[120.20000067846723,40.81999783631938],[120.26250049515022,40.8199978254014],[120.32500038531522,40.819997809752124],[120.38750028714892,40.81999783685771],[120.45000017482457,40.819997837972714],[120.45000022133296,41.320001300904956],[120.38750023740563,41.32000127535031],[120.32500042456454,41.320001255073116],[120.26250056600236,41.32000130878851],[120.20000067636211,41.32000129511513],[120.13750078033998,41.32000128388686],[120.07500092914846,41.32000126598785],[120.01250099593449,41.32000128342438],[119.95000121042968,41.320001275922486],[119.95000112518373,40.81999781915065]]]}"
0000000000000000004c,2782,0,,,,,0.0,"{""type"":""Polygon"",""coordinates"":[[[120.45000017482457,40.819997837972714],[120.5124999965826,40.81999782234946],[120.57499993928347,40.81999780015376],[120.63749977574193,40.81999783183691],[120.69999965631789,40.81999779699288],[120.7624995673218,40.81999783479947],[120.82499942063453,40.81999782403982],[120.88749931630115,40.81999779984809],[120.94999917893992,40.8199978491876],[120.94999918441795,41.32000127632694],[120.88749926487975,41.320001284928175],[120.82499938425659,41.32000129072872],[120.76249959188245,41.32000128512229],[120.69999960671191,41.320001285340126],[120.63749980906678,41.320001256669045],[120.57499989243166,41.320001295092204],[120.5125000217874,41.320001286413046],[120.45000022133296,41.320001300904956],[120.45000017482457,40.819997837972714]]]}"
0000000000000000004d,2784,0,,,,,0.0,"{""type"":""Polygon"",""coordinates"":[[[121.44999810522702,40.819997823771246],[121.51249864865828,40.81999782562279],[121.57499904045417,40.819997804097845],[121.63749944783638,40.819997844237484],[121.69999986990932,40.819997797906694],[121.76250029872189,40.819997803224965],[121.82500077417599,40.8199978416049],[121.88750120724842,40.819997791678894],[121.9500016556011,40.819997842724284],[121.950001679555,41.32000128478837],[121.88750116200228,41.32000129949548],[121.82500078037192,41.32000125448396],[121.76250029097886,41.3200013032558],[121.69999994243454,41.32000130360472],[121.63749945029726,41.32000127701046],[121.5749990805976,41.32000129231416],[121.51249857328779,41.32000129107928],[121.449998129732,41.32000129007488],[121.44999810522702,40.819997823771246]]]}"
0000000000000000004e,2785,0,,,,,0.0,"{""type"":""Polygon"",""coordinates"":[[[121.9500016556011,40.819997842724284],[122.01250148490949,40.81999782847927],[122.0750013450161,40.819997827018135],[122.1375012763816,40.81999781919614],[122.2000011439519,40.819997840386335],[122.26250101114043,40.819997793020185],[122.32500087323946,40.81999781459936],[122.38750070618003,40.819997834733876],[122.45000063873525,40.81999780629793],[122.4500006992242,41.32000129412753],[122.3875007494525,41.320001284531905],[122.3250008086183,41.32000127570369],[122.26250098824795,41.32000131157856],[122.20000111359904,41.320001308847324],[122.13750123090058,41.32000125952961],[122.07500142868246,41.320001287020496],[122.01250153307942,41.32000130733003],[121.950001679555,41.32000128478837],[121.9500016556011,40.819997842724284]]]}"
0000000000000000004f,2786,0,,,,,0.0,"{""type"":""Polygon"",""coordinates"":[[[122.45000063873525,40.81999780629793],[122.51250051420328,40.81999784320728],[122.57500039629288,40.81999784729603],[122.63750023858589,40.819997826453964],[122.70000014826194,40.81999781144652],[122.76249999171421,40.81999783786846],[122.82499983262045,40.81999780711235],[122.88749975708662,40.81999782797978],[122.9499995875624,40.81999780704409],[122.94999959151559,41.32000129444758],[122.88749973606681,41.32000131943625],[122.82499988343785,41.32000129382651],[122.76250005631174,41.32000128976816],[122.70000014408183,41.320001276698314],[122.63750025815554,41.320001298281525],[122.57500037708904,41.320001295527014],[122.51250045735415,41.32000128887656],[122.4500006992242,41.32000129412753],[122.45000063873525,40.81999780629793]]]}"
00000000000000000050,2787,0,,,,,0.0,"{""type"":""Polygon"",""coordinates"":[[[122.9499995875624,40.81999780704409],[123.01249949842769,40.81999782486158],[123.07499937829112,40.8199978385076],[123.13749926954141,40.81999782734514],[123.1999991270363,40.819997798901866],[123.26249897236016,40.81999781099224],[123.32499884846884,40.81999784262975],[123.38749873159392,40.81999782250461],[123.44999864387843,40.81999780807976],[123.44999858012149,41.32000126955102],[123.38749871594602,41.32000128831163],[123.32499883495349,41.320001280260584],[123.26249904820047,41.32000128909437],[123.19999908744927,41.32000126341301],[123.13749921981434,41.32000126890375],[123.07499933330648,41.32000127605795],[123.01249947203173,41.32000127750641],[122.94999959151559,41.32000129444758],[122.9499995875624,40.81999780704409]]]}"
00000000000000000055,2792,497,2121098.0,25183.434607645875,8768.711111111112,5403.0,1.2516167E7,"{""type"":""Polygon"",""coordinates"":[[[125.44999908200752,40.81999785590224],[125.51249899891957,40.81999780594573],[125.57499882532454,40.81999783104247],[125.63749871154843,40.81999779669406],[125.69999860027328,40.819997787876055],[125.76249845133823,40.81999781052427],[125.82499831145768,40.8199978396333],[125.88749822734496,40.81999784999551],[125.94999808854173,40.81999779926627],[125.94999805245202,41.32000129034076],[125.88749821255676,41.32000130604],[125.82499830697854,41.32000129981369],[125.7624984459661,41.32000131473598],[125.69999859775173,41.32000129630916],[125.63749871392739,41.32000127007968],[125.57499881678847,41.32000131040681],[125.51249898019594,41.32000125109769],[125.44999912138304,41.32000127784176],[125.44999908200752,40.81999785590224]]]}"
00000000000000000058,2867,0,,,,,0.0,"{""type"":""Polygon"",""coordinates"":[[[115.95000026937656,41.32000125580329],[116.01250011027291,41.320001309595696],[116.07499995156216,41.320001314930835],[116.13749984612735,41.3200013140855],[116.1999997565261,41.32000129932302],[116.26249964521116,41.32000126268508],[116.32499947452831,41.320001267412486],[116.38749938684246,41.32000126071684],[116.44999925409569,41.32000125578824],[116.44999925409569,41.82000029220232],[116.38749938684246,41.82000026002426],[116.32499947452831,41.820000290433995],[116.26249964521116,41.82000030012892],[116.1999997565261,41.82000027182947],[116.13749984612735,41.8200002852491],[116.07499995156216,41.82000027821157],[116.01250011027291,41.8200002591309],[115.95000026937656,41.820000258018474],[115.95000026937656,41.32000125580329]]]}"
00000000000000000059,2868,3,9435.0,6957.0,6054.0,5382.0,20871.0,"{""type"":""Polygon"",""coordinates"":[[[116.44999925409569,41.32000125578824],[116.51249912824201,41.32000129262884],[116.57499897102883,41.320001290380766],[116.63749883404937,41.32000128828506],[116.69999876867364,41.32000125377356],[116.76249864621,41.320001270063955],[116.82499851772049,41.32000130396982],[116.8874983441674,41.320001273264296],[116.94999826605553,41.32000126382998],[116.94999824538137,41.82000028295577],[116.88749836037749,41.82000028910069],[116.82499847429544,41.82000027879055],[116.76249855777435,41.82000026374142],[116.6999987288916,41.82000028949437],[116.63749884425677,41.82000025470185],[116.57499898940165,41.8200002838095],[116.51249912824201,41.82000028411687],[116.44999925409569,41.82000029220232],[116.44999925409569,41.32000125578824]]]}"
0000000000000000005a,2869,0,,,,,0.0,"{""type"":""Polygon"",""coordinates"":[[[116.94999826605553,41.32000126382998],[117.01249869297735,41.32000129258641],[117.07499913599196,41.32000124690928],[117.1374995553392,41.32000125678639],[117.20000000084326,41.32000128677182],[117.26250043236597,41.320001252859086],[117.32500080961704,41.32000128400801],[117.38750127144553,41.32000124970055],[117.45000168746127,41.32000130105627],[117.45000173242256,41.82000030833425],[117.38750126138423,41.820000263884225],[117.32500087970968,41.820000285601594],[117.26250043933754,41.8200002739919],[117.1999999675054,41.82000029748277],[117.13749955550601,41.82000026623978],[117.07499914065353,41.8200002717147],[117.01249863468239,41.82000026974547],[116.94999824538137,41.82000028295577],[116.94999826605553,41.32000126382998]]]}"
0000000000000000005b,2870,33,22849.0,8157.606060606061,6708.0,5363.0,269201.0,"{""type"":""Polygon"",""coordinates"":[[[117.45000168746127,41.32000130105627],[117.51250156887173,41.32000125584799],[117.57500141246646,41.32000131633327],[117.6375013560503,41.32000127944082],[117.70000117902012,41.320001318364184],[117.76250110819336,41.32000127699413],[117.82500092265155,41.32000125715978],[117.88750084859045,41.32000124349951],[117.9500006647658,41.32000126650532],[117.95000067213842,41.82000026047504],[117.88750078257542,41.82000029372612],[117.82500091116866,41.82000030421881],[117.76250111510916,41.82000028171103],[117.70000118130005,41.82000028660867],[117.63750134763858,41.82000026135446],[117.5750014014379,41.820000265953915],[117.5125016395726,41.82000029901518],[117.45000173242256,41.82000030833425],[117.45000168746127,41.32000130105627]]]}"
0000000000000000005e,2873,0,,,,,0.0,"{""type"":""Polygon"",""coordinates"":[[[118.94999871366275,41.32000128505246],[119.01249919923966,41.32000129566725],[119.07499958005063,41.320001295549744],[119.13750004040527,41.3200012995901],[119.20000037607737,41.320001288162146],[119.26250086105617,41.32000125101624],[119.32500132426502,41.320001301180795],[119.38750176818591,41.32000129090971],[119.45000220022808,41.320001283776],[119.4500021664817,41.820000260949804],[119.38750173444478,41.82000026172536],[119.32500130367347,41.82000026830783],[119.26250083633931,41.82000029640459],[119.20000041366326,41.82000025671318],[119.13750003111356,41.8200002993488],[119.07499961858399,41.82000030525926],[119.01249913921338,41.820000289679804],[118.94999870763914,41.82000029777057],[118.94999871366275,41.32000128505246]]]}"
0000000000000000005f,2874,0,,,,,0.0,"{""type"":""Polygon"",""coordinates"":[[[119.45000220022808,41.320001283776],[119.51250208770145,41.320001281981455],[119.57500194538372,41.320001278386734],[119.63750180932985,41.32000125749987],[119.70000168833072,41.320001282501714],[119.76250155726295,41.320001284001314],[119.82500136353275,41.32000127149806],[119.88750129495224,41.3200012572745],[119.95000121042968,41.320001275922486],[119.95000111681729,41.82000027070329],[119.88750134246288,41.82000029324744],[119.82500136381076,41.8200002665313],[119.76250160017936,41.820000292635626],[119.70000164446364,41.82000027652011],[119.63750176318153,41.82000029186124],[119.57500194543992,41.82000027514607],[119.51250206257188,41.82000026799065],[119.4500021664817,41.820000260949804],[119.45000220022808,41.320001283776]]]}"
00000000000000000060,2875,1,5374.0,5374.0,5374.0,5374.0,5374.0,"{""type"":""Polygon"",""coordinates"":[[[119.95000121042968,41.320001275922486],[120.01250099593449,41.32000128342438],[120.07500092914846,41.32000126598785],[120.13750078033998,41.32000128388686],[120.20000067636211,41.32000129511513],[120.26250056600236,41.32000130878851],[120.32500042456454,41.320001255073116],[120.38750023740563,41.32000127535031],[120.45000022133296,41.320001300904956],[120.45000014505598,41.82000030333718],[120.38750029013401,41.82000025143014],[120.32500037908713,41.82000028111075],[120.26250057826012,41.82000027721228],[120.20000066691932,41.82000030934699],[120.1375008122331,41.820000262316846],[120.07500092006893,41.82000031329795],[120.01250109489196,41.82000029322715],[119.95000111681729,41.82000027070329],[119.95000121042968,41.320001275922486]]]}"
00000000000000000061,2876,0,,,,,0.0,"{""type"":""Polygon"",""coordinates"":[[[120.45000022133296,41.320001300904956],[120.5125000217874,41.320001286413046],[120.57499989243166,41.320001295092204],[120.63749980906678,41.320001256669045],[120.69999960671191,41.320001285340126],[120.76249959188245,41.32000128512229],[120.82499938425659,41.32000129072872],[120.88749926487975,41.320001284928175],[120.94999918441795,41.32000127632694],[120.949999203377,41.82000030270332],[120.88749926666027,41.82000031768934],[120.8249993597979,41.82000027119499],[120.76249956949668,41.82000028850494],[120.69999963545385,41.82000030729613],[120.63749978673955,41.8200002655853],[120.5749998657064,41.82000028799932],[120.5125000376816,41.82000025915666],[120.45000014505598,41.82000030333718],[120.45000022133296,41.320001300904956]]]}"
00000000000000000062,2877,0,,,,,0.0,"{""type"":""Polygon"",""coordinates"":[[[120.94999918441795,41.32000127632694],[121.01249900465339,41.32000130013964],[121.07499894363688,41.32000128548796],[121.13749877439945,41.32000129413498],[121.1999986262109,41.32000128149629],[121.2624985146673,41.32000130860739],[121.32499841621477,41.32000130467169],[121.38749828246955,41.32000127819411],[121.449998129732,41.32000129007488],[121.44999816871872,41.82000028980246],[121.38749823328169,41.82000028191938],[121.32499843650793,41.8200002778839],[121.26249858019551,41.82000027093591],[121.19999862155507,41.82000027977746],[121.13749885293014,41.82000029504515],[121.07499892201488,41.82000028311855],[121.01249903143945,41.8200002616978],[120.949999203377,41.82000030270332],[120.94999918441795,41.32000127632694]]]}"
00000000000000000063,2878,0,,,,,0.0,"{""type"":""Polygon"",""coordinates"":[[[121.449998129732,41.32000129007488],[121.51249857328779,41.32000129107928],[121.5749990805976,41.32000129231416],[121.63749945029726,41.32000127701046],[121.69999994243454,41.32000130360472],[121.76250029097886,41.3200013032558],[121.82500078037192,41.32000125448396],[121.88750116200228,41.32000129949548],[121.950001679555,41.32000128478837],[121.95000157767211,41.82000028480209],[121.88750121542148,41.82000026189072],[121.82500071129398,41.82000027945966],[121.76250029113416,41.820000273880574],[121.69999991097288,41.820000264975455],[121.63749943691485,41.82000029993119],[121.57499902978113,41.820000262573814],[121.51249853152838,41.820000280217165],[121.44999816871872,41.82000028980246],[121.449998129732,41.32000129007488]]]}"
00000000000000000064,2882,10,21537.0,9823.1,9084.5,5372.0,98231.0,"{""type"":""Polygon"",""coordinates"":[[[123.44999858012149,41.32000126955102],[123.51249909759096,41.320001288678434],[123.57499951175916,41.320001294553194],[123.6374999357049,41.32000131595657],[123.70000034693429,41.32000128015028],[123.76250083840601,41.320001295262685],[123.82500123120137,41.32000126723822],[123.88750161888225,41.32000130411235],[123.95000206765137,41.32000130344281],[123.95000202408309,41.820000283775244],[123.88750167855554,41.82000025631856],[123.82500116490009,41.820000289919946],[123.7625007933369,41.82000028821933],[123.70000035780292,41.820000252871395],[123.63749994815953,41.820000309091625],[123.5749994899265,41.820000266522925],[123.51249907306521,41.82000025041008],[123.44999865006957,41.820000283331886],[123.44999858012149,41.32000126955102]]]}"
00000000000000000065,2883,37,26187.0,12104.351351351352,9436.0,5371.0,447861.0,"{""type"":""Polygon"",""coordinates"":[[[123.95000206765137,41.32000130344281],[124.01250195585833,41.32000131936413],[124.07500181990164,41.320001312222026],[124.1375017058129,41.32000125920023],[124.20000162038987,41.32000129715334],[124.262501472745,41.32000130273157],[124.32500137805147,41.32000130294871],[124.38750122554617,41.32000125438182],[124.45000111151418,41.32000126371549],[124.45000105844221,41.82000027467198],[124.38750121977726,41.820000291779934],[124.3250013304778,41.82000027375329],[124.26250150109934,41.82000026479751],[124.20000159358543,41.820000318951934],[124.1375016887781,41.82000026750912],[124.07500178795216,41.82000026589266],[124.01250193210589,41.82000030751212],[123.95000202408309,41.820000283775244],[123.95000206765137,41.32000130344281]]]}"
00000000000000000075,2959,24,20003.0,8419.916666666666,6666.5,5323.0,202078.0,"{""type"":""Polygon"",""coordinates"":[[[116.94999824538137,41.82000028295577],[117.01249863468239,41.82000026974547],[117.07499914065353,41.8200002717147],[117.13749955550601,41.82000026623978],[117.1999999675054,41.82000029748277],[117.26250043933754,41.8200002739919],[117.32500087970968,41.820000285601594],[117.38750126138423,41.820000263884225],[117.45000173242256,41.82000030833425],[117.45000169442409,42.31999931116926],[117.38750123813016,42.3199992716017],[117.32500083319826,42.319999305267416],[117.26250041911797,42.31999928827222],[117.20000002136594,42.31999929039592],[117.13749954798871,42.31999926760279],[117.07499911586154,42.3199992662141],[117.01249869203018,42.31999929896038],[116.94999827668296,42.31999929828366],[116.94999824538137,41.82000028295577]]]}"
00000000000000000076,2960,42,58562.0,9936.738095238095,6699.5,5325.0,417343.0,"{""type"":""Polygon"",""coordinates"":[[[117.45000173242256,41.82000030833425],[117.5125016395726,41.82000029901518],[117.5750014014379,41.820000265953915],[117.63750134763858,41.82000026135446],[117.70000118130005,41.82000028660867],[117.76250111510916,41.82000028171103],[117.82500091116866,41.82000030421881],[117.88750078257542,41.82000029372612],[117.95000067213842,41.82000026047504],[117.95000065781005,42.31999926629489],[117.88750084811896,42.31999931467732],[117.82500097370684,42.319999287270285],[117.76250105930131,42.31999925422857],[117.70000122064575,42.31999926185869],[117.6375012717171,42.31999929118819],[117.57500145154856,42.31999928434477],[117.51250154306982,42.31999930235244],[117.45000169442409,42.31999931116926],[117.45000173242256,41.82000030833425]]]}"
0000000000000000007b,2965,0,,,,,0.0,"{""type"":""Polygon"",""coordinates"":[[[119.95000111681729,41.82000027070329],[120.01250109489196,41.82000029322715],[120.07500092006893,41.82000031329795],[120.1375008122331,41.820000262316846],[120.20000066691932,41.82000030934699],[120.26250057826012,41.82000027721228],[120.32500037908713,41.82000028111075],[120.38750029013401,41.82000025143014],[120.45000014505598,41.82000030333718],[120.45000019151945,42.31999928591976],[120.3875003493461,42.319999292566116],[120.32500037101845,42.31999926331501],[120.26250052470054,42.3199992719432],[120.20000070357564,42.31999928180511],[120.13750080137449,42.31999925587316],[120.07500090351394,42.319999321045756],[120.0125010505299,42.31999925157834],[119.95000120895997,42.3199992818547],[119.95000111681729,41.82000027070329]]]}"
0000000000000000007c,2967,0,,,,,0.0,"{""type"":""Polygon"",""coordinates"":[[[120.949999203377,41.82000030270332],[121.01249903143945,41.8200002616978],[121.07499892201488,41.82000028311855],[121.13749885293014,41.82000029504515],[121.19999862155507,41.82000027977746],[121.26249858019551,41.82000027093591],[121.32499843650793,41.8200002778839],[121.38749823328169,41.82000028191938],[121.44999816871872,41.82000028980246],[121.44999814660629,42.31999926224116],[121.38749828148332,42.319999263290065],[121.32499844960711,42.31999930893583],[121.26249856542658,42.31999928345247],[121.19999864990481,42.31999925998295],[121.13749881487777,42.31999928424729],[121.07499888460764,42.319999267577124],[121.01249903655514,42.319999309625345],[120.94999918683136,42.31999929410579],[120.949999203377,41.82000030270332]]]}"
0000000000000000007d,2968,0,,,,,0.0,"{""type"":""Polygon"",""coordinates"":[[[121.44999816871872,41.82000028980246],[121.51249853152838,41.820000280217165],[121.57499902978113,41.820000262573814],[121.63749943691485,41.82000029993119],[121.69999991097288,41.820000264975455],[121.76250029113416,41.820000273880574],[121.82500071129398,41.82000027945966],[121.88750121542148,41.82000026189072],[121.95000157767211,41.82000028480209],[121.950001595846,42.31999926294494],[121.8875011616885,42.31999929131253],[121.82500076280056,42.31999931531188],[121.76250028647256,42.319999301827856],[121.69999984435685,42.31999929636266],[121.63749948154745,42.31999929111629],[121.57499899485589,42.31999928049398],[121.5124985870937,42.31999928212653],[121.44999814660629,42.31999926224116],[121.44999816871872,41.82000028980246]]]}"
0000000000000000007e,2972,1,19385.0,19385.0,19385.0,19385.0,19385.0,"{""type"":""Polygon"",""coordinates"":[[[123.44999865006957,41.820000283331886],[123.51249907306521,41.82000025041008],[123.5749994899265,41.820000266522925],[123.63749994815953,41.820000309091625],[123.70000035780292,41.820000252871395],[123.7625007933369,41.82000028821933],[123.82500116490009,41.820000289919946],[123.88750167855554,41.82000025631856],[123.95000202408309,41.820000283775244],[123.95000209684117,42.31999926464886],[123.88750166913925,42.319999298351824],[123.82500122699322,42.31999928447553],[123.76250079039781,42.31999929835549],[123.70000033059465,42.319999281441014],[123.63749995817564,42.319999278921934],[123.57499946344592,42.31999929217197],[123.51249906906988,42.319999254353746],[123.44999861356123,42.319999300463415],[123.44999865006957,41.820000283331886]]]}"
0000000000000000007f,2973,20,20097.0,9859.55,9349.5,5355.0,197191.0,"{""type"":""Polygon"",""coordinates"":[[[123.95000202408309,41.820000283775244],[124.01250193210589,41.82000030751212],[124.07500178795216,41.82000026589266],[124.1375016887781,41.82000026750912],[124.20000159358543,41.820000318951934],[124.26250150109934,41.82000026479751],[124.3250013304778,41.82000027375329],[124.38750121977726,41.820000291779934],[124.45000105844221,41.82000027467198],[124.45000107638072,42.31999927885231],[124.38750118841145,42.31999927335886],[124.32500137533009,42.31999928446537],[124.26250151603993,42.31999928524818],[124.2000015601229,42.31999929984522],[124.13750172870829,42.31999926054031],[124.07500186065013,42.319999304187576],[124.0125019464863,42.319999290535726],[123.95000209684117,42.31999926464886],[123.95000202408309,41.820000283775244]]]}"
00000000000000000099,3052,0,,,,,0.0,"{""type"":""Polygon"",""coordinates"":[[[122.9499996799171,42.31999929730091],[123.01249949567405,42.31999930366064],[123.07499935654445,42.319999263670894],[123.1374992665483,42.31999931865788],[123.19999906842507,42.31999928918087],[123.26249901693261,42.31999930973773],[123.3249989325441,42.31999928268687],[123.3874987514918,42.31999929707543],[123.44999861356123,42.319999300463415],[123.44999863993372,42.81999829154114],[123.38749877284855,42.81999827732203],[123.3249988963269,42.8199982803504],[123.26249905109466,42.81999829380951],[123.19999911660364,42.81999828793522],[123.13749929535597,42.81999827878016],[123.0749993752994,42.81999826628821],[123.0124994670434,42.819998296426924],[122.94999963458214,42.81999827936717],[122.9499996799171,42.31999929730091]]]}"
0000000000000000009b,3054,1,5310.0,5310.0,5310.0,5310.0,5310.0,"{""type"":""Polygon"",""coordinates"":[[[123.95000209684117,42.31999926464886],[124.0125019464863,42.319999290535726],[124.07500186065013,42.319999304187576],[124.13750172870829,42.31999926054031],[124.2000015601229,42.31999929984522],[124.26250151603993,42.31999928524818],[124.32500137533009,42.31999928446537],[124.38750118841145,42.31999927335886],[124.45000107638072,42.31999927885231],[124.45000113131373,42.81999827911269],[124.38750118870087,42.81999829743717],[124.32500131162989,42.81999827474195],[124.26250151883136,42.819998288118285],[124.20000161547648,42.81999825825049],[124.13750169140356,42.81999831393442],[124.07500182702668,42.81999828253774],[124.01250194962734,42.819998271764945],[123.95000209865735,42.81999827518783],[123.95000209684117,42.31999926464886]]]}"
000000000000000000b6,3123,0,,,,,0.0,"{""type"":""Polygon"",""coordinates"":[[[123.95000209865735,42.81999827518783],[124.01250194962734,42.819998271764945],[124.07500182702668,42.81999828253774],[124.13750169140356,42.81999831393442],[124.20000161547648,42.81999825825049],[124.26250151883136,42.819998288118285],[124.32500131162989,42.81999827474195],[124.38750118870087,42.81999829743717],[124.45000113131373,42.81999827911269],[124.45000104149044,43.32000173398882],[124.38750117948055,43.3200017541767],[124.32500135777956,43.320001752255855],[124.26250152191187,43.3200017537083],[124.20000154555494,43.320001731016305],[124.13750170344738,43.32000175200227],[124.07500179766329,43.320001736276616],[124.01250193850943,43.32000173039466],[123.95000207179278,43.320001759343846],[123.95000209865735,42.81999827518783]]]}"
00000000000000000540,141,6,26221.0,12149.5,9825.5,6555.0,72897.0,"{""type"":""Polygon"",""coordinates"":[[[98.94999854015231,23.82000056864989],[99.01249894448146,23.82000058864264],[99.07499935293878,23.820000606777285],[99.13749985949617,23.82000059885722],[99.2000002217807,23.820000560526662],[99.26250070551194,23.820000547018296],[99.32500115540873,23.820000548568746],[99.3875015864915,23.820000545138377],[99.45000201518567,23.820000606343175],[99.45000201518567,24.31999958488615],[99.38750158649148,24.319999605650526],[99.32500115540873,24.31999960903196],[99.26250070551194,24.31999961559423],[99.2000002217807,24.319999555805683],[99.13749985949617,24.319999529373206],[99.07499935293878,24.319999571540983],[99.01249894448146,24.319999596847655],[98.94999854015231,24.3199995399411],[98.94999854015231,23.82000056864989]]]}"
00000000000000000541,142,104,575185.0,36641.394230769234,10010.1,4194.0,3810705.0,"{""type"":""Polygon"",""coordinates"":[[[99.45000201518567,23.820000606343175],[99.5125018654743,23.820000568613622],[99.57500174951723,23.820000554743164],[99.63750160295518,23.820000549004224],[99.70000144757573,23.82000053020406],[99.76250139162286,23.820000561325152],[99.82500120435228,23.820000547026943],[99.88750108168576,23.820000544420964],[99.95000096556808,23.820000536772035],[99.95000096556808,24.319999562034614],[99.88750108168576,24.3199995985689],[99.82500120435228,24.319999545846358],[99.76250139162286,24.319999600278447],[99.70000144757573,24.319999615601688],[99.63750160295518,24.319999597340303],[99.57500174951721,24.319999572734183],[99.5125018654743,24.31999956327071],[99.45000201518567,24.31999958488615],[99.45000201518567,23.820000606343175]]]}"
00000000000000000542,143,0,,,,,0.0,"{""type"":""Polygon"",""coordinates"":[[[99.95000096556808,23.820000536772035],[100.01250088437155,23.820000591461856],[100.07500069700846,23.820000607212634],[100.13750060505761,23.820000550026965],[100.20000046983237,23.82000058756525],[100.26250032462946,23.820000606761464],[100.32500020405068,23.8200005840516],[100.38750014399517,23.820000585308417],[100.45000001014012,23.820000598058797],[100.45000001014012,24.31999955402387],[100.38750014399517,24.31999953709407],[100.32500020405068,24.319999534765387],[100.26250032462946,24.319999559662886],[100.20000046983237,24.31999954633914],[100.13750060505761,24.319999608357914],[100.07500069700846,24.319999590000478],[100.01250088437155,24.319999592952836],[99.95000096556808,24.319999562034614],[99.95000096556808,23.820000536772035]]]}"
00000000000000000543,144,3,11469.0,9011.333333333334,9831.0,5734.0,27034.0,"{""type"":""Polygon"",""coordinates"":[[[100.45000001014012,23.820000598058797],[100.5124998406031,23.820000598098332],[100.57499976065216,23.820000555015064],[100.63749963926456,23.82000054550295],[100.69999951819264,23.820000544578086],[100.76249935439841,23.820000533008365],[100.8249992780695,23.82000056888581],[100.88749907622298,23.820000555065683],[100.94999896751168,23.820000543018008],[100.94999896751168,24.319999603109245],[100.88749907622298,24.319999598355196],[100.8249992780695,24.31999959568734],[100.76249935439841,24.319999544281806],[100.69999951819264,24.319999541261527],[100.63749963926456,24.319999529077233],[100.57499976065216,24.319999527217544],[100.5124998406031,24.31999956101376],[100.45000001014012,24.31999955402387],[100.45000001014012,23.820000598058797]]]}"
00000000000000000544,145,67,805930.0,36190.64179104478,14861.857142857143,5716.0,2424773.0,"{""type"":""Polygon"",""coordinates"":[[[100.94999896751168,23.820000543018008],[101.01249882717767,23.820000608351116],[101.07499870389056,23.820000545444323],[101.13749864753342,23.820000596260332],[101.19999844987971,23.82000057355321],[101.26249833570857,23.8200006166557],[101.32499827178705,23.82000052531393],[101.38749813924753,23.820000553179884],[101.44999799327965,23.8200005828333],[101.44999799327965,24.319999573280413],[101.38749813924753,24.319999535605056],[101.32499827178705,24.319999586846873],[101.26249833570857,24.319999576455753],[101.19999844987971,24.319999608955445],[101.13749864753342,24.31999952692812],[101.07499870389056,24.31999954962755],[101.01249882717767,24.319999595803193],[100.94999896751168,24.319999603109245],[100.94999896751168,23.820000543018008]]]}"
00000000000000000545,146,616,1850770.0,23975.41883116883,11541.159420289856,5319.0,1.4768858E7,"{""type"":""Polygon"",""coordinates"":[[[101.44999799327965,23.8200005828333],[101.51249841049612,23.82000054691664],[101.57499884204753,23.820000551593143],[101.63749925963809,23.820000574702476],[101.6999997227788,23.82000058727864],[101.7625001182872,23.82000057340631],[101.82500059461319,23.820000586387685],[101.88750104047836,23.820000609896347],[101.95000143238939,23.820000531422526],[101.95000143238939,24.31999954405556],[101.88750104047836,24.319999557088277],[101.8250005946132,24.319999552419702],[101.7625001182872,24.319999553497585],[101.6999997227788,24.3199995768501],[101.63749925963809,24.319999569781206],[101.57499884204753,24.319999548402933],[101.51249841049612,24.319999542084005],[101.44999799327965,24.319999573280413],[101.44999799327965,23.8200005828333]]]}"
00000000000000000546,147,817,333452.0,19328.86168910649,11446.955555555556,4309.0,1.579168E7,"{""type"":""Polygon"",""coordinates"":[[[101.95000143238939,23.820000531422526],[102.01250131215058,23.820000540662697],[102.07500118037697,23.820000573367608],[102.13750110367965,23.82000059879405],[102.2000009752185,23.820000599806058],[102.26250086349057,23.820000545231995],[102.32500066333235,23.820000596230233],[102.38750053252556,23.82000053547749],[102.45000045517783,23.820000605790305],[102.45000045517783,24.31999955860676],[102.38750053252556,24.319999566411582],[102.32500066333235,24.31999960773725],[102.26250086349057,24.319999529534066],[102.2000009752185,24.319999549494586],[102.13750110367965,24.319999596093815],[102.07500118037699,24.319999611731163],[102.01250131215058,24.319999613754845],[101.95000143238939,24.31999954405556],[101.95000143238939,23.820000531422526]]]}"
00000000000000000547,148,2,106146.0,76752.5,76752.5,47359.0,153505.0,"{""type"":""Polygon"",""coordinates"":[[[102.45000045517783,23.820000605790305],[102.51250032874732,23.820000610618923],[102.57500022649201,23.82000060674492],[102.63750004749501,23.820000575851473],[102.69999995447873,23.82000056689378],[102.76249984827193,23.820000561095434],[102.82499971810891,23.82000053227513],[102.88749955406026,23.820000543203825],[102.94999943487058,23.820000559809145],[102.94999943487058,24.319999617781498],[102.88749955406026,24.31999958034539],[102.82499971810891,24.319999537199546],[102.76249984827193,24.31999961197165],[102.69999995447873,24.319999564182922],[102.63750004749501,24.31999959854555],[102.57500022649201,24.319999555856448],[102.51250032874732,24.319999566066844],[102.45000045517783,24.31999955860676],[102.45000045517783,23.820000605790305]]]}"
00000000000000000548,149,0,,,,,0.0,"{""type"":""Polygon"",""coordinates"":[[[102.94999943487058,23.820000559809145],[103.01249935240315,23.820000555165567],[103.07499921140636,23.820000598792753],[103.13749909321939,23.820000566786646],[103.19999899214639,23.82000060975893],[103.26249881522786,23.820000529480577],[103.3249987344573,23.820000549833104],[103.38749857035549,23.82000056892601],[103.44999840847325,23.820000550679847],[103.44999840847325,24.319999586759035],[103.38749857035549,24.31999960020718],[103.3249987344573,24.31999956176819],[103.26249881522786,24.319999596976942],[103.19999899214639,24.319999540900668],[103.13749909321939,24.31999961538455],[103.07499921140636,24.319999573852137],[103.01249935240315,24.31999953320302],[102.94999943487058,24.319999617781498],[102.94999943487058,23.820000559809145]]]}"
00000000000000000549,150,127,50752.0,12196.401574803149,9000.333333333334,3409.0,1548943.0,"{""type"":""Polygon"",""coordinates"":[[[103.44999840847325,23.820000550679847],[103.51249886474936,23.820000589599502],[103.57499932114563,23.820000533100977],[103.6374997774681,23.820000530051065],[103.70000014592347,23.820000559074682],[103.76250060453198,23.820000574753216],[103.8250010670569,23.820000555250665],[103.88750144784625,23.820000567564282],[103.95000192741529,23.820000565340955],[103.95000192741529,24.319999589943613],[103.88750144784625,24.31999954261269],[103.8250010670569,24.319999551397967],[103.76250060453198,24.31999957453601],[103.70000014592347,24.319999545390427],[103.6374997774681,24.31999957492572],[103.57499932114563,24.31999953150662],[103.51249886474936,24.31999961450358],[103.44999840847325,24.319999586759035],[103.44999840847325,23.820000550679847]]]}"
0000000000000000054a,151,258,100621.0,13503.833333333334,8997.894736842105,4155.0,3483989.0,"{""type"":""Polygon"",""coordinates"":[[[103.95000192741529,23.820000565340955],[104.01250180165823,23.820000583343603],[104.07500169504861,23.820000534333197],[104.13750152472561,23.820000573305563],[104.2000013857669,23.82000057210697],[104.2625012853988,23.820000588150556],[104.32500114279593,23.82000059817649],[104.38750105528894,23.820000562038032],[104.450000943384,23.820000544837335],[104.450000943384,24.31999953897204],[104.38750105528894,24.31999957677132],[104.32500114279593,24.319999611999116],[104.2625012853988,24.31999957993496],[104.2000013857669,24.319999609983885],[104.13750152472561,24.31999954830366],[104.07500169504861,24.319999604150762],[104.01250180165823,24.31999955121373],[103.95000192741529,24.319999589943613],[103.95000192741529,23.820000565340955]]]}"
0000000000000000054b,152,559,110436.0,14948.838998211091,9813.24,5646.0,8356401.0,"{""type"":""Polygon"",""coordinates"":[[[104.450000943384,23.820000544837335],[104.512500817009,23.820000603049433],[104.57500068678307,23.820000526793812],[104.6375005640113,23.820000549450185],[104.70000037169314,23.82000055797892],[104.76250030042463,23.820000590615734],[104.825000185528,23.820000542566618],[104.88750004089037,23.820000557502084],[104.94999988105903,23.820000601559897],[104.94999988105903,24.31999957560824],[104.88750004089037,24.319999563704503],[104.825000185528,24.319999555708574],[104.76250030042463,24.319999585930795],[104.70000037169314,24.31999959988387],[104.6375005640113,24.319999613918494],[104.57500068678307,24.319999590598467],[104.512500817009,24.3199995545605],[104.450000943384,24.31999953897204],[104.450000943384,23.820000544837335]]]}"
0000000000000000054c,153,905,366808.0,17207.52596685083,9325.611650485436,4107.0,1.5572811E7,"{""type"":""Polygon"",""coordinates"":[[[104.94999988105903,23.820000601559897],[105.01249981039842,23.820000543251343],[105.07499966646854,23.820000543012895],[105.1374995548915,23.82000055743424],[105.19999940353478,23.820000560622596],[105.26249931936047,23.82000059709703],[105.3249991420986,23.82000056109695],[105.38749906929306,23.820000576031532],[105.44999894178211,23.82000053581179],[105.44999894178211,24.319999526036174],[105.38749906929306,24.319999551979215],[105.3249991420986,24.319999582234455],[105.26249931936047,24.31999954625074],[105.19999940353478,24.3199995867412],[105.1374995548915,24.31999954436786],[105.07499966646854,24.31999955215539],[105.01249981039842,24.319999547899886],[104.94999988105903,24.31999957560824],[104.94999988105903,23.820000601559897]]]}"
0000000000000000054d,154,960,127036.0,14309.733333333334,9819.918918918918,5528.0,1.3737344E7,"{""type"":""Polygon"",""coordinates"":[[[105.44999894178211,23.82000053581179],[105.51249877961354,23.820000581408436],[105.57499869290272,23.82000057901429],[105.63749852402003,23.82000059899536],[105.69999838424833,23.82000059549173],[105.76249829603358,23.820000531570113],[105.82499819282427,23.82000055606109],[105.88749800852842,23.820000552680263],[105.94999794643947,23.82000055329557],[105.94999794643948,24.31999961192452],[105.88749800852842,24.319999582578106],[105.82499819282427,24.31999961219661],[105.76249829603358,24.31999958160192],[105.69999838424833,24.319999607336317],[105.63749852402003,24.319999541085195],[105.57499869290272,24.31999959687817],[105.51249877961354,24.319999556348844],[105.44999894178211,24.319999526036174],[105.44999894178211,23.82000053581179]]]}"
0000000000000000054e,155,715,118015.0,14058.437762237761,8997.4375,5716.0,1.0051783E7,"{""type"":""Polygon"",""coordinates"":[[[105.94999794643947,23.82000055329557],[106.01249839000212,23.82000057009607],[106.07499873697631,23.82000054284786],[106.13749919243547,23.82000059064507],[106.19999960320455,23.820000605786127],[106.26250008579031,23.82000053988134],[106.32500048791435,23.82000054958989],[106.3875009271412,23.820000585940655],[106.45000134194315,23.820000619147145],[106.45000134194315,24.319999619883287],[106.3875009271412,24.319999577141658],[106.32500048791435,24.319999582215434],[106.26250008579031,24.319999577225932],[106.19999960320456,24.31999961181264],[106.13749919243547,24.319999617826344],[106.07499873697631,24.31999955622843],[106.01249839000212,24.31999953484114],[105.94999794643948,24.31999961192452],[105.94999794643947,23.82000055329557]]]}"
0000000000000000054f,156,130,345455.0,16260.523076923077,11364.55,5674.0,2113868.0,"{""type"":""Polygon"",""coordinates"":[[[106.45000134194315,23.820000619147145],[106.51250122173896,23.82000058047214],[106.57500113489608,23.820000547587185],[106.63750102130584,23.820000578189962],[106.70000091124314,23.820000543767097],[106.76250074549382,23.820000589687883],[106.82500064529452,23.820000576972642],[106.88750046233555,23.820000572542348],[106.95000040889545,23.820000602745132],[106.95000040889545,24.319999606993896],[106.88750046233555,24.319999618703335],[106.82500064529452,24.31999953546809],[106.76250074549382,24.31999959561249],[106.70000091124314,24.319999556745966],[106.63750102130584,24.319999558457724],[106.57500113489608,24.319999543914935],[106.51250122173896,24.319999554126635],[106.45000134194315,24.319999619883287],[106.45000134194315,23.820000619147145]]]}"
00000000000000000550,157,904,320188.0,18174.689159292036,11388.478723404256,2505.0,1.6429919E7,"{""type"":""Polygon"",""coordinates"":[[[106.95000040889545,23.820000602745132],[107.01250024745117,23.820000568308583],[107.07500010115805,23.820000593114298],[107.13750000360177,23.8200005470465],[107.19999989867381,23.820000573729548],[107.26249973064182,23.820000552983736],[107.32499962457192,23.820000607305307],[107.38749952560921,23.820000528245544],[107.44999937926345,23.820000546350645],[107.44999937926345,24.319999592731357],[107.38749952560921,24.319999528369397],[107.32499962457192,24.319999603064208],[107.2624997306418,24.31999958698514],[107.19999989867381,24.319999601091872],[107.13750000360177,24.319999611584365],[107.07500010115805,24.31999956336198],[107.01250024745117,24.319999576841127],[106.95000040889545,24.319999606993896],[106.95000040889545,23.820000602745132]]]}"
00000000000000000551,158,1074,236723.0,17353.443202979517,10630.20588235294,4500.0,1.8637598E7,"{""type"":""Polygon"",""coordinates"":[[[107.44999937926345,23.820000546350645],[107.51249922168424,23.82000061800354],[107.57499908946542,23.820000611579953],[107.63749901963907,23.82000057071418],[107.69999886898934,23.820000559991637],[107.76249876564697,23.820000611900014],[107.82499865748639,23.820000604567053],[107.88749849272108,23.820000591374196],[107.94999840073855,23.820000603872185],[107.94999840073855,24.31999952959373],[107.88749849272108,24.319999595001637],[107.82499865748639,24.319999548003665],[107.76249876564697,24.319999533011938],[107.69999886898934,24.31999958482434],[107.63749901963907,24.31999956286574],[107.57499908946542,24.31999961072994],[107.51249922168425,24.319999576543296],[107.44999937926345,24.319999592731357],[107.44999937926345,23.820000546350645]]]}"
00000000000000000552,159,721,479338.0,23690.686546463246,13318.45,4473.0,1.7080985E7,"{""type"":""Polygon"",""coordinates"":[[[107.94999840073855,23.820000603872185],[108.01249878272381,23.820000552901192],[108.07499922645421,23.82000053408221],[108.13749968162853,23.820000599728605],[108.20000009826589,23.820000539396858],[108.26250051721281,23.820000569184828],[108.32500097969988,23.820000554739998],[108.387501436792,23.82000054755693],[108.45000183986016,23.820000598937447],[108.45000183986016,24.31999954614463],[108.387501436792,24.319999560562035],[108.32500097969988,24.319999578508465],[108.26250051721281,24.31999954920018],[108.20000009826589,24.31999959654021],[108.13749968162853,24.319999593151863],[108.07499922645421,24.319999586173502],[108.01249878272381,24.319999611431584],[107.94999840073855,24.31999952959373],[107.94999840073855,23.820000603872185]]]}"
00000000000000000553,160,596,378067.0,22630.273489932886,11374.290322580646,4212.0,1.3487643E7,"{""type"":""Polygon"",""coordinates"":[[[108.45000183986016,23.820000598937447],[108.51250168769621,23.820000553785693],[108.57500156618424,23.82000055989803],[108.63750142769644,23.82000058044117],[108.70000131551998,23.820000567143992],[108.76250118265287,23.82000057015456],[108.8250010730305,23.820000540709657],[108.88750094026051,23.820000615776674],[108.95000082890888,23.820000571529153],[108.95000082890888,24.31999956448824],[108.88750094026051,24.31999961234657],[108.8250010730305,24.31999956818039],[108.76250118265287,24.319999569119723],[108.70000131552,24.31999956607226],[108.63750142769644,24.31999960849865],[108.57500156618424,24.319999559542335],[108.51250168769621,24.319999555426474],[108.45000183986016,24.31999954614463],[108.45000183986016,23.820000598937447]]]}"
00000000000000000554,161,0,,,,,0.0,"{""type"":""Polygon"",""coordinates"":[[[108.95000082890888,23.820000571529153],[109.01250069317662,23.82000054450152],[109.07500057824282,23.820000572143826],[109.13750043888552,23.820000615986146],[109.20000032087941,23.82000053862016],[109.26250017956323,23.820000562702468],[109.32500006128967,23.820000550301582],[109.38749992194201,23.820000549274805],[109.44999980843326,23.82000059543165],[109.44999980843326,24.31999959028165],[109.38749992194201,24.319999614671556],[109.32500006128967,24.319999534126804],[109.26250017956323,24.319999574663797],[109.20000032087941,24.31999960203934],[109.13750043888552,24.31999958062692],[109.07500057824282,24.31999954977545],[109.01250069317662,24.319999560452228],[108.95000082890888,24.31999956448824],[108.95000082890888,23.820000571529153]]]}"
00000000000000000555,162,95,219538.0,24562.55789473684,12045.285714285714,5717.0,2333443.0,"{""type"":""Polygon"",""coordinates"":[[[109.44999980843326,23.82000059543165],[109.51249967717493,23.820000562016634],[109.57499957562284,23.820000571374567],[109.63749946070045,23.820000583369627],[109.69999938038876,23.820000545741014],[109.76249920127421,23.82000060394717],[109.82499906265929,23.820000606258084],[109.88749892244346,23.82000059866222],[109.94999882960634,23.820000614754896],[109.94999882960634,24.31999958400837],[109.88749892244346,24.31999957344365],[109.82499906265929,24.319999603059042],[109.76249920127421,24.319999553227486],[109.69999938038876,24.31999955230172],[109.63749946070045,24.319999579116747],[109.57499957562284,24.31999957560072],[109.51249967717494,24.319999594754766],[109.44999980843326,24.31999959028165],[109.44999980843326,23.82000059543165]]]}"
00000000000000000556,163,1354,910346.0,23980.58788774003,10189.179389312978,5716.0,3.2469716E7,"{""type"":""Polygon"",""coordinates"":[[[109.94999882960634,23.820000614754896],[110.01249874251052,23.820000526288727],[110.07499861973156,23.8200005522872],[110.13749851093975,23.820000551868713],[110.19999837515131,23.820000569866785],[110.26249826248451,23.82000055175874],[110.32499813237996,23.820000541902353],[110.38749794447425,23.820000584443743],[110.44999784043416,23.82000061159222],[110.44999784043416,24.31999953224095],[110.38749794447425,24.31999957592272],[110.32499813237996,24.319999528491362],[110.26249826248451,24.31999954530511],[110.19999837515131,24.31999958287247],[110.13749851093976,24.31999959748909],[110.07499861973156,24.319999557702175],[110.01249874251052,24.319999592787546],[109.94999882960634,24.31999958400837],[109.94999882960634,23.820000614754896]]]}"
00000000000000000557,164,1196,1238394.0,22909.727424749162,11708.364611260055,4716.0,2.7400034E7,"{""type"":""Polygon"",""coordinates"":[[[110.44999784043416,23.82000061159222],[110.5124982349368,23.82000060404643],[110.57499872458666,23.820000568315486],[110.63749917888184,23.820000560113655],[110.69999955841789,23.820000535842716],[110.76250000585576,23.820000599408477],[110.82500048216698,23.820000533534166],[110.88750085753803,23.82000056633865],[110.95000127517434,23.820000541208962],[110.95000127517433,24.31999954472661],[110.88750085753803,24.319999579012748],[110.82500048216698,24.31999956065001],[110.76250000585576,24.319999560704794],[110.69999955841789,24.319999611093774],[110.63749917888184,24.31999958360307],[110.57499872458666,24.31999954841241],[110.5124982349368,24.319999549707603],[110.44999784043416,24.31999953224095],[110.44999784043416,23.82000061159222]]]}"
00000000000000000558,165,1459,1544479.0,18829.961617546265,11835.537974683544,5716.0,2.7472914E7,"{""type"":""Polygon"",""coordinates"":[[[110.95000127517434,23.820000541208962],[111.012501150796,23.820000577339727],[111.07500108272143,23.820000539944907],[111.13750094178911,23.820000569671397],[111.2000007809136,23.820000608206726],[111.26250065316742,23.820000596953737],[111.3250005208042,23.820000576468527],[111.38750043719087,23.82000057392536],[111.45000027388987,23.820000556257177],[111.45000027388987,24.31999960064806],[111.38750043719087,24.319999609879154],[111.3250005208042,24.319999603622588],[111.26250065316742,24.319999615353662],[111.2000007809136,24.3199996187949],[111.13750094178911,24.319999574078363],[111.07500108272143,24.319999540615616],[111.012501150796,24.319999577529238],[110.95000127517433,24.31999954472661],[110.95000127517434,23.820000541208962]]]}"
00000000000000000559,166,679,651691.0,20068.543446244475,10293.006896551724,5716.0,1.3626541E7,"{""type"":""Polygon"",""coordinates"":[[[111.45000027388987,23.820000556257177],[111.51250017551725,23.820000536945066],[111.57500001390144,23.820000568783687],[111.63749993392162,23.820000578331673],[111.69999980765746,23.820000531820483],[111.76249968925852,23.82000054096634],[111.82499954201671,23.820000558236703],[111.8874994203104,23.820000608560914],[111.94999928765343,23.82000055791608],[111.94999928765343,24.319999558104843],[111.8874994203104,24.319999546051097],[111.82499954201671,24.319999598529222],[111.76249968925852,24.319999592106004],[111.69999980765746,24.319999588774998],[111.63749993392162,24.319999550587063],[111.57500001390144,24.319999539008222],[111.51250017551725,24.319999588300842],[111.45000027388987,24.31999960064806],[111.45000027388987,23.820000556257177]]]}"
0000000000000000055a,167,685,1094243.0,20436.868613138686,11860.250996015937,5715.0,1.3999255E7,"{""type"":""Polygon"",""coordinates"":[[[111.94999928765343,23.82000055791608],[112.0124991986357,23.82000060278978],[112.07499902601046,23.820000536325594],[112.13749891553334,23.820000540783408],[112.19999883111501,23.82000056723859],[112.26249864580134,23.820000580408465],[112.3249985965618,23.820000575759344],[112.38749846565608,23.82000053137031],[112.44999830829926,23.820000555567162],[112.44999830829926,24.31999955230308],[112.38749846565608,24.31999954659661],[112.32499859656178,24.319999596602322],[112.26249864580134,24.319999595009783],[112.19999883111501,24.31999956395467],[112.13749891553334,24.319999595239555],[112.07499902601046,24.319999552804873],[112.0124991986357,24.319999572089465],[111.94999928765343,24.319999558104843],[111.94999928765343,23.82000055791608]]]}"
0000000000000000055b,168,661,452500.0,24789.824508320726,11383.366666666667,5716.0,1.6386074E7,"{""type"":""Polygon"",""coordinates"":[[[112.44999830829926,23.820000555567162],[112.51249872542826,23.820000586807],[112.57499913573395,23.82000057216364],[112.63749959462092,23.82000053315599],[112.70000006661674,23.820000590690324],[112.76250042539426,23.820000536633543],[112.82500090837965,23.82000053494037],[112.88750129843874,23.820000562576812],[112.95000174215942,23.820000539845864],[112.95000174215942,24.31999958801427],[112.88750129843872,24.31999959143285],[112.82500090837965,24.31999961063375],[112.76250042539426,24.319999555256807],[112.70000006661674,24.319999534127945],[112.63749959462092,24.319999556204596],[112.57499913573393,24.319999572949467],[112.51249872542826,24.319999549917117],[112.44999830829926,24.31999955230308],[112.44999830829926,23.820000555567162]]]}"
0000000000000000055c,169,11,9823.0,6321.727272727273,5727.0,5720.0,69539.0,"{""type"":""Polygon"",""coordinates"":[[[112.95000174215942,23.820000539845864],[113.01250165895985,23.820000586298207],[113.07500155915373,23.820000565039415],[113.13750140764363,23.820000595203673],[113.20000126025225,23.820000610188277],[113.2625011728133,23.820000543109007],[113.32500101945124,23.820000612092944],[113.3875008560576,23.820000578852447],[113.45000073852206,23.820000546610686],[113.45000073852206,24.31999956468567],[113.3875008560576,24.319999589578476],[113.32500101945124,24.319999589387276],[113.2625011728133,24.319999547349806],[113.20000126025225,24.31999953173822],[113.13750140764363,24.319999581390885],[113.07500155915373,24.319999593288774],[113.01250165895985,24.319999549419347],[112.95000174215942,24.31999958801427],[112.95000174215942,23.820000539845864]]]}"
0000000000000000055d,170,4,11454.0,7359.5,6134.0,5716.0,29438.0,"{""type"":""Polygon"",""coordinates"":[[[113.45000073852206,23.820000546610686],[113.51250063189647,23.820000547320674],[113.57500050125826,23.820000612709123],[113.63750040251857,23.820000588981067],[113.70000030076775,23.820000592732953],[113.76250016111256,23.82000056972417],[113.82500003945233,23.82000053601171],[113.88749990088554,23.820000607300493],[113.94999980127372,23.82000054341463],[113.94999980127372,24.319999607265917],[113.88749990088554,24.319999561216836],[113.82500003945233,24.319999602600156],[113.76250016111256,24.319999546758712],[113.70000030076775,24.319999534271307],[113.63750040251857,24.319999550166216],[113.57500050125826,24.31999956420049],[113.51250063189647,24.319999545903777],[113.45000073852206,24.31999956468567],[113.45000073852206,23.820000546610686]]]}"
0000000000000000055e,171,6,13899.0,9545.666666666666,9005.0,6555.0,57274.0,"{""type"":""Polygon"",""coordinates"":[[[113.94999980127372,23.82000054341463],[114.01249961494779,23.820000559663786],[114.07499948848324,23.820000570824476],[114.13749938691707,23.82000060634069],[114.19999927528013,23.82000061038536],[114.26249911859477,23.820000612036825],[114.32499906323218,23.820000524871883],[114.3874988927758,23.8200005776381],[114.44999875351041,23.820000598335877],[114.44999875351041,24.319999597340026],[114.3874988927758,24.319999590290006],[114.32499906323218,24.319999596260825],[114.26249911859477,24.319999618572602],[114.19999927528013,24.319999598784154],[114.13749938691707,24.319999539590693],[114.07499948848324,24.319999582757948],[114.01249961494779,24.31999961487211],[113.94999980127372,24.319999607265917],[113.94999980127372,23.82000054341463]]]}"
0000000000000000055f,172,140,356756.0,17246.057142857142,10378.646153846155,5717.0,2414448.0,"{""type"":""Polygon"",""coordinates"":[[[114.44999875351041,23.820000598335877],[114.51249861031246,23.820000614974756],[114.57499851865738,23.820000555159268],[114.63749835271804,23.820000546600305],[114.69999825847623,23.820000585837803],[114.76249811002621,23.82000054560682],[114.82499805317266,23.82000059137674],[114.8874978713726,23.820000611027496],[114.94999780081427,23.82000058435425],[114.94999780081427,24.319999546188207],[114.8874978713726,24.3199995979738],[114.82499805317266,24.31999955619482],[114.76249811002621,24.31999961200447],[114.69999825847623,24.31999953892103],[114.63749835271804,24.319999596555466],[114.57499851865738,24.319999573663335],[114.51249861031246,24.31999955971783],[114.44999875351041,24.319999597340026],[114.44999875351041,23.820000598335877]]]}"
00000000000000000560,173,248,154058.0,17015.608870967742,9820.6,5716.0,4219871.0,"{""type"":""Polygon"",""coordinates"":[[[114.94999780081427,23.82000058435425],[115.01249816795351,23.820000559481745],[115.0749986654598,23.820000608405685],[115.13749907662935,23.82000053392037],[115.19999954668145,23.82000058377521],[115.26249994931185,23.820000544892547],[115.32500033907466,23.820000595402604],[115.38750077038793,23.820000574905368],[115.45000120714293,23.82000059207599],[115.45000120714293,24.319999569490836],[115.38750077038793,24.319999565266087],[115.32500033907466,24.319999544278154],[115.26249994931185,24.319999567666287],[115.19999954668145,24.319999543444833],[115.13749907662935,24.31999954816768],[115.0749986654598,24.319999541775683],[115.01249816795351,24.31999961628512],[114.94999780081427,24.319999546188207],[114.94999780081427,23.82000058435425]]]}"
00000000000000000561,174,45,49985.0,11384.266666666666,8176.0,5716.0,512292.0,"{""type"":""Polygon"",""coordinates"":[[[115.45000120714293,23.82000059207599],[115.51250107096507,23.82000059760761],[115.57500095838192,23.820000588674112],[115.63750083301515,23.820000588708297],[115.70000074871464,23.820000604860503],[115.76250057859622,23.82000059180081],[115.82500046656986,23.820000540101166],[115.887500375804,23.82000055636707],[115.95000026937656,23.82000057846659],[115.95000026937656,24.31999958663529],[115.887500375804,24.319999539356708],[115.82500046656986,24.31999960432095],[115.76250057859622,24.319999591940846],[115.70000074871464,24.319999564912752],[115.63750083301515,24.31999961836928],[115.57500095838192,24.319999545383595],[115.51250107096507,24.319999592818235],[115.45000120714293,24.319999569490836],[115.45000120714293,23.82000059207599]]]}"
00000000000000000562,175,339,123703.0,18771.097345132745,11456.615384615385,5716.0,6363402.0,"{""type"":""Polygon"",""coordinates"":[[[115.95000026937656,23.82000057846659],[116.01250011027291,23.820000544168952],[116.07499995156216,23.820000543103237],[116.13749984612735,23.820000580285136],[116.1999997565261,23.82000059266097],[116.26249964521116,23.820000601116565],[116.32499947452831,23.820000542310403],[116.38749938684246,23.820000571705005],[116.44999925409569,23.820000557845493],[116.44999925409569,24.31999960562103],[116.38749938684246,24.319999537050993],[116.32499947452831,24.319999607339096],[116.26249964521116,24.319999528818006],[116.1999997565261,24.31999956733229],[116.13749984612735,24.319999535173405],[116.07499995156216,24.31999958041863],[116.01250011027291,24.319999598882408],[115.95000026937656,24.31999958663529],[115.95000026937656,23.82000057846659]]]}"
00000000000000000563,176,876,469412.0,19144.06506849315,11391.435897435897,5528.0,1.6770201E7,"{""type"":""Polygon"",""coordinates"":[[[116.44999925409569,23.820000557845493],[116.51249912824201,23.820000588017855],[116.57499897102883,23.820000597873157],[116.63749883404937,23.820000590140996],[116.69999876867364,23.82000056716646],[116.76249864621,23.82000056441813],[116.82499851772049,23.82000058371757],[116.8874983441674,23.820000559622873],[116.94999826605553,23.82000056021525],[116.94999826605553,24.31999956170786],[116.8874983441674,24.319999570691603],[116.82499851772049,24.319999526210008],[116.76249864621,24.319999529056343],[116.69999876867364,24.319999561900147],[116.63749883404937,24.319999540344575],[116.57499897102883,24.319999597126234],[116.51249912824201,24.319999563510066],[116.44999925409569,24.31999960562103],[116.44999925409569,23.820000557845493]]]}"
00000000000000000564,177,720,215374.0,15559.516666666666,9816.76923076923,5716.0,1.1202852E7,"{""type"":""Polygon"",""coordinates"":[[[116.94999826605553,23.82000056021525],[117.01249869297735,23.82000060215191],[117.07499913599196,23.820000536028203],[117.1374995553392,23.820000546359477],[117.20000000084326,23.820000549486874],[117.26250043236597,23.820000562099242],[117.32500080961704,23.820000600667107],[117.38750127144553,23.820000563671424],[117.45000168746127,23.8200005676232],[117.45000168746127,24.319999562895696],[117.38750127144553,24.31999956157546],[117.32500080961704,24.319999598635444],[117.26250043236597,24.319999558315093],[117.20000000084326,24.31999954356624],[117.1374995553392,24.319999538872093],[117.07499913599196,24.31999952849686],[117.01249869297735,24.31999959725508],[116.94999826605553,24.31999956170786],[116.94999826605553,23.82000056021525]]]}"
00000000000000000565,178,49,89855.0,16909.367346938776,11436.0,5716.0,828559.0,"{""type"":""Polygon"",""coordinates"":[[[117.45000168746127,23.8200005676232],[117.51250156887173,23.820000547644547],[117.57500141246646,23.820000583044127],[117.6375013560503,23.820000571001984],[117.70000117902012,23.82000056102273],[117.76250110819338,23.820000598966384],[117.82500092265155,23.82000056740664],[117.88750084859045,23.820000594631626],[117.9500006647658,23.820000562959994],[117.9500006647658,24.319999574253508],[117.88750084859045,24.319999583974543],[117.82500092265155,24.31999960692592],[117.76250110819338,24.319999594801693],[117.70000117902012,24.31999958757875],[117.6375013560503,24.319999536561706],[117.57500141246646,24.319999564220616],[117.51250156887173,24.31999953824373],[117.45000168746127,24.319999562895696],[117.45000168746127,23.8200005676232]]]}"
00000000000000000566,179,68,65474.0,13554.25,9004.0,5729.0,921689.0,"{""type"":""Polygon"",""coordinates"":[[[120.45000012210245,23.820000587257006],[120.51250003971631,23.8200005852686],[120.57499995013146,23.82000058767808],[120.63749979827895,23.8200005967499],[120.69999970425633,23.8200005760703],[120.76249952447415,23.82000054658029],[120.82499937814268,23.820000552750717],[120.88749929623037,23.820000576281817],[120.94999913413275,23.820000555876735],[120.94999913413275,24.319999598738473],[120.88749929623037,24.319999548456952],[120.82499937814268,24.319999548520364],[120.76249952447415,24.319999579601113],[120.69999970425633,24.31999957988945],[120.63749979827895,24.319999588180703],[120.57499995013146,24.319999584361547],[120.51250003971631,24.319999606580375],[120.45000012210248,24.3199995720073],[120.45000012210245,23.820000587257006]]]}"
00000000000000000567,180,155,125868.0,13647.374193548387,8990.0,5716.0,2115343.0,"{""type"":""Polygon"",""coordinates"":[[[120.94999913413275,23.820000555876735],[121.01249900963809,23.82000061629705],[121.07499895241493,23.820000575476662],[121.13749881682102,23.820000534358805],[121.19999863182602,23.82000055460921],[121.26249851323058,23.82000059655743],[121.32499840160763,23.820000578068978],[121.38749832444573,23.820000559700844],[121.44999813437167,23.820000559775067],[121.44999813437167,24.319999562541177],[121.38749832444573,24.319999602268815],[121.32499840160763,24.319999581473045],[121.26249851323058,24.319999563765357],[121.19999863182602,24.319999571342965],[121.13749881682102,24.319999606251255],[121.07499895241493,24.31999954726262],[121.01249900963806,24.31999957807463],[120.94999913413275,24.319999598738473],[120.94999913413275,23.820000555876735]]]}"
0000000000000000056a,183,0,,,,,0.0,"{""type"":""Polygon"",""coordinates"":[[[98.44999956043617,24.319999552541873],[98.51249943413173,24.31999954098479],[98.57499928708933,24.319999594995878],[98.63749911711376,24.319999607003684],[98.69999900747618,24.319999554380196],[98.76249887512004,24.31999960370094],[98.82499880641362,24.319999551927985],[98.88749863693162,24.319999570170527],[98.94999854015231,24.3199995399411],[98.94999854015231,24.819998553241522],[98.88749863693162,24.819998563638908],[98.82499880641363,24.819998536888],[98.76249887512004,24.81999859176224],[98.69999900747618,24.819998557480265],[98.63749911711376,24.819998547336496],[98.57499928708933,24.819998574809773],[98.51249943413173,24.819998573016843],[98.44999956043617,24.819998559784963],[98.44999956043617,24.319999552541873]]]}"
0000000000000000056b,184,0,,,,,0.0,"{""type"":""Polygon"",""coordinates"":[[[98.94999854015231,24.3199995399411],[99.01249894448146,24.319999596847655],[99.07499935293878,24.319999571540983],[99.13749985949617,24.319999529373206],[99.2000002217807,24.319999555805683],[99.26250070551194,24.31999961559423],[99.32500115540873,24.31999960903196],[99.38750158649148,24.319999605650526],[99.45000201518567,24.31999958488615],[99.45000201518567,24.819998588896162],[99.38750158649148,24.819998599330333],[99.32500115540873,24.819998601525622],[99.26250070551194,24.81999861632135],[99.2000002217807,24.819998574571994],[99.13749985949617,24.819998575983956],[99.07499935293878,24.819998566543187],[99.01249894448146,24.819998550669055],[98.94999854015231,24.819998553241522],[98.94999854015231,24.3199995399411]]]}"
0000000000000000056c,185,0,,,,,0.0,"{""type"":""Polygon"",""coordinates"":[[[99.45000201518567,24.31999958488615],[99.5125018654743,24.31999956327071],[99.57500174951721,24.319999572734183],[99.63750160295518,24.319999597340303],[99.70000144757573,24.319999615601688],[99.76250139162286,24.319999600278447],[99.82500120435228,24.319999545846358],[99.88750108168576,24.3199995985689],[99.95000096556808,24.319999562034614],[99.95000096556808,24.81999858842953],[99.88750108168576,24.81999855148858],[99.82500120435228,24.819998611411865],[99.76250139162286,24.819998606147728],[99.70000144757573,24.819998569339614],[99.63750160295518,24.819998596211637],[99.57500174951721,24.81999853508069],[99.5125018654743,24.819998587043898],[99.45000201518567,24.819998588896162],[99.45000201518567,24.31999958488615]]]}"
0000000000000000056d,186,0,,,,,0.0,"{""type"":""Polygon"",""coordinates"":[[[99.95000096556808,24.319999562034614],[100.01250088437155,24.319999592952836],[100.07500069700846,24.319999590000478],[100.13750060505761,24.319999608357914],[100.20000046983237,24.31999954633914],[100.26250032462946,24.319999559662886],[100.32500020405068,24.319999534765387],[100.38750014399517,24.31999953709407],[100.45000001014012,24.31999955402387],[100.45000001014012,24.81999856965554],[100.38750014399517,24.819998615047215],[100.32500020405068,24.819998589935945],[100.26250032462947,24.819998596590878],[100.20000046983237,24.819998570002276],[100.13750060505761,24.819998534382982],[100.07500069700846,24.81999860323302],[100.01250088437155,24.819998609590268],[99.95000096556808,24.81999858842953],[99.95000096556808,24.319999562034614]]]}"
0000000000000000056e,187,4,14679.0,7951.0,5708.5,5708.0,31804.0,"{""type"":""Polygon"",""coordinates"":[[[100.45000001014012,24.31999955402387],[100.5124998406031,24.31999956101376],[100.57499976065216,24.319999527217544],[100.63749963926456,24.319999529077233],[100.69999951819264,24.319999541261527],[100.76249935439841,24.319999544281806],[100.8249992780695,24.31999959568734],[100.88749907622298,24.319999598355196],[100.94999896751168,24.319999603109245],[100.94999896751168,24.81999859596475],[100.88749907622298,24.819998540976435],[100.8249992780695,24.819998579109065],[100.76249935439841,24.819998570801097],[100.69999951819264,24.819998613131535],[100.63749963926456,24.819998559646425],[100.57499976065216,24.81999860898649],[100.5124998406031,24.81999860789519],[100.45000001014012,24.81999856965554],[100.45000001014012,24.31999955402387]]]}"
0000000000000000056f,188,524,1135360.0,24062.709923664122,11700.621794871795,4561.0,1.260886E7,"{""type"":""Polygon"",""coordinates"":[[[100.94999896751168,24.319999603109245],[101.01249882717767,24.319999595803193],[101.07499870389056,24.31999954962755],[101.13749864753342,24.31999952692812],[101.19999844987971,24.319999608955445],[101.26249833570857,24.319999576455753],[101.32499827178705,24.319999586846873],[101.38749813924753,24.319999535605056],[101.44999799327965,24.319999573280413],[101.44999799327965,24.81999854364925],[101.38749813924753,24.819998543292595],[101.32499827178705,24.81999854148454],[101.26249833570857,24.81999856688409],[101.19999844987971,24.819998545448374],[101.13749864753342,24.81999858827284],[101.07499870389056,24.81999855757393],[101.01249882717767,24.819998550963827],[100.94999896751168,24.81999859596475],[100.94999896751168,24.319999603109245]]]}"
00000000000000000570,189,792,300352.0,19932.140151515152,11367.220588235294,4553.0,1.5786255E7,"{""type"":""Polygon"",""coordinates"":[[[101.44999799327965,24.319999573280413],[101.51249841049612,24.319999542084005],[101.57499884204753,24.319999548402933],[101.63749925963809,24.319999569781206],[101.6999997227788,24.3199995768501],[101.7625001182872,24.319999553497585],[101.8250005946132,24.319999552419702],[101.88750104047836,24.319999557088277],[101.95000143238939,24.31999954405556],[101.95000143238939,24.81999857915693],[101.88750104047836,24.819998561493257],[101.8250005946132,24.819998611572995],[101.7625001182872,24.81999857476546],[101.6999997227788,24.81999855697869],[101.63749925963809,24.81999859537171],[101.57499884204753,24.8199986170366],[101.51249841049612,24.81999856246736],[101.44999799327965,24.81999854364925],[101.44999799327965,24.319999573280413]]]}"
00000000000000000571,190,765,501045.0,18422.487581699348,11356.8202247191,2704.0,1.4093203E7,"{""type"":""Polygon"",""coordinates"":[[[101.95000143238939,24.31999954405556],[102.01250131215058,24.319999613754845],[102.07500118037699,24.319999611731163],[102.13750110367965,24.319999596093815],[102.2000009752185,24.319999549494586],[102.26250086349057,24.319999529534066],[102.32500066333235,24.31999960773725],[102.38750053252556,24.319999566411582],[102.45000045517783,24.31999955860676],[102.45000045517783,24.819998573153367],[102.38750053252556,24.819998593624316],[102.32500066333235,24.8199985516156],[102.26250086349057,24.819998561864356],[102.20000097521849,24.819998575141902],[102.13750110367965,24.81999860932417],[102.07500118037697,24.819998607345074],[102.01250131215058,24.819998586760025],[101.95000143238939,24.81999857915693],[101.95000143238939,24.31999954405556]]]}"
00000000000000000572,191,132,267328.0,21106.795454545456,11201.0,5693.0,2786097.0,"{""type"":""Polygon"",""coordinates"":[[[102.45000045517783,24.31999955860676],[102.51250032874732,24.319999566066844],[102.57500022649201,24.319999555856448],[102.63750004749501,24.31999959854555],[102.69999995447873,24.319999564182922],[102.76249984827193,24.31999961197165],[102.82499971810891,24.319999537199546],[102.88749955406026,24.31999958034539],[102.94999943487058,24.319999617781498],[102.94999943487058,24.819998596084147],[102.88749955406026,24.819998550721486],[102.82499971810891,24.81999857861984],[102.76249984827193,24.819998536886736],[102.69999995447873,24.819998541577913],[102.63750004749501,24.819998619612008],[102.57500022649201,24.819998612233487],[102.51250032874732,24.81999856080877],[102.45000045517783,24.819998573153367],[102.45000045517783,24.31999955860676]]]}"
00000000000000000573,192,0,,,,,0.0,"{""type"":""Polygon"",""coordinates"":[[[102.94999943487058,24.319999617781498],[103.01249935240315,24.31999953320302],[103.07499921140636,24.319999573852137],[103.13749909321939,24.31999961538455],[103.19999899214639,24.319999540900668],[103.26249881522786,24.319999596976942],[103.3249987344573,24.31999956176819],[103.38749857035549,24.31999960020718],[103.44999840847325,24.319999586759035],[103.44999840847325,24.819998578815653],[103.38749857035549,24.819998589306454],[103.3249987344573,24.81999853479019],[103.26249881522786,24.819998541181093],[103.19999899214639,24.819998532757236],[103.13749909321939,24.819998554037245],[103.07499921140635,24.81999853675726],[103.01249935240315,24.819998598114356],[102.94999943487058,24.819998596084147],[102.94999943487058,24.319999617781498]]]}"
00000000000000000574,193,34,64451.0,11996.70588235294,7745.5,5706.0,407888.0,"{""type"":""Polygon"",""coordinates"":[[[103.44999840847325,24.319999586759035],[103.51249886474936,24.31999961450358],[103.57499932114563,24.31999953150662],[103.6374997774681,24.31999957492572],[103.70000014592347,24.319999545390427],[103.76250060453198,24.31999957453601],[103.8250010670569,24.319999551397967],[103.88750144784625,24.31999954261269],[103.95000192741529,24.319999589943613],[103.95000192741529,24.819998605904942],[103.88750144784625,24.819998588527216],[103.8250010670569,24.819998610481143],[103.76250060453198,24.819998542039023],[103.70000014592347,24.81999858308279],[103.6374997774681,24.819998578588553],[103.57499932114563,24.819998575247887],[103.51249886474936,24.81999859495898],[103.44999840847325,24.819998578815653],[103.44999840847325,24.319999586759035]]]}"
00000000000000000575,194,254,86495.0,13305.173228346457,8969.842105263158,5698.0,3379514.0,"{""type"":""Polygon"",""coordinates"":[[[103.95000192741529,24.319999589943613],[104.01250180165823,24.31999955121373],[104.07500169504861,24.319999604150762],[104.13750152472561,24.31999954830366],[104.2000013857669,24.319999609983885],[104.2625012853988,24.31999957993496],[104.32500114279593,24.319999611999116],[104.38750105528894,24.31999957677132],[104.450000943384,24.31999953897204],[104.450000943384,24.819998560773747],[104.38750105528894,24.819998598589653],[104.32500114279593,24.81999861378043],[104.2625012853988,24.81999854201985],[104.2000013857669,24.81999860174287],[104.13750152472561,24.819998551043586],[104.07500169504861,24.819998599369868],[104.01250180165823,24.819998609913245],[103.95000192741529,24.819998605904942],[103.95000192741529,24.319999589943613]]]}"
00000000000000000576,195,381,193485.0,15504.133858267716,9784.23076923077,5694.0,5907075.0,"{""type"":""Polygon"",""coordinates"":[[[104.450000943384,24.31999953897204],[104.512500817009,24.3199995545605],[104.57500068678307,24.319999590598467],[104.6375005640113,24.319999613918494],[104.70000037169314,24.31999959988387],[104.76250030042463,24.319999585930795],[104.825000185528,24.319999555708574],[104.88750004089037,24.319999563704503],[104.94999988105903,24.31999957560824],[104.94999988105903,24.81999861567144],[104.88750004089037,24.819998603974458],[104.825000185528,24.81999857244501],[104.76250030042463,24.81999855583145],[104.70000037169314,24.81999858864403],[104.6375005640113,24.81999859898026],[104.57500068678307,24.819998550207803],[104.512500817009,24.81999855576618],[104.450000943384,24.819998560773747],[104.450000943384,24.31999953897204]]]}"
00000000000000000577,196,765,168975.0,13671.00522875817,8965.775510204081,3285.0,1.0458319E7,"{""type"":""Polygon"",""coordinates"":[[[104.94999988105903,24.31999957560824],[105.01249981039842,24.319999547899886],[105.07499966646854,24.31999955215539],[105.1374995548915,24.31999954436786],[105.19999940353478,24.3199995867412],[105.26249931936047,24.31999954625074],[105.3249991420986,24.319999582234455],[105.38749906929306,24.319999551979215],[105.44999894178211,24.319999526036174],[105.44999894178211,24.819998535644725],[105.38749906929306,24.819998592222074],[105.3249991420986,24.81999853737061],[105.26249931936047,24.819998565646735],[105.19999940353478,24.81999855557535],[105.1374995548915,24.81999861313988],[105.07499966646854,24.81999860691908],[105.01249981039842,24.81999856343833],[104.94999988105903,24.81999861567144],[104.94999988105903,24.31999957560824]]]}"
00000000000000000578,197,956,105086.0,12820.665271966527,8968.666666666666,4048.0,1.2256556E7,"{""type"":""Polygon"",""coordinates"":[[[105.44999894178211,24.319999526036174],[105.51249877961354,24.319999556348844],[105.57499869290272,24.31999959687817],[105.63749852402003,24.319999541085195],[105.69999838424833,24.319999607336317],[105.76249829603358,24.31999958160192],[105.82499819282427,24.31999961219661],[105.88749800852842,24.319999582578106],[105.94999794643948,24.31999961192452],[105.94999794643947,24.81999855997962],[105.88749800852842,24.819998535071875],[105.82499819282427,24.81999853732816],[105.76249829603358,24.819998536698],[105.69999838424833,24.81999856185106],[105.63749852402003,24.81999855319854],[105.57499869290272,24.819998548695523],[105.51249877961354,24.81999859550271],[105.44999894178211,24.819998535644725],[105.44999894178211,24.319999526036174]]]}"
00000000000000000579,198,1052,785979.0,14296.431558935361,10282.103305785124,5693.0,1.5039846E7,"{""type"":""Polygon"",""coordinates"":[[[105.94999794643948,24.31999961192452],[106.01249839000212,24.31999953484114],[106.07499873697631,24.31999955622843],[106.13749919243547,24.319999617826344],[106.19999960320456,24.31999961181264],[106.26250008579031,24.319999577225932],[106.32500048791435,24.319999582215434],[106.3875009271412,24.319999577141658],[106.45000134194315,24.319999619883287],[106.45000134194315,24.819998562803345],[106.3875009271412,24.819998619723165],[106.32500048791435,24.819998600903673],[106.26250008579031,24.81999853685393],[106.19999960320456,24.819998565872574],[106.13749919243547,24.819998620177408],[106.07499873697631,24.819998573496783],[106.01249839000212,24.81999853374839],[105.94999794643947,24.81999855997962],[105.94999794643948,24.31999961192452]]]}"
0000000000000000057a,199,933,172632.0,14583.659163987139,8962.166666666666,5693.0,1.3606554E7,"{""type"":""Polygon"",""coordinates"":[[[106.45000134194315,24.319999619883287],[106.51250122173896,24.319999554126635],[106.57500113489608,24.319999543914935],[106.63750102130584,24.319999558457724],[106.70000091124314,24.319999556745966],[106.76250074549382,24.31999959561249],[106.82500064529452,24.31999953546809],[106.88750046233555,24.319999618703335],[106.95000040889545,24.319999606993896],[106.95000040889545,24.819998613327705],[106.88750046233555,24.819998588282647],[106.82500064529452,24.819998603902064],[106.76250074549382,24.81999854796477],[106.70000091124314,24.819998529870244],[106.63750102130584,24.81999860203816],[106.57500113489608,24.819998532395317],[106.51250122173896,24.81999853822114],[106.45000134194315,24.819998562803345],[106.45000134194315,24.319999619883287]]]}"
0000000000000000057b,200,1266,242212.0,18000.226698262242,11759.029702970298,4908.0,2.2788287E7,"{""type"":""Polygon"",""coordinates"":[[[106.95000040889545,24.319999606993896],[107.01250024745117,24.319999576841127],[107.07500010115805,24.31999956336198],[107.13750000360177,24.319999611584365],[107.19999989867381,24.319999601091872],[107.2624997306418,24.31999958698514],[107.32499962457192,24.319999603064208],[107.38749952560921,24.319999528369397],[107.44999937926345,24.319999592731357],[107.44999937926345,24.819998534522597],[107.38749952560921,24.819998596271258],[107.32499962457192,24.819998577541774],[107.26249973064182,24.819998599720286],[107.19999989867381,24.81999860881644],[107.13750000360177,24.819998571840216],[107.07500010115805,24.819998609624932],[107.01250024745117,24.819998579760334],[106.95000040889545,24.819998613327705],[106.95000040889545,24.319999606993896]]]}"
0000000000000000057c,201,1023,834980.0,19352.465298142717,10467.721951219512,5694.0,1.9797572E7,"{""type"":""Polygon"",""coordinates"":[[[107.44999937926345,24.319999592731357],[107.51249922168425,24.319999576543296],[107.57499908946542,24.31999961072994],[107.63749901963907,24.31999956286574],[107.69999886898934,24.31999958482434],[107.76249876564697,24.319999533011938],[107.82499865748639,24.319999548003665],[107.88749849272108,24.319999595001637],[107.94999840073855,24.31999952959373],[107.94999840073855,24.819998604949188],[107.88749849272108,24.819998557955515],[107.8249986574864,24.819998612110208],[107.76249876564697,24.819998562696],[107.69999886898934,24.819998532364643],[107.63749901963907,24.81999855621873],[107.57499908946542,24.819998603498487],[107.51249922168424,24.819998610348538],[107.44999937926345,24.819998534522597],[107.44999937926345,24.319999592731357]]]}"
0000000000000000057d,202,531,325440.0,20924.568738229755,11371.816666666668,5694.0,1.1110946E7,"{""type"":""Polygon"",""coordinates"":[[[107.94999840073855,24.31999952959373],[108.01249878272381,24.319999611431584],[108.07499922645421,24.319999586173502],[108.13749968162853,24.319999593151863],[108.20000009826589,24.31999959654021],[108.26250051721281,24.31999954920018],[108.32500097969988,24.319999578508465],[108.387501436792,24.319999560562035],[108.45000183986016,24.31999954614463],[108.45000183986016,24.819998558868818],[108.387501436792,24.819998611223927],[108.32500097969988,24.819998613746534],[108.26250051721281,24.819998603496376],[108.20000009826589,24.819998617427416],[108.13749968162853,24.81999861631921],[108.07499922645421,24.819998560582796],[108.01249878272381,24.819998573866325],[107.94999840073855,24.819998604949188],[107.94999840073855,24.31999952959373]]]}"
0000000000000000057e,203,1331,556062.0,19438.952667167545,10474.919463087248,4156.0,2.5873246E7,"{""type"":""Polygon"",""coordinates"":[[[108.45000183986016,24.31999954614463],[108.51250168769621,24.319999555426474],[108.57500156618424,24.319999559542335],[108.63750142769644,24.31999960849865],[108.70000131552,24.31999956607226],[108.76250118265287,24.319999569119723],[108.8250010730305,24.31999956818039],[108.88750094026051,24.31999961234657],[108.95000082890888,24.31999956448824],[108.95000082890888,24.81999855267915],[108.88750094026051,24.819998563779297],[108.8250010730305,24.819998598798517],[108.76250118265287,24.819998621248715],[108.70000131552,24.819998582579093],[108.63750142769644,24.81999862004729],[108.57500156618424,24.819998597503062],[108.51250168769621,24.81999856451787],[108.45000183986016,24.819998558868818],[108.45000183986016,24.31999954614463]]]}"
0000000000000000057f,204,0,,,,,0.0,"{""type"":""Polygon"",""coordinates"":[[[108.95000082890888,24.31999956448824],[109.01250069317662,24.319999560452228],[109.07500057824282,24.31999954977545],[109.13750043888552,24.31999958062692],[109.20000032087941,24.31999960203934],[109.26250017956323,24.319999574663797],[109.32500006128967,24.319999534126804],[109.38749992194201,24.319999614671556],[109.44999980843326,24.31999959028165],[109.44999980843326,24.819998612568504],[109.38749992194201,24.819998567330675],[109.32500006128967,24.819998614641623],[109.26250017956323,24.819998546404573],[109.20000032087941,24.819998576799843],[109.13750043888552,24.819998584077066],[109.07500057824282,24.819998608108484],[109.01250069317662,24.819998613515676],[108.95000082890888,24.81999855267915],[108.95000082890888,24.31999956448824]]]}"
00000000000000000580,205,12,24486.0,9587.166666666666,7751.5,5704.0,115046.0,"{""type"":""Polygon"",""coordinates"":[[[109.44999980843326,24.31999959028165],[109.51249967717494,24.319999594754766],[109.57499957562284,24.31999957560072],[109.63749946070045,24.319999579116747],[109.69999938038876,24.31999955230172],[109.76249920127421,24.319999553227486],[109.82499906265929,24.319999603059042],[109.88749892244346,24.31999957344365],[109.94999882960634,24.31999958400837],[109.94999882960636,24.81999854306322],[109.88749892244346,24.819998558669177],[109.82499906265927,24.81999854581955],[109.76249920127421,24.819998559278197],[109.69999938038876,24.819998554340536],[109.63749946070045,24.819998597596232],[109.57499957562284,24.819998544592018],[109.51249967717493,24.819998622701583],[109.44999980843326,24.819998612568504],[109.44999980843326,24.31999959028165]]]}"
00000000000000000581,206,991,501788.0,24113.850655903127,11386.301886792453,5512.0,2.3896826E7,"{""type"":""Polygon"",""coordinates"":[[[109.94999882960634,24.31999958400837],[110.01249874251052,24.319999592787546],[110.07499861973156,24.319999557702175],[110.13749851093976,24.31999959748909],[110.19999837515131,24.31999958287247],[110.26249826248451,24.31999954530511],[110.32499813237996,24.319999528491362],[110.38749794447425,24.31999957592272],[110.44999784043416,24.31999953224095],[110.44999784043416,24.819998596966748],[110.38749794447425,24.81999854567711],[110.32499813237996,24.819998588944554],[110.26249826248451,24.819998536843727],[110.19999837515131,24.819998606184626],[110.13749851093975,24.819998580755804],[110.07499861973156,24.81999860316873],[110.01249874251052,24.81999854322556],[109.94999882960636,24.81999854306322],[109.94999882960634,24.31999958400837]]]}"
00000000000000000582,207,1140,633532.0,21201.006140350877,10362.75,5693.0,2.4169147E7,"{""type"":""Polygon"",""coordinates"":[[[110.44999784043416,24.31999953224095],[110.5124982349368,24.319999549707603],[110.57499872458666,24.31999954841241],[110.63749917888184,24.31999958360307],[110.69999955841789,24.319999611093774],[110.76250000585576,24.319999560704794],[110.82500048216698,24.31999956065001],[110.88750085753803,24.319999579012748],[110.95000127517433,24.31999954472661],[110.95000127517433,24.81999860725454],[110.88750085753803,24.8199985582403],[110.82500048216698,24.819998549854358],[110.76250000585576,24.819998567844742],[110.69999955841789,24.81999855811389],[110.63749917888184,24.819998565994023],[110.57499872458666,24.81999857626104],[110.5124982349368,24.81999854720204],[110.44999784043416,24.819998596966748],[110.44999784043416,24.31999953224095]]]}"
00000000000000000583,208,927,564271.0,24449.113268608413,10419.626943005182,4768.0,2.2664328E7,"{""type"":""Polygon"",""coordinates"":[[[110.95000127517433,24.31999954472661],[111.012501150796,24.319999577529238],[111.07500108272143,24.319999540615616],[111.13750094178911,24.319999574078363],[111.2000007809136,24.3199996187949],[111.26250065316742,24.319999615353662],[111.3250005208042,24.319999603622588],[111.38750043719087,24.319999609879154],[111.45000027388987,24.31999960064806],[111.45000027388987,24.81999855571593],[111.38750043719087,24.819998536719613],[111.3250005208042,24.819998589732922],[111.26250065316742,24.81999857636557],[111.2000007809136,24.819998557357376],[111.13750094178911,24.819998579755747],[111.07500108272143,24.81999853135107],[111.012501150796,24.81999855825454],[110.95000127517433,24.81999860725454],[110.95000127517433,24.31999954472661]]]}"
00000000000000000584,209,1166,384001.0,18021.402229845626,11338.107913669064,4642.0,2.1012955E7,"{""type"":""Polygon"",""coordinates"":[[[111.45000027388987,24.31999960064806],[111.51250017551725,24.319999588300842],[111.57500001390144,24.319999539008222],[111.63749993392162,24.319999550587063],[111.69999980765746,24.319999588774998],[111.76249968925852,24.319999592106004],[111.82499954201671,24.319999598529222],[111.8874994203104,24.319999546051097],[111.94999928765343,24.319999558104843],[111.94999928765343,24.81999860351849],[111.8874994203104,24.819998581195176],[111.82499954201671,24.819998618473544],[111.76249968925852,24.819998592728254],[111.69999980765746,24.81999856677751],[111.63749993392162,24.819998589396818],[111.57500001390144,24.819998550866046],[111.51250017551725,24.819998571841804],[111.45000027388987,24.81999855571593],[111.45000027388987,24.31999960064806]]]}"
00000000000000000585,210,753,608412.0,22165.891102257636,10387.098039215687,4237.0,1.6690916E7,"{""type"":""Polygon"",""coordinates"":[[[111.94999928765343,24.319999558104843],[112.0124991986357,24.319999572089465],[112.07499902601046,24.319999552804873],[112.13749891553334,24.319999595239555],[112.19999883111501,24.31999956395467],[112.26249864580134,24.319999595009783],[112.32499859656178,24.319999596602322],[112.38749846565608,24.31999954659661],[112.44999830829926,24.31999955230308],[112.44999830829926,24.81999858303275],[112.38749846565608,24.81999854813747],[112.3249985965618,24.81999855784278],[112.26249864580134,24.819998591624024],[112.19999883111501,24.81999858612817],[112.13749891553334,24.81999854862178],[112.07499902601046,24.81999860106317],[112.0124991986357,24.819998536154625],[111.94999928765343,24.81999860351849],[111.94999928765343,24.319999558104843]]]}"
00000000000000000586,211,770,555505.0,25101.62987012987,10292.164383561643,4350.0,1.9328255E7,"{""type"":""Polygon"",""coordinates"":[[[112.44999830829926,24.31999955230308],[112.51249872542826,24.319999549917117],[112.57499913573393,24.319999572949467],[112.63749959462092,24.319999556204596],[112.70000006661674,24.319999534127945],[112.76250042539426,24.319999555256807],[112.82500090837965,24.31999961063375],[112.88750129843872,24.31999959143285],[112.95000174215942,24.31999958801427],[112.95000174215942,24.819998601834993],[112.88750129843874,24.819998609556485],[112.82500090837965,24.819998615397147],[112.76250042539426,24.819998615804767],[112.70000006661674,24.819998548686186],[112.63749959462092,24.819998595487313],[112.57499913573395,24.819998622657256],[112.51249872542826,24.819998596487935],[112.44999830829926,24.81999858303275],[112.44999830829926,24.31999955230308]]]}"
00000000000000000587,212,27,47225.0,13516.962962962964,9789.0,5699.0,364958.0,"{""type"":""Polygon"",""coordinates"":[[[112.95000174215942,24.31999958801427],[113.01250165895985,24.319999549419347],[113.07500155915373,24.319999593288774],[113.13750140764363,24.319999581390885],[113.20000126025225,24.31999953173822],[113.2625011728133,24.319999547349806],[113.32500101945124,24.319999589387276],[113.3875008560576,24.319999589578476],[113.45000073852206,24.31999956468567],[113.45000073852206,24.819998596273525],[113.3875008560576,24.81999862277218],[113.32500101945124,24.819998600005842],[113.2625011728133,24.819998597508636],[113.20000126025225,24.819998599184544],[113.13750140764363,24.819998558944373],[113.07500155915373,24.819998545546113],[113.01250165895985,24.819998542033474],[112.95000174215942,24.819998601834993],[112.95000174215942,24.31999958801427]]]}"
00000000000000000588,213,3,8157.0,7603.333333333333,8141.0,6512.0,22810.0,"{""type"":""Polygon"",""coordinates"":[[[113.45000073852206,24.31999956468567],[113.51250063189647,24.319999545903777],[113.57500050125826,24.31999956420049],[113.63750040251857,24.319999550166216],[113.70000030076775,24.319999534271307],[113.76250016111256,24.319999546758712],[113.82500003945233,24.319999602600156],[113.88749990088554,24.319999561216836],[113.94999980127372,24.319999607265917],[113.94999980127372,24.81999859473696],[113.88749990088554,24.81999860308283],[113.82500003945233,24.819998582778872],[113.76250016111256,24.819998605524724],[113.70000030076775,24.819998557316662],[113.63750040251857,24.81999859438204],[113.57500050125826,24.81999860215881],[113.51250063189647,24.819998550943303],[113.45000073852206,24.819998596273525],[113.45000073852206,24.31999956468567]]]}"
00000000000000000589,214,6,28569.0,18357.333333333332,17143.0,9798.0,110144.0,"{""type"":""Polygon"",""coordinates"":[[[113.94999980127372,24.319999607265917],[114.01249961494779,24.31999961487211],[114.07499948848324,24.319999582757948],[114.13749938691707,24.319999539590693],[114.19999927528013,24.319999598784154],[114.26249911859477,24.319999618572602],[114.32499906323218,24.319999596260825],[114.3874988927758,24.319999590290006],[114.44999875351041,24.319999597340026],[114.44999875351041,24.819998550448187],[114.3874988927758,24.819998536008132],[114.32499906323218,24.819998581480714],[114.26249911859477,24.819998606672783],[114.19999927528013,24.819998553461204],[114.13749938691707,24.819998595620074],[114.07499948848324,24.819998620862997],[114.01249961494779,24.8199986015309],[113.94999980127372,24.81999859473696],[113.94999980127372,24.319999607265917]]]}"
0000000000000000058a,215,136,117121.0,16590.860294117647,10593.833333333334,5693.0,2256357.0,"{""type"":""Polygon"",""coordinates"":[[[114.44999875351041,24.319999597340026],[114.51249861031246,24.31999955971783],[114.57499851865738,24.319999573663335],[114.63749835271804,24.319999596555466],[114.69999825847623,24.31999953892103],[114.76249811002621,24.31999961200447],[114.82499805317266,24.31999955619482],[114.8874978713726,24.3199995979738],[114.94999780081427,24.319999546188207],[114.94999780081427,24.81999852960804],[114.8874978713726,24.81999857015888],[114.82499805317266,24.81999855651616],[114.76249811002621,24.81999859664566],[114.69999825847623,24.819998549212393],[114.63749835271804,24.819998590246865],[114.57499851865737,24.819998593948227],[114.51249861031246,24.819998566319203],[114.44999875351041,24.819998550448187],[114.44999875351041,24.319999597340026]]]}"
0000000000000000058b,216,231,322264.0,17266.484848484848,11308.088235294117,5693.0,3988558.0,"{""type"":""Polygon"",""coordinates"":[[[114.94999780081427,24.319999546188207],[115.01249816795351,24.31999961628512],[115.0749986654598,24.319999541775683],[115.13749907662935,24.31999954816768],[115.19999954668145,24.319999543444833],[115.26249994931185,24.319999567666287],[115.32500033907466,24.319999544278154],[115.38750077038793,24.319999565266087],[115.45000120714293,24.319999569490836],[115.45000120714293,24.819998590804104],[115.38750077038793,24.819998547693118],[115.32500033907466,24.819998604125615],[115.26249994931185,24.819998569008757],[115.19999954668145,24.819998604641068],[115.13749907662935,24.819998535400977],[115.0749986654598,24.81999857511801],[115.01249816795351,24.81999856368934],[114.94999780081427,24.81999852960804],[114.94999780081427,24.319999546188207]]]}"
0000000000000000058c,217,167,98455.0,15614.167664670658,10588.785714285714,5694.0,2607566.0,"{""type"":""Polygon"",""coordinates"":[[[115.45000120714293,24.319999569490836],[115.51250107096507,24.319999592818235],[115.57500095838192,24.319999545383595],[115.63750083301515,24.31999961836928],[115.70000074871464,24.319999564912752],[115.76250057859622,24.319999591940846],[115.82500046656986,24.31999960432095],[115.887500375804,24.319999539356708],[115.95000026937656,24.31999958663529],[115.95000026937656,24.819998534751285],[115.887500375804,24.81999856289984],[115.82500046656986,24.819998559249804],[115.76250057859622,24.819998587524903],[115.70000074871464,24.819998543013092],[115.63750083301515,24.81999860627805],[115.57500095838192,24.819998571229387],[115.51250107096507,24.81999860137245],[115.45000120714293,24.819998590804104],[115.45000120714293,24.319999569490836]]]}"
0000000000000000058d,218,90,66918.0,15245.077777777778,12221.166666666666,5694.0,1372057.0,"{""type"":""Polygon"",""coordinates"":[[[115.95000026937656,24.31999958663529],[116.01250011027291,24.319999598882408],[116.07499995156216,24.31999958041863],[116.13749984612735,24.319999535173405],[116.1999997565261,24.31999956733229],[116.26249964521116,24.319999528818006],[116.32499947452831,24.319999607339096],[116.38749938684246,24.319999537050993],[116.44999925409569,24.31999960562103],[116.44999925409569,24.81999853452039],[116.38749938684246,24.81999855154148],[116.32499947452831,24.819998555927356],[116.26249964521116,24.819998596297697],[116.1999997565261,24.819998604199654],[116.13749984612735,24.819998560731342],[116.07499995156216,24.81999861472809],[116.01250011027291,24.81999857900272],[115.95000026937656,24.819998534751285],[115.95000026937656,24.31999958663529]]]}"
0000000000000000058e,219,321,775564.0,25849.90031152648,10638.323076923078,5694.0,8297818.0,"{""type"":""Polygon"",""coordinates"":[[[116.44999925409569,24.31999960562103],[116.51249912824201,24.319999563510066],[116.57499897102883,24.319999597126234],[116.63749883404937,24.319999540344575],[116.69999876867364,24.319999561900147],[116.76249864621,24.319999529056343],[116.82499851772049,24.319999526210008],[116.8874983441674,24.319999570691603],[116.94999826605553,24.31999956170786],[116.94999826605553,24.81999860020768],[116.8874983441674,24.819998602530262],[116.82499851772049,24.819998559054326],[116.76249864621,24.81999857195511],[116.69999876867364,24.819998541179455],[116.63749883404937,24.819998550910725],[116.57499897102883,24.81999856703956],[116.51249912824201,24.819998589619384],[116.44999925409569,24.81999853452039],[116.44999925409569,24.31999960562103]]]}"
0000000000000000058f,220,1609,225119.0,16611.868241143566,9777.781609195403,5693.0,2.6728496E7,"{""type"":""Polygon"",""coordinates"":[[[116.94999826605553,24.31999956170786],[117.01249869297735,24.31999959725508],[117.07499913599196,24.31999952849686],[117.1374995553392,24.319999538872093],[117.20000000084326,24.31999954356624],[117.26250043236597,24.319999558315093],[117.32500080961704,24.319999598635444],[117.38750127144553,24.31999956157546],[117.45000168746127,24.319999562895696],[117.45000168746127,24.81999854998593],[117.38750127144553,24.81999860161983],[117.32500080961704,24.819998607879196],[117.26250043236597,24.819998537053564],[117.20000000084326,24.8199985769043],[117.1374995553392,24.81999854608577],[117.07499913599196,24.819998596660962],[117.01249869297735,24.81999856415923],[116.94999826605553,24.81999860020768],[116.94999826605553,24.31999956170786]]]}"
00000000000000000590,221,377,248423.0,16846.424403183024,10588.64705882353,5693.0,6351102.0,"{""type"":""Polygon"",""coordinates"":[[[117.45000168746127,24.319999562895696],[117.51250156887173,24.31999953824373],[117.57500141246646,24.319999564220616],[117.6375013560503,24.319999536561706],[117.70000117902012,24.31999958757875],[117.76250110819338,24.319999594801693],[117.82500092265155,24.31999960692592],[117.88750084859045,24.319999583974543],[117.9500006647658,24.319999574253508],[117.9500006647658,24.819998584857423],[117.88750084859045,24.819998605734646],[117.82500092265155,24.819998547871563],[117.76250110819338,24.819998529514095],[117.70000117902012,24.81999859251279],[117.6375013560503,24.81999860552162],[117.57500141246646,24.819998609486444],[117.51250156887173,24.819998555748317],[117.45000168746127,24.81999854998593],[117.45000168746127,24.319999562895696]]]}"
00000000000000000591,222,22,32555.0,12318.59090909091,7732.5,5694.0,271009.0,"{""type"":""Polygon"",""coordinates"":[[[117.9500006647658,24.319999574253508],[118.01250059673546,24.319999536989883],[118.07500042291933,24.319999603126202],[118.13750027893767,24.319999582932482],[118.20000021071498,24.31999955324112],[118.26250008541567,24.3199995434522],[118.32499994851155,24.31999954683398],[118.38749984514642,24.31999955628091],[118.44999973101154,24.319999582435933],[118.44999973101154,24.819998534213664],[118.38749984514642,24.819998550373608],[118.32499994851155,24.819998565132124],[118.26250008541567,24.81999856882472],[118.20000021071498,24.819998569808337],[118.13750027893767,24.819998576063302],[118.07500042291933,24.819998558891356],[118.01250059673546,24.819998608743212],[117.9500006647658,24.819998584857423],[117.9500006647658,24.319999574253508]]]}"
00000000000000000592,223,14,29391.0,11245.285714285714,8555.5,5706.0,157434.0,"{""type"":""Polygon"",""coordinates"":[[[120.45000012210248,24.3199995720073],[120.51250003971631,24.319999606580375],[120.57499995013146,24.319999584361547],[120.63749979827895,24.319999588180703],[120.69999970425633,24.31999957988945],[120.76249952447415,24.319999579601113],[120.82499937814268,24.319999548520364],[120.88749929623037,24.319999548456952],[120.94999913413275,24.319999598738473],[120.94999913413275,24.81999855268256],[120.88749929623037,24.819998599514253],[120.82499937814268,24.819998549183058],[120.76249952447415,24.81999854584821],[120.69999970425633,24.81999852919932],[120.63749979827895,24.819998539753687],[120.57499995013146,24.819998558226743],[120.51250003971631,24.81999854290064],[120.45000012210248,24.819998575273637],[120.45000012210248,24.3199995720073]]]}"
00000000000000000593,224,123,118258.0,12303.121951219513,9787.583333333334,5513.0,1513284.0,"{""type"":""Polygon"",""coordinates"":[[[120.94999913413275,24.319999598738473],[121.01249900963806,24.31999957807463],[121.07499895241493,24.31999954726262],[121.13749881682102,24.319999606251255],[121.19999863182602,24.319999571342965],[121.26249851323058,24.319999563765357],[121.32499840160763,24.319999581473045],[121.38749832444573,24.319999602268815],[121.44999813437167,24.319999562541177],[121.44999813437167,24.819998605726273],[121.38749832444573,24.819998589551755],[121.32499840160763,24.819998598615676],[121.26249851323058,24.819998616258843],[121.19999863182602,24.81999858493592],[121.13749881682102,24.819998588933974],[121.07499895241493,24.819998590159752],[121.01249900963806,24.819998611128373],[120.94999913413275,24.81999855268256],[120.94999913413275,24.319999598738473]]]}"
00000000000000000594,225,62,228572.0,14298.41935483871,9772.5,5701.0,886502.0,"{""type"":""Polygon"",""coordinates"":[[[121.44999813437167,24.319999562541177],[121.51249855521633,24.319999603644504],[121.57499900250107,24.319999598887254],[121.63749950182846,24.31999952486554],[121.69999990430806,24.31999956007668],[121.76250032174214,24.31999957934968],[121.82500077832776,24.319999558301575],[121.88750121089527,24.31999957333954],[121.95000164273927,24.319999599432723],[121.95000164273927,24.81999857281235],[121.88750121089527,24.819998589610197],[121.82500077832776,24.819998529913292],[121.76250032174214,24.819998581778588],[121.69999990430806,24.819998589240413],[121.63749950182846,24.81999857813007],[121.57499900250107,24.819998594343343],[121.51249855521633,24.819998622232486],[121.44999813437167,24.819998605726273],[121.44999813437167,24.319999562541177]]]}"
00000000000000000595,226,0,,,,,0.0,"{""type"":""Polygon"",""coordinates"":[[[97.95000050266914,24.819998587486612],[98.01250036495357,24.819998610874105],[98.07500027878137,24.819998577932882],[98.13750014641614,24.81999856698131],[98.20000003821951,24.819998557196943],[98.2624998594054,24.819998536642093],[98.32499976711529,24.819998569246977],[98.38749966969705,24.819998552727554],[98.44999956043617,24.819998559784963],[98.44999956043617,25.320002064458677],[98.38749966969705,25.320001990881188],[98.32499976711529,25.320002045117146],[98.2624998594054,25.32000206509065],[98.20000003821951,25.320002063331625],[98.13750014641614,25.320002066145854],[98.07500027878137,25.320001995825802],[98.01250036495357,25.320002053041016],[97.95000050266914,25.32000206996829],[97.95000050266914,24.819998587486612]]]}"
00000000000000000596,227,0,,,,,0.0,"{""type"":""Polygon"",""coordinates"":[[[98.44999956043617,24.819998559784963],[98.51249943413173,24.819998573016843],[98.57499928708933,24.819998574809773],[98.63749911711376,24.819998547336496],[98.69999900747618,24.819998557480265],[98.76249887512004,24.81999859176224],[98.82499880641363,24.819998536888],[98.88749863693162,24.819998563638908],[98.94999854015231,24.819998553241522],[98.94999854015231,25.320002005901504],[98.88749863693162,25.32000202221557],[98.82499880641362,25.320002013824997],[98.76249887512004,25.32000201008255],[98.69999900747618,25.3200020199167],[98.63749911711376,25.320002067132048],[98.57499928708933,25.320002075662515],[98.51249943413173,25.320002068752377],[98.44999956043617,25.320002064458677],[98.44999956043617,24.819998559784963]]]}"
00000000000000000597,228,0,,,,,0.0,"{""type"":""Polygon"",""coordinates"":[[[98.94999854015231,24.819998553241522],[99.01249894448146,24.819998550669055],[99.07499935293878,24.819998566543187],[99.13749985949617,24.819998575983956],[99.2000002217807,24.819998574571994],[99.26250070551194,24.81999861632135],[99.32500115540873,24.819998601525622],[99.38750158649148,24.819998599330333],[99.45000201518567,24.819998588896162],[99.45000201518567,25.320002047093304],[99.3875015864915,25.320002063764147],[99.32500115540873,25.320001992887846],[99.26250070551194,25.320002034720268],[99.2000002217807,25.320002030947233],[99.13749985949617,25.320001991639018],[99.07499935293878,25.320002042618697],[99.01249894448146,25.320002009098452],[98.94999854015231,25.320002005901504],[98.94999854015231,24.819998553241522]]]}"
00000000000000000598,229,0,,,,,0.0,"{""type"":""Polygon"",""coordinates"":[[[99.45000201518567,24.819998588896162],[99.5125018654743,24.819998587043898],[99.57500174951721,24.81999853508069],[99.63750160295518,24.819998596211637],[99.70000144757573,24.819998569339614],[99.76250139162286,24.819998606147728],[99.82500120435228,24.819998611411865],[99.88750108168576,24.81999855148858],[99.95000096556808,24.81999858842953],[99.95000096556808,25.320002067605635],[99.88750108168577,25.320002054189754],[99.82500120435228,25.320002055949452],[99.76250139162286,25.320002000773847],[99.70000144757573,25.320002012271473],[99.63750160295518,25.32000200656783],[99.57500174951721,25.320002011644906],[99.5125018654743,25.320002049559317],[99.45000201518567,25.320002047093304],[99.45000201518567,24.819998588896162]]]}"
00000000000000000599,230,1,39721.0,39721.0,39721.0,39721.0,39721.0,"{""type"":""Polygon"",""coordinates"":[[[99.95000096556808,24.81999858842953],[100.01250088437155,24.819998609590268],[100.07500069700846,24.81999860323302],[100.13750060505761,24.819998534382982],[100.20000046983237,24.819998570002276],[100.26250032462947,24.819998596590878],[100.32500020405068,24.819998589935945],[100.38750014399517,24.819998615047215],[100.45000001014012,24.81999856965554],[100.45000001014012,25.32000202139089],[100.38750014399517,25.320002037561224],[100.32500020405068,25.320002078291488],[100.26250032462947,25.320002067097846],[100.20000046983237,25.32000202879653],[100.13750060505761,25.320002077339655],[100.07500069700846,25.32000205812624],[100.01250088437155,25.32000207287434],[99.95000096556808,25.320002067605635],[99.95000096556808,24.81999858842953]]]}"
0000000000000000059a,231,53,43842.0,12343.32075471698,9724.0,5673.0,654196.0,"{""type"":""Polygon"",""coordinates"":[[[100.45000001014012,24.81999856965554],[100.5124998406031,24.81999860789519],[100.57499976065216,24.81999860898649],[100.63749963926456,24.819998559646425],[100.69999951819264,24.819998613131535],[100.76249935439841,24.819998570801097],[100.8249992780695,24.819998579109065],[100.88749907622298,24.819998540976435],[100.94999896751168,24.81999859596475],[100.94999896751168,25.320001993721327],[100.88749907622298,25.320002055826528],[100.8249992780695,25.320002035187667],[100.76249935439841,25.320002060855494],[100.69999951819264,25.320002051258],[100.63749963926456,25.320002039247214],[100.57499976065216,25.32000204480683],[100.5124998406031,25.320002004588854],[100.45000001014012,25.32000202139089],[100.45000001014012,24.81999856965554]]]}"
0000000000000000059b,232,361,72924.0,12500.565096952909,8924.761904761905,3856.0,4512704.0,"{""type"":""Polygon"",""coordinates"":[[[100.94999896751168,24.81999859596475],[101.01249882717767,24.819998550963827],[101.07499870389056,24.81999855757393],[101.13749864753342,24.81999858827284],[101.19999844987971,24.819998545448374],[101.26249833570857,24.81999856688409],[101.32499827178705,24.81999854148454],[101.38749813924753,24.819998543292595],[101.44999799327965,24.81999854364925],[101.44999799327965,25.320002052350585],[101.38749813924753,25.320002068407362],[101.32499827178705,25.32000199407349],[101.26249833570857,25.32000203672216],[101.19999844987971,25.320002033451427],[101.13749864753342,25.320002006275747],[101.07499870389056,25.320001996652046],[101.01249882717767,25.32000201292785],[100.94999896751168,25.320001993721327],[100.94999896751168,24.81999859596475]]]}"
0000000000000000059c,233,389,224238.0,15223.791773778921,9750.423076923076,5588.0,5922055.0,"{""type"":""Polygon"",""coordinates"":[[[101.44999799327965,24.81999854364925],[101.51249841049612,24.81999856246736],[101.57499884204753,24.8199986170366],[101.63749925963809,24.81999859537171],[101.6999997227788,24.81999855697869],[101.7625001182872,24.81999857476546],[101.8250005946132,24.819998611572995],[101.88750104047836,24.819998561493257],[101.95000143238939,24.81999857915693],[101.95000143238939,25.32000200543505],[101.88750104047836,25.320002015844413],[101.82500059461319,25.320002002283186],[101.7625001182872,25.320002077876534],[101.6999997227788,25.320001992298653],[101.63749925963809,25.320002050443158],[101.57499884204753,25.32000200151572],[101.51249841049612,25.32000205389608],[101.44999799327965,25.320002052350585],[101.44999799327965,24.81999854364925]]]}"
0000000000000000059d,234,760,295751.0,20322.257894736842,11229.04705882353,2635.0,1.5444916E7,"{""type"":""Polygon"",""coordinates"":[[[101.95000143238939,24.81999857915693],[102.01250131215058,24.819998586760025],[102.07500118037697,24.819998607345074],[102.13750110367965,24.81999860932417],[102.20000097521849,24.819998575141902],[102.26250086349057,24.819998561864356],[102.32500066333235,24.8199985516156],[102.38750053252556,24.819998593624316],[102.45000045517783,24.819998573153367],[102.45000045517783,25.32000199818344],[102.38750053252556,25.320002080222853],[102.32500066333235,25.320002005286916],[102.26250086349057,25.320002066185427],[102.2000009752185,25.320002036432935],[102.13750110367965,25.320002023060283],[102.07500118037699,25.32000205855446],[102.01250131215058,25.320002071693352],[101.95000143238939,25.32000200543505],[101.95000143238939,24.81999857915693]]]}"
0000000000000000059e,235,518,383725.0,22707.45366795367,11482.882352941177,3841.0,1.1762461E7,"{""type"":""Polygon"",""coordinates"":[[[102.45000045517783,24.819998573153367],[102.51250032874732,24.81999856080877],[102.57500022649201,24.819998612233487],[102.63750004749501,24.819998619612008],[102.69999995447873,24.819998541577913],[102.76249984827193,24.819998536886736],[102.82499971810891,24.81999857861984],[102.88749955406026,24.819998550721486],[102.94999943487058,24.819998596084147],[102.94999943487058,25.320001993123363],[102.88749955406026,25.320002067778923],[102.82499971810891,25.320002029227748],[102.76249984827193,25.320002001724397],[102.69999995447873,25.320002012718565],[102.63750004749501,25.320002000587905],[102.57500022649201,25.320002073679987],[102.51250032874732,25.320002007286607],[102.45000045517783,25.32000199818344],[102.45000045517783,24.819998573153367]]]}"
0000000000000000059f,236,0,,,,,0.0,"{""type"":""Polygon"",""coordinates"":[[[102.94999943487058,24.819998596084147],[103.01249935240315,24.819998598114356],[103.07499921140635,24.81999853675726],[103.13749909321939,24.819998554037245],[103.19999899214639,24.819998532757236],[103.26249881522786,24.819998541181093],[103.3249987344573,24.81999853479019],[103.38749857035549,24.819998589306454],[103.44999840847325,24.819998578815653],[103.44999840847325,25.320002076337236],[103.38749857035549,25.320002024367536],[103.3249987344573,25.3200020729441],[103.26249881522786,25.32000199355698],[103.19999899214639,25.32000206557606],[103.13749909321939,25.320002067955315],[103.07499921140635,25.320002021514505],[103.01249935240315,25.320002043672183],[102.94999943487058,25.320001993123363],[102.94999943487058,24.819998596084147]]]}"
000000000000000005a0,237,16,27559.0,11754.9375,8919.0,6484.0,188079.0,"{""type"":""Polygon"",""coordinates"":[[[103.44999840847325,24.819998578815653],[103.51249886474936,24.81999859495898],[103.57499932114563,24.819998575247887],[103.6374997774681,24.819998578588553],[103.70000014592347,24.81999858308279],[103.76250060453198,24.819998542039023],[103.8250010670569,24.819998610481143],[103.88750144784625,24.819998588527216],[103.95000192741529,24.819998605904942],[103.95000192741529,25.32000202769897],[103.88750144784625,25.320002059310497],[103.8250010670569,25.32000202620028],[103.762500604532,25.32000206523427],[103.70000014592347,25.320002021983342],[103.6374997774681,25.320002007697898],[103.57499932114563,25.320002069734628],[103.51249886474936,25.320002052987544],[103.44999840847325,25.320002076337236],[103.44999840847325,24.819998578815653]]]}"
000000000000000005a1,238,38,130440.0,24028.342105263157,20665.5,5671.0,913077.0,"{""type"":""Polygon"",""coordinates"":[[[103.95000192741529,24.819998605904942],[104.01250180165823,24.819998609913245],[104.07500169504861,24.819998599369868],[104.13750152472561,24.819998551043586],[104.2000013857669,24.81999860174287],[104.2625012853988,24.81999854201985],[104.32500114279593,24.81999861378043],[104.38750105528894,24.819998598589653],[104.450000943384,24.819998560773747],[104.450000943384,25.32000205799385],[104.38750105528894,25.320002016379586],[104.32500114279593,25.320002021820205],[104.2625012853988,25.320002010447972],[104.2000013857669,25.32000202408756],[104.13750152472561,25.32000199840913],[104.07500169504861,25.320002054552333],[104.01250180165823,25.320002056482707],[103.95000192741529,25.32000202769897],[103.95000192741529,24.819998605904942]]]}"
000000000000000005a2,239,248,194522.0,16959.939516129034,9729.3,5671.0,4206065.0,"{""type"":""Polygon"",""coordinates"":[[[104.450000943384,24.819998560773747],[104.512500817009,24.81999855576618],[104.57500068678307,24.819998550207803],[104.6375005640113,24.81999859898026],[104.70000037169314,24.81999858864403],[104.76250030042463,24.81999855583145],[104.825000185528,24.81999857244501],[104.88750004089037,24.819998603974458],[104.94999988105903,24.81999861567144],[104.94999988105903,25.320002017137817],[104.88750004089037,25.32000200434532],[104.825000185528,25.320002037628473],[104.76250030042463,25.320002063906085],[104.70000037169314,25.320002029784074],[104.6375005640113,25.32000204028758],[104.57500068678307,25.320002059645137],[104.512500817009,25.32000202474559],[104.450000943384,25.32000205799385],[104.450000943384,24.819998560773747]]]}"
000000000000000005a3,240,73,133671.0,12268.671232876712,8117.25,5671.0,895613.0,"{""type"":""Polygon"",""coordinates"":[[[104.94999988105903,24.81999861567144],[105.01249981039842,24.81999856343833],[105.07499966646854,24.81999860691908],[105.1374995548915,24.81999861313988],[105.19999940353478,24.81999855557535],[105.26249931936047,24.819998565646735],[105.3249991420986,24.81999853737061],[105.38749906929306,24.819998592222074],[105.44999894178211,24.819998535644725],[105.44999894178211,25.320002051864638],[105.38749906929306,25.320002039206877],[105.3249991420986,25.32000206541317],[105.26249931936047,25.320002060578727],[105.19999940353478,25.32000199232987],[105.1374995548915,25.32000205489919],[105.07499966646854,25.32000202952951],[105.01249981039842,25.320002031289725],[104.94999988105903,25.320002017137817],[104.94999988105903,24.81999861567144]]]}"
000000000000000005a4,241,493,66582.0,10021.64705882353,8118.04347826087,5588.0,4940672.0,"{""type"":""Polygon"",""coordinates"":[[[105.44999894178211,24.819998535644725],[105.51249877961354,24.81999859550271],[105.57499869290272,24.819998548695523],[105.63749852402003,24.81999855319854],[105.69999838424833,24.81999856185106],[105.76249829603358,24.819998536698],[105.82499819282427,24.81999853732816],[105.88749800852842,24.819998535071875],[105.94999794643947,24.81999855997962],[105.94999794643947,25.320002067027175],[105.88749800852842,25.320002024425396],[105.82499819282428,25.32000206657421],[105.76249829603358,25.320002076347336],[105.69999838424833,25.32000199470674],[105.63749852402003,25.320002026620067],[105.57499869290272,25.320002034475753],[105.51249877961354,25.320002066035194],[105.44999894178211,25.320002051864638],[105.44999894178211,24.819998535644725]]]}"
000000000000000005a5,242,597,429767.0,15221.252931323283,9330.0,5672.0,9087088.0,"{""type"":""Polygon"",""coordinates"":[[[105.94999794643947,24.81999855997962],[106.01249839000212,24.81999853374839],[106.07499873697631,24.819998573496783],[106.13749919243547,24.819998620177408],[106.19999960320456,24.819998565872574],[106.26250008579031,24.81999853685393],[106.32500048791435,24.819998600903673],[106.3875009271412,24.819998619723165],[106.45000134194315,24.819998562803345],[106.45000134194315,25.32000202580956],[106.3875009271412,25.32000206154832],[106.32500048791435,25.320002075300557],[106.26250008579031,25.320002010121062],[106.19999960320456,25.320002004822804],[106.13749919243547,25.320002079845295],[106.07499873697631,25.320002021937107],[106.01249839000212,25.32000202702557],[105.94999794643947,25.320002067027175],[105.94999794643947,24.81999855997962]]]}"
000000000000000005a6,243,557,141506.0,13226.45960502693,8926.547619047618,5671.0,7367138.0,"{""type"":""Polygon"",""coordinates"":[[[106.45000134194315,24.819998562803345],[106.51250122173896,24.81999853822114],[106.57500113489608,24.819998532395317],[106.63750102130584,24.81999860203816],[106.70000091124314,24.819998529870244],[106.76250074549382,24.81999854796477],[106.82500064529452,24.819998603902064],[106.88750046233555,24.819998588282647],[106.95000040889545,24.819998613327705],[106.95000040889545,25.320002011259554],[106.88750046233555,25.32000208137049],[106.82500064529452,25.320002065771085],[106.76250074549382,25.320002028652894],[106.70000091124314,25.320001991841078],[106.63750102130584,25.32000200841827],[106.57500113489608,25.32000202256481],[106.51250122173896,25.32000207637416],[106.45000134194315,25.32000202580956],[106.45000134194315,24.819998562803345]]]}"
000000000000000005a7,244,802,289213.0,17987.14463840399,11312.433962264151,5366.0,1.442569E7,"{""type"":""Polygon"",""coordinates"":[[[106.95000040889545,24.819998613327705],[107.01250024745117,24.819998579760334],[107.07500010115805,24.819998609624932],[107.13750000360177,24.819998571840216],[107.19999989867381,24.81999860881644],[107.26249973064182,24.819998599720286],[107.32499962457192,24.819998577541774],[107.38749952560921,24.819998596271258],[107.44999937926345,24.819998534522597],[107.44999937926345,25.32000200217128],[107.38749952560921,25.320002047850114],[107.32499962457192,25.32000205795957],[107.2624997306418,25.32000206666948],[107.19999989867381,25.320002020492378],[107.13750000360176,25.320002062410307],[107.07500010115804,25.320002050832326],[107.01250024745117,25.320002019146997],[106.95000040889545,25.320002011259554],[106.95000040889545,24.819998613327705]]]}"
000000000000000005a8,245,1010,347937.0,18197.624752475247,11243.823529411764,4923.0,1.8379601E7,"{""type"":""Polygon"",""coordinates"":[[[107.44999937926345,24.819998534522597],[107.51249922168424,24.819998610348538],[107.57499908946542,24.819998603498487],[107.63749901963907,24.81999855621873],[107.69999886898934,24.819998532364643],[107.76249876564697,24.819998562696],[107.8249986574864,24.819998612110208],[107.88749849272108,24.819998557955515],[107.94999840073855,24.819998604949188],[107.94999840073855,25.320001991023265],[107.88749849272108,25.320002028506302],[107.8249986574864,25.320002032228636],[107.76249876564697,25.32000206060516],[107.69999886898934,25.320002061909413],[107.63749901963907,25.320002071638655],[107.57499908946542,25.3200020598687],[107.51249922168424,25.320002050550176],[107.44999937926345,25.32000200217128],[107.44999937926345,24.819998534522597]]]}"
000000000000000005a9,246,461,273412.0,17537.422993492408,11310.85,4143.0,8084752.0,"{""type"":""Polygon"",""coordinates"":[[[107.94999840073855,24.819998604949188],[108.01249878272381,24.819998573866325],[108.07499922645421,24.819998560582796],[108.13749968162853,24.81999861631921],[108.20000009826589,24.819998617427416],[108.26250051721281,24.819998603496376],[108.32500097969988,24.819998613746534],[108.387501436792,24.819998611223927],[108.45000183986016,24.819998558868818],[108.45000183986016,25.320002019427175],[108.387501436792,25.320002033109883],[108.32500097969988,25.3200020322986],[108.26250051721281,25.320002054534232],[108.20000009826589,25.32000205003277],[108.13749968162853,25.32000206751248],[108.07499922645421,25.320002068145854],[108.01249878272381,25.320002001365996],[107.94999840073855,25.320001991023265],[107.94999840073855,24.819998604949188]]]}"
000000000000000005aa,247,1503,565312.0,18227.00465735196,10386.164596273293,4451.0,2.7395188E7,"{""type"":""Polygon"",""coordinates"":[[[108.45000183986016,24.819998558868818],[108.51250168769621,24.81999856451787],[108.57500156618424,24.819998597503062],[108.63750142769644,24.81999862004729],[108.70000131552,24.819998582579093],[108.76250118265287,24.819998621248715],[108.8250010730305,24.819998598798517],[108.88750094026051,24.819998563779297],[108.95000082890888,24.81999855267915],[108.95000082890888,25.320002042006386],[108.88750094026051,25.320002015649266],[108.8250010730305,25.320002043302022],[108.76250118265287,25.320002002251886],[108.70000131552,25.320002018577842],[108.63750142769644,25.320002056027594],[108.57500156618424,25.320002066201408],[108.51250168769621,25.320002012225203],[108.45000183986016,25.320002019427175],[108.45000183986016,24.819998558868818]]]}"
000000000000000005ab,248,0,,,,,0.0,"{""type"":""Polygon"",""coordinates"":[[[108.95000082890888,24.81999855267915],[109.01250069317662,24.819998613515676],[109.07500057824282,24.819998608108484],[109.13750043888552,24.819998584077066],[109.20000032087941,24.819998576799843],[109.26250017956323,24.819998546404573],[109.32500006128967,24.819998614641623],[109.38749992194201,24.819998567330675],[109.44999980843326,24.819998612568504],[109.44999980843326,25.320002020745132],[109.38749992194201,25.32000206721508],[109.32500006128967,25.320002057505434],[109.26250017956323,25.320002044935773],[109.20000032087941,25.32000207031894],[109.13750043888552,25.320002012763435],[109.07500057824282,25.32000199948739],[109.01250069317662,25.32000199591636],[108.95000082890888,25.320002042006386],[108.95000082890888,24.81999855267915]]]}"
000000000000000005ac,249,0,,,,,0.0,"{""type"":""Polygon"",""coordinates"":[[[109.44999980843326,24.819998612568504],[109.51249967717493,24.819998622701583],[109.57499957562284,24.819998544592018],[109.63749946070045,24.819998597596232],[109.69999938038876,24.819998554340536],[109.76249920127421,24.819998559278197],[109.82499906265927,24.81999854581955],[109.88749892244346,24.819998558669177],[109.94999882960636,24.81999854306322],[109.94999882960636,25.320002040224228],[109.88749892244346,25.32000205778997],[109.82499906265929,25.32000206653663],[109.76249920127421,25.320002035301016],[109.69999938038876,25.32000200662965],[109.63749946070045,25.32000204800745],[109.57499957562284,25.32000201556433],[109.51249967717493,25.320002050404355],[109.44999980843326,25.320002020745132],[109.44999980843326,24.819998612568504]]]}"
000000000000000005ad,250,505,248039.0,19313.960396039605,11756.90909090909,5671.0,9753550.0,"{""type"":""Polygon"",""coordinates"":[[[109.94999882960636,24.81999854306322],[110.01249874251052,24.81999854322556],[110.07499861973156,24.81999860316873],[110.13749851093975,24.819998580755804],[110.19999837515131,24.819998606184626],[110.26249826248451,24.819998536843727],[110.32499813237996,24.819998588944554],[110.38749794447425,24.81999854567711],[110.44999784043416,24.819998596966748],[110.44999784043416,25.320002013978964],[110.38749794447425,25.32000200466429],[110.32499813237996,25.320002017393122],[110.26249826248451,25.320002036356815],[110.19999837515131,25.32000201931879],[110.13749851093975,25.320002010330874],[110.07499861973156,25.320002066166623],[110.01249874251052,25.32000205740707],[109.94999882960636,25.320002040224228],[109.94999882960636,24.81999854306322]]]}"
000000000000000005ae,251,1131,671974.0,26687.255526083114,10292.6,4008.0,3.0183286E7,"{""type"":""Polygon"",""coordinates"":[[[110.44999784043416,24.819998596966748],[110.5124982349368,24.81999854720204],[110.57499872458666,24.81999857626104],[110.63749917888184,24.819998565994023],[110.69999955841789,24.81999855811389],[110.76250000585576,24.819998567844742],[110.82500048216698,24.819998549854358],[110.88750085753803,24.8199985582403],[110.95000127517433,24.81999860725454],[110.95000127517433,25.32000202008081],[110.88750085753803,25.320002012201837],[110.82500048216698,25.320002053363453],[110.76250000585576,25.32000204412928],[110.69999955841789,25.32000201709972],[110.63749917888184,25.32000201817451],[110.57499872458666,25.320002033193482],[110.5124982349368,25.320002021120914],[110.44999784043416,25.320002013978964],[110.44999784043416,24.819998596966748]]]}"
000000000000000005af,252,917,1416239.0,26315.861504907305,11759.29411764706,4956.0,2.4131645E7,"{""type"":""Polygon"",""coordinates"":[[[110.95000127517433,24.81999860725454],[111.012501150796,24.81999855825454],[111.07500108272143,24.81999853135107],[111.13750094178911,24.819998579755747],[111.2000007809136,24.819998557357376],[111.26250065316742,24.81999857636557],[111.3250005208042,24.819998589732922],[111.38750043719087,24.819998536719613],[111.45000027388987,24.81999855571593],[111.45000027388987,25.320002043376352],[111.38750043719087,25.320002021847827],[111.3250005208042,25.320002075139275],[111.26250065316742,25.32000206547797],[111.2000007809136,25.320002054388222],[111.13750094178911,25.320002003394478],[111.07500108272143,25.32000205961552],[111.012501150796,25.32000202534495],[110.95000127517433,25.32000202008081],[110.95000127517433,24.81999860725454]]]}"
000000000000000005b0,253,1538,1394279.0,21813.09167750325,11787.49423076923,3463.0,3.3548535E7,"{""type"":""Polygon"",""coordinates"":[[[111.45000027388987,24.81999855571593],[111.51250017551725,24.819998571841804],[111.57500001390144,24.819998550866046],[111.63749993392162,24.819998589396818],[111.69999980765746,24.81999856677751],[111.76249968925852,24.819998592728254],[111.82499954201671,24.819998618473544],[111.8874994203104,24.819998581195176],[111.94999928765343,24.81999860351849],[111.94999928765343,25.320002033230175],[111.8874994203104,25.320002013620513],[111.82499954201671,25.320002050272556],[111.76249968925852,25.320002021392423],[111.69999980765746,25.320002076479593],[111.63749993392162,25.320002007283072],[111.57500001390144,25.320002048664197],[111.51250017551725,25.320002063856137],[111.45000027388987,25.320002043376352],[111.45000027388987,24.81999855571593]]]}"
000000000000000005b1,254,550,2241131.0,27177.29090909091,9122.917127071823,5671.0,1.494751E7,"{""type"":""Polygon"",""coordinates"":[[[111.94999928765343,24.81999860351849],[112.0124991986357,24.819998536154625],[112.07499902601046,24.81999860106317],[112.13749891553334,24.81999854862178],[112.19999883111501,24.81999858612817],[112.26249864580134,24.819998591624024],[112.3249985965618,24.81999855784278],[112.38749846565608,24.81999854813747],[112.44999830829926,24.81999858303275],[112.44999830829926,25.320002037616216],[112.38749846565608,25.320002059356693],[112.32499859656178,25.32000203065511],[112.26249864580134,25.32000201748589],[112.19999883111501,25.320002042475668],[112.13749891553334,25.320002028632814],[112.07499902601046,25.32000201249102],[112.0124991986357,25.320002044859017],[111.94999928765343,25.320002033230175],[111.94999928765343,24.81999860351849]]]}"
000000000000000005b2,255,274,203344.0,20571.667883211678,10550.07142857143,5671.0,5636637.0,"{""type"":""Polygon"",""coordinates"":[[[112.44999830829926,24.81999858303275],[112.51249872542826,24.819998596487935],[112.57499913573395,24.819998622657256],[112.63749959462092,24.819998595487313],[112.70000006661674,24.819998548686186],[112.76250042539426,24.819998615804767],[112.82500090837965,24.819998615397147],[112.88750129843874,24.819998609556485],[112.95000174215942,24.819998601834993],[112.95000174215942,25.320002011207723],[112.88750129843872,25.32000201038027],[112.82500090837965,25.32000199168136],[112.76250042539426,25.32000203815757],[112.70000006661674,25.320002002666506],[112.63749959462092,25.320002067814183],[112.57499913573395,25.320002015185704],[112.51249872542826,25.320002068326655],[112.44999830829926,25.320002037616216],[112.44999830829926,24.81999858303275]]]}"
000000000000000005b3,256,58,131243.0,21917.91379310345,11345.0,5672.0,1271239.0,"{""type"":""Polygon"",""coordinates"":[[[112.95000174215942,24.819998601834993],[113.01250165895985,24.819998542033474],[113.07500155915373,24.819998545546113],[113.13750140764363,24.819998558944373],[113.20000126025225,24.819998599184544],[113.2625011728133,24.819998597508636],[113.32500101945124,24.819998600005842],[113.3875008560576,24.81999862277218],[113.45000073852206,24.819998596273525],[113.45000073852206,25.320002014781185],[113.3875008560576,25.32000201685946],[113.32500101945124,25.320002032383968],[113.26250117281332,25.32000204664187],[113.20000126025225,25.320002044515345],[113.13750140764363,25.32000206571351],[113.07500155915373,25.32000200937051],[113.01250165895985,25.320002030044826],[112.95000174215942,25.320002011207723],[112.95000174215942,24.819998601834993]]]}"
000000000000000005b4,257,5,10553.0,7630.6,7307.0,5683.0,38153.0,"{""type"":""Polygon"",""coordinates"":[[[113.45000073852206,24.819998596273525],[113.51250063189647,24.819998550943303],[113.57500050125826,24.81999860215881],[113.63750040251857,24.81999859438204],[113.70000030076775,24.819998557316662],[113.76250016111256,24.819998605524724],[113.82500003945233,24.819998582778872],[113.88749990088554,24.81999860308283],[113.94999980127372,24.81999859473696],[113.94999980127372,25.320002067241987],[113.88749990088554,25.320002005578417],[113.82500003945233,25.320002055919606],[113.76250016111256,25.320002036095207],[113.70000030076775,25.32000200291133],[113.63750040251857,25.320002028423243],[113.57500050125826,25.32000199894844],[113.51250063189647,25.32000205573396],[113.45000073852206,25.320002014781185],[113.45000073852206,24.819998596273525]]]}"
000000000000000005b5,258,5,22715.0,10225.0,7304.0,5687.0,51125.0,"{""type"":""Polygon"",""coordinates"":[[[113.94999980127372,24.81999859473696],[114.01249961494779,24.8199986015309],[114.07499948848324,24.819998620862997],[114.13749938691707,24.819998595620074],[114.19999927528013,24.819998553461204],[114.26249911859477,24.819998606672783],[114.32499906323218,24.819998581480714],[114.3874988927758,24.819998536008132],[114.44999875351041,24.819998550448187],[114.44999875351041,25.320002025250893],[114.3874988927758,25.320002035219776],[114.32499906323218,25.32000206889946],[114.26249911859477,25.320002047451958],[114.19999927528013,25.32000199786095],[114.13749938691707,25.320002010208572],[114.07499948848324,25.32000205793477],[114.01249961494779,25.32000202938639],[113.94999980127372,25.320002067241987],[113.94999980127372,24.81999859473696]]]}"
000000000000000005b6,259,61,160991.0,23376.196721311477,12185.0,5680.0,1425948.0,"{""type"":""Polygon"",""coordinates"":[[[114.44999875351041,24.819998550448187],[114.51249861031246,24.819998566319203],[114.57499851865737,24.819998593948227],[114.63749835271804,24.819998590246865],[114.69999825847623,24.819998549212393],[114.76249811002621,24.81999859664566],[114.82499805317266,24.81999855651616],[114.8874978713726,24.81999857015888],[114.94999780081427,24.81999852960804],[114.94999780081427,25.32000201250256],[114.8874978713726,25.320002059597762],[114.82499805317266,25.320002009077854],[114.76249811002621,25.320002054821746],[114.69999825847623,25.320002056022084],[114.63749835271804,25.32000202070464],[114.57499851865738,25.320001992856234],[114.51249861031246,25.320002064459292],[114.44999875351041,25.320002025250893],[114.44999875351041,24.819998550448187]]]}"
000000000000000005b7,260,177,137346.0,17290.689265536723,11564.166666666666,5671.0,3060452.0,"{""type"":""Polygon"",""coordinates"":[[[114.94999780081427,24.81999852960804],[115.01249816795351,24.81999856368934],[115.0749986654598,24.81999857511801],[115.13749907662935,24.819998535400977],[115.19999954668145,24.819998604641068],[115.26249994931185,24.819998569008757],[115.32500033907466,24.819998604125615],[115.38750077038793,24.819998547693118],[115.45000120714293,24.819998590804104],[115.45000120714293,25.320002033428253],[115.38750077038793,25.320002039253065],[115.32500033907466,25.320002009758188],[115.26249994931185,25.32000200761069],[115.19999954668145,25.320002027521042],[115.13749907662935,25.32000206379816],[115.0749986654598,25.320001993245718],[115.01249816795351,25.320002079050237],[114.94999780081427,25.32000201250256],[114.94999780081427,24.81999852960804]]]}"
000000000000000005b8,261,444,233415.0,17053.004504504504,10549.823529411764,5657.0,7571534.0,"{""type"":""Polygon"",""coordinates"":[[[115.45000120714293,24.819998590804104],[115.51250107096507,24.81999860137245],[115.57500095838192,24.819998571229387],[115.63750083301515,24.81999860627805],[115.70000074871464,24.819998543013092],[115.76250057859622,24.819998587524903],[115.82500046656986,24.819998559249804],[115.887500375804,24.81999856289984],[115.95000026937656,24.819998534751285],[115.95000026937656,25.320002024982617],[115.887500375804,25.320002033531534],[115.82500046656986,25.32000203632412],[115.76250057859622,25.320002013866908],[115.70000074871466,25.320002030502337],[115.63750083301515,25.32000201579998],[115.57500095838192,25.32000201673571],[115.51250107096507,25.32000202954352],[115.45000120714293,25.320002033428253],[115.45000120714293,24.819998590804104]]]}"
000000000000000005b9,262,106,110581.0,14670.632075471698,9746.4,5672.0,1555087.0,"{""type"":""Polygon"",""coordinates"":[[[115.95000026937656,24.819998534751285],[116.01250011027291,24.81999857900272],[116.07499995156216,24.81999861472809],[116.13749984612735,24.819998560731342],[116.1999997565261,24.819998604199654],[116.26249964521116,24.819998596297697],[116.32499947452831,24.819998555927356],[116.38749938684246,24.81999855154148],[116.44999925409569,24.81999853452039],[116.44999925409569,25.32000199084414],[116.38749938684246,25.320002067714793],[116.32499947452831,25.32000206638395],[116.26249964521116,25.32000203595636],[116.1999997565261,25.3200019932312],[116.13749984612735,25.320002004080447],[116.07499995156216,25.32000205039815],[116.01250011027291,25.320002029944504],[115.95000026937656,25.320002024982617],[115.95000026937656,24.819998534751285]]]}"
000000000000000005ba,263,225,154080.0,19343.382222222222,11633.866666666667,5671.0,4352261.0,"{""type"":""Polygon"",""coordinates"":[[[116.44999925409569,24.81999853452039],[116.51249912824201,24.819998589619384],[116.57499897102883,24.81999856703956],[116.63749883404937,24.819998550910725],[116.69999876867364,24.819998541179455],[116.76249864621,24.81999857195511],[116.82499851772049,24.819998559054326],[116.8874983441674,24.819998602530262],[116.94999826605553,24.81999860020768],[116.94999826605553,25.320002019496222],[116.8874983441674,25.320002058145093],[116.82499851772049,25.320002060579036],[116.76249864621,25.320002046793487],[116.69999876867364,25.32000200124576],[116.63749883404937,25.320002009210672],[116.57499897102883,25.320002037265123],[116.51249912824201,25.320002002994794],[116.44999925409569,25.32000199084414],[116.44999925409569,24.81999853452039]]]}"
000000000000000005bb,264,700,351734.0,20507.49142857143,11389.096385542169,5671.0,1.4355244E7,"{""type"":""Polygon"",""coordinates"":[[[116.94999826605553,24.81999860020768],[117.01249869297735,24.81999856415923],[117.07499913599196,24.819998596660962],[117.1374995553392,24.81999854608577],[117.20000000084326,24.8199985769043],[117.26250043236597,24.819998537053564],[117.32500080961704,24.819998607879196],[117.38750127144553,24.81999860161983],[117.45000168746127,24.81999854998593],[117.45000168746127,25.320002059696325],[117.38750127144553,25.320002025380987],[117.32500080961704,25.32000203042839],[117.26250043236597,25.32000204392188],[117.20000000084326,25.32000200507112],[117.1374995553392,25.32000206684413],[117.07499913599196,25.32000204876262],[117.01249869297735,25.320002037780426],[116.94999826605553,25.320002019496222],[116.94999826605553,24.81999860020768]]]}"
000000000000000005bc,265,773,390720.0,19195.604139715393,11242.027027027027,3700.0,1.4838202E7,"{""type"":""Polygon"",""coordinates"":[[[117.45000168746127,24.81999854998593],[117.51250156887173,24.819998555748317],[117.57500141246646,24.819998609486444],[117.6375013560503,24.81999860552162],[117.70000117902012,24.81999859251279],[117.76250110819338,24.819998529514095],[117.82500092265155,24.819998547871563],[117.88750084859045,24.819998605734646],[117.9500006647658,24.819998584857423],[117.9500006647658,25.320002050215503],[117.88750084859045,25.32000201126885],[117.82500092265155,25.32000205266996],[117.76250110819338,25.320002044065046],[117.70000117902012,25.320002028960776],[117.6375013560503,25.320002042605076],[117.57500141246646,25.32000204468059],[117.51250156887173,25.32000207010895],[117.45000168746127,25.320002059696325],[117.45000168746127,24.81999854998593]]]}"
000000000000000005bd,266,132,131701.0,15357.287878787878,10555.285714285714,5672.0,2027162.0,"{""type"":""Polygon"",""coordinates"":[[[117.9500006647658,24.819998584857423],[118.01250059673546,24.819998608743212],[118.07500042291933,24.819998558891356],[118.13750027893767,24.819998576063302],[118.20000021071498,24.819998569808337],[118.26250008541567,24.81999856882472],[118.32499994851155,24.819998565132124],[118.38749984514642,24.819998550373608],[118.44999973101154,24.819998534213664],[118.44999973101154,25.320001998919984],[118.38749984514642,25.320002053445176],[118.32499994851155,25.32000200778156],[118.26250008541567,25.320002018632717],[118.20000021071498,25.320002012919826],[118.13750027893767,25.320002082677277],[118.07500042291933,25.320002034318534],[118.01250059673546,25.320002042214714],[117.9500006647658,25.320002050215503],[117.9500006647658,24.819998584857423]]]}"
000000000000000005be,267,104,69768.0,14350.461538461539,10540.875,5672.0,1492448.0,"{""type"":""Polygon"",""coordinates"":[[[118.44999973101154,24.819998534213664],[118.51249956159542,24.819998608814227],[118.57499947028623,24.819998581008218],[118.63749932293841,24.819998560845125],[118.69999916329995,24.819998621070216],[118.76249903476817,24.819998586203102],[118.82499898038535,24.819998528278976],[118.88749886507792,24.819998556191464],[118.9499987313784,24.819998576266343],[118.9499987313784,25.320002008665696],[118.88749886507792,25.32000203165922],[118.82499898038535,25.32000202166945],[118.76249903476817,25.320002073532656],[118.69999916329995,25.320002079162],[118.63749932293841,25.320002050419625],[118.57499947028623,25.320001998793334],[118.51249956159542,25.320002018007454],[118.44999973101154,25.320001998919984],[118.44999973101154,24.819998534213664]]]}"
000000000000000005bf,268,283,75600.0,11095.579505300353,8124.294117647059,4708.0,3140049.0,"{""type"":""Polygon"",""coordinates"":[[[120.94999913413275,24.81999855268256],[121.01249900963806,24.819998611128373],[121.07499895241493,24.819998590159752],[121.13749881682102,24.819998588933974],[121.19999863182602,24.81999858493592],[121.26249851323058,24.819998616258843],[121.32499840160763,24.819998598615676],[121.38749832444573,24.819998589551755],[121.44999813437167,24.819998605726273],[121.44999813437167,25.320002005224943],[121.38749832444573,25.320001990497882],[121.32499840160764,25.32000200788085],[121.26249851323058,25.320002041546456],[121.19999863182602,25.32000203546496],[121.13749881682102,25.3200019938349],[121.07499895241493,25.320002042591376],[121.01249900963806,25.32000204337671],[120.94999913413275,25.32000206032191],[120.94999913413275,24.81999855268256]]]}"
000000000000000005c0,269,449,300520.0,17533.017817371936,9367.660714285714,5081.0,7872325.0,"{""type"":""Polygon"",""coordinates"":[[[121.44999813437167,24.819998605726273],[121.51249855521633,24.819998622232486],[121.57499900250107,24.819998594343343],[121.63749950182846,24.81999857813007],[121.69999990430806,24.819998589240413],[121.76250032174214,24.819998581778588],[121.82500077832776,24.819998529913292],[121.88750121089527,24.819998589610197],[121.95000164273927,24.81999857281235],[121.95000164273927,25.32000201202049],[121.88750121089527,25.320002029840584],[121.82500077832776,25.320002047498775],[121.76250032174214,25.320002012155957],[121.69999990430806,25.32000201131498],[121.63749950182846,25.320001991523487],[121.57499900250107,25.320002000410575],[121.51249855521633,25.320002023161308],[121.44999813437167,25.320002005224943],[121.44999813437167,24.819998605726273]]]}"
000000000000000005c1,270,0,,,,,0.0,"{""type"":""Polygon"",""coordinates"":[[[97.95000050266914,25.32000206996829],[98.01250036495357,25.320002053041016],[98.07500027878137,25.320001995825802],[98.13750014641614,25.320002066145854],[98.20000003821951,25.320002063331625],[98.2624998594054,25.32000206509065],[98.32499976711529,25.320002045117146],[98.38749966969705,25.320001990881188],[98.44999956043617,25.320002064458677],[98.44999956043617,25.820001059793153],[98.38749966969705,25.820001059321466],[98.32499976711529,25.820001022788176],[98.2624998594054,25.820001057400926],[98.20000003821951,25.820000996633716],[98.13750014641614,25.820001046358417],[98.07500027878137,25.82000103955635],[98.01250036495357,25.820000997565906],[97.95000050266914,25.82000102191874],[97.95000050266914,25.32000206996829]]]}"
000000000000000005c2,271,0,,,,,0.0,"{""type"":""Polygon"",""coordinates"":[[[98.44999956043617,25.320002064458677],[98.51249943413173,25.320002068752377],[98.57499928708933,25.320002075662515],[98.63749911711376,25.320002067132048],[98.69999900747618,25.3200020199167],[98.76249887512004,25.32000201008255],[98.82499880641362,25.320002013824997],[98.88749863693162,25.32000202221557],[98.94999854015231,25.320002005901504],[98.94999854015231,25.820001035256507],[98.88749863693162,25.820001009623073],[98.82499880641362,25.82000106221509],[98.76249887512003,25.82000104375068],[98.69999900747618,25.820001052755053],[98.63749911711376,25.820001023791647],[98.57499928708933,25.82000106018943],[98.51249943413173,25.820001006388797],[98.44999956043617,25.820001059793153],[98.44999956043617,25.320002064458677]]]}"
000000000000000005c3,272,0,,,,,0.0,"{""type"":""Polygon"",""coordinates"":[[[98.94999854015231,25.320002005901504],[99.01249894448146,25.320002009098452],[99.07499935293878,25.320002042618697],[99.13749985949617,25.320001991639018],[99.2000002217807,25.320002030947233],[99.26250070551194,25.320002034720268],[99.32500115540873,25.320001992887846],[99.3875015864915,25.320002063764147],[99.45000201518567,25.320002047093304],[99.45000201518567,25.820001054010834],[99.38750158649148,25.820001020915413],[99.32500115540873,25.820001001102863],[99.26250070551194,25.82000101594446],[99.2000002217807,25.82000099710656],[99.13749985949617,25.820001044226682],[99.07499935293878,25.820001015073192],[99.01249894448146,25.8200010035722],[98.94999854015231,25.820001035256507],[98.94999854015231,25.320002005901504]]]}"
000000000000000005c4,273,1,5665.0,5665.0,5665.0,5665.0,5665.0,"{""type"":""Polygon"",""coordinates"":[[[99.45000201518567,25.320002047093304],[99.5125018654743,25.320002049559317],[99.57500174951721,25.320002011644906],[99.63750160295518,25.32000200656783],[99.70000144757573,25.320002012271473],[99.76250139162286,25.320002000773847],[99.82500120435228,25.320002055949452],[99.88750108168577,25.320002054189754],[99.95000096556808,25.320002067605635],[99.95000096556808,25.820001043947727],[99.88750108168576,25.82000107912718],[99.82500120435228,25.820001049093563],[99.76250139162286,25.82000106075122],[99.70000144757573,25.82000105932085],[99.63750160295518,25.82000105045561],[99.57500174951721,25.820001062495734],[99.5125018654743,25.82000102838018],[99.45000201518567,25.820001054010834],[99.45000201518567,25.320002047093304]]]}"
000000000000000005c5,274,44,101702.0,16327.568181818182,9700.5,5648.0,718413.0,"{""type"":""Polygon"",""coordinates"":[[[99.95000096556808,25.320002067605635],[100.01250088437155,25.32000207287434],[100.07500069700846,25.32000205812624],[100.13750060505761,25.320002077339655],[100.20000046983237,25.32000202879653],[100.26250032462947,25.320002067097846],[100.32500020405068,25.320002078291488],[100.38750014399517,25.320002037561224],[100.45000001014012,25.32000202139089],[100.45000001014012,25.82000107455876],[100.38750014399517,25.820000989171792],[100.32500020405068,25.82000102412593],[100.26250032462947,25.820001014017922],[100.20000046983237,25.820001073235225],[100.13750060505761,25.82000104809921],[100.07500069700846,25.82000105239952],[100.01250088437155,25.82000100927579],[99.95000096556808,25.820001043947727],[99.95000096556808,25.320002067605635]]]}"
000000000000000005c6,275,246,140674.0,17279.158536585364,9699.066666666668,5648.0,4250673.0,"{""type"":""Polygon"",""coordinates"":[[[100.45000001014012,25.32000202139089],[100.5124998406031,25.320002004588854],[100.57499976065216,25.32000204480683],[100.63749963926456,25.320002039247214],[100.69999951819264,25.320002051258],[100.76249935439841,25.320002060855494],[100.8249992780695,25.320002035187667],[100.88749907622298,25.320002055826528],[100.94999896751168,25.320001993721327],[100.94999896751168,25.820001074868202],[100.88749907622298,25.82000099469828],[100.8249992780695,25.820001014014412],[100.76249935439841,25.82000099486874],[100.69999951819264,25.820001034186998],[100.63749963926456,25.820001076106784],[100.57499976065216,25.82000105166375],[100.5124998406031,25.820001076345307],[100.45000001014012,25.82000107455876],[100.45000001014012,25.32000202139089]]]}"
000000000000000005c7,276,875,149012.0,14176.764571428572,9698.92857142857,3129.0,1.2404669E7,"{""type"":""Polygon"",""coordinates"":[[[100.94999896751168,25.320001993721327],[101.01249882717767,25.32000201292785],[101.07499870389056,25.320001996652046],[101.13749864753342,25.320002006275747],[101.19999844987971,25.320002033451427],[101.26249833570857,25.32000203672216],[101.32499827178705,25.32000199407349],[101.38749813924753,25.320002068407362],[101.44999799327965,25.320002052350585],[101.44999799327965,25.820001037280203],[101.38749813924753,25.820001069538403],[101.32499827178705,25.820001012863322],[101.26249833570857,25.820001074688143],[101.19999844987971,25.820001003527175],[101.13749864753342,25.820000999755052],[101.07499870389056,25.82000101632616],[101.01249882717767,25.820001061658346],[100.94999896751168,25.820001074868202],[100.94999896751168,25.320001993721327]]]}"
000000000000000005c8,277,306,124557.0,16325.555555555555,9296.299342105263,5648.0,4995620.0,"{""type"":""Polygon"",""coordinates"":[[[101.44999799327965,25.320002052350585],[101.51249841049612,25.32000205389608],[101.57499884204753,25.32000200151572],[101.63749925963809,25.320002050443158],[101.6999997227788,25.320001992298653],[101.7625001182872,25.320002077876534],[101.82500059461319,25.320002002283186],[101.88750104047836,25.320002015844413],[101.95000143238939,25.32000200543505],[101.95000143238939,25.820001036930094],[101.88750104047836,25.82000106659794],[101.8250005946132,25.820001070867868],[101.7625001182872,25.82000107407146],[101.6999997227788,25.820001004367388],[101.63749925963809,25.820001077762573],[101.57499884204753,25.820001044095605],[101.51249841049612,25.820001022834173],[101.44999799327965,25.820001037280203],[101.44999799327965,25.320002052350585]]]}"
000000000000000005c9,278,409,181558.0,13890.652811735941,8888.2,5258.0,5681277.0,"{""type"":""Polygon"",""coordinates"":[[[101.95000143238939,25.32000200543505],[102.01250131215058,25.320002071693352],[102.07500118037699,25.32000205855446],[102.13750110367965,25.320002023060283],[102.2000009752185,25.320002036432935],[102.26250086349057,25.320002066185427],[102.32500066333235,25.320002005286916],[102.38750053252556,25.320002080222853],[102.45000045517783,25.32000199818344],[102.45000045517783,25.820001048321714],[102.38750053252556,25.820000996760413],[102.32500066333235,25.82000105028578],[102.26250086349057,25.82000105762892],[102.2000009752185,25.82000105966815],[102.13750110367965,25.8200010746843],[102.07500118037697,25.820001046709397],[102.01250131215058,25.820000993697256],[101.95000143238939,25.820001036930094],[101.95000143238939,25.32000200543505]]]}"
000000000000000005ca,279,389,181391.0,19582.10796915167,11676.375,5648.0,7617440.0,"{""type"":""Polygon"",""coordinates"":[[[102.45000045517783,25.32000199818344],[102.51250032874732,25.320002007286607],[102.57500022649201,25.320002073679987],[102.63750004749501,25.320002000587905],[102.69999995447873,25.320002012718565],[102.76249984827193,25.320002001724397],[102.82499971810891,25.320002029227748],[102.88749955406026,25.320002067778923],[102.94999943487058,25.320001993123363],[102.94999943487058,25.820001016364408],[102.88749955406026,25.82000100717828],[102.82499971810891,25.820001054674727],[102.76249984827193,25.82000101740964],[102.69999995447873,25.82000101182363],[102.63750004749501,25.82000106549333],[102.57500022649201,25.820001020657934],[102.51250032874732,25.820001008521583],[102.45000045517783,25.820001048321714],[102.45000045517783,25.32000199818344]]]}"
000000000000000005cb,280,0,,,,,0.0,"{""type"":""Polygon"",""coordinates"":[[[102.94999943487058,25.320001993123363],[103.01249935240315,25.320002043672183],[103.07499921140635,25.320002021514505],[103.13749909321939,25.320002067955315],[103.19999899214639,25.32000206557606],[103.26249881522786,25.32000199355698],[103.3249987344573,25.3200020729441],[103.38749857035549,25.320002024367536],[103.44999840847325,25.320002076337236],[103.44999840847325,25.82000100579235],[103.38749857035549,25.82000103362309],[103.3249987344573,25.820001062524106],[103.26249881522786,25.820001041985943],[103.19999899214639,25.820001073933383],[103.13749909321939,25.820001026892164],[103.07499921140635,25.820001010529836],[103.01249935240315,25.820001053873238],[102.94999943487058,25.820001016364408],[102.94999943487058,25.320001993123363]]]}"
000000000000000005cc,281,0,,,,,0.0,"{""type"":""Polygon"",""coordinates"":[[[103.44999840847325,25.320002076337236],[103.51249886474936,25.320002052987544],[103.57499932114563,25.320002069734628],[103.6374997774681,25.320002007697898],[103.70000014592347,25.320002021983342],[103.762500604532,25.32000206523427],[103.8250010670569,25.32000202620028],[103.88750144784625,25.320002059310497],[103.95000192741529,25.32000202769897],[103.95000192741529,25.82000102496066],[103.88750144784625,25.820001061470627],[103.8250010670569,25.820001019079786],[103.76250060453198,25.820001035119724],[103.70000014592347,25.820001044163522],[103.6374997774681,25.820001069142663],[103.57499932114563,25.820001069526246],[103.51249886474936,25.820001067709402],[103.44999840847325,25.82000100579235],[103.44999840847325,25.320002076337236]]]}"
000000000000000005cd,282,478,632385.0,20468.303347280336,10423.822429906542,5649.0,9783849.0,"{""type"":""Polygon"",""coordinates"":[[[103.95000192741529,25.32000202769897],[104.01250180165823,25.320002056482707],[104.07500169504861,25.320002054552333],[104.13750152472561,25.32000199840913],[104.2000013857669,25.32000202408756],[104.2625012853988,25.320002010447972],[104.32500114279593,25.320002021820205],[104.38750105528894,25.320002016379586],[104.450000943384,25.32000205799385],[104.450000943384,25.820000992609742],[104.38750105528894,25.820000995371135],[104.32500114279593,25.820001027547473],[104.2625012853988,25.820001025689123],[104.2000013857669,25.820001032137565],[104.13750152472561,25.820001071315275],[104.07500169504861,25.820000999587844],[104.01250180165823,25.82000103510892],[103.95000192741529,25.82000102496066],[103.95000192741529,25.32000202769897]]]}"
000000000000000005ce,283,501,120413.0,13176.662674650699,8892.076923076924,5647.0,6601508.0,"{""type"":""Polygon"",""coordinates"":[[[104.450000943384,25.32000205799385],[104.512500817009,25.32000202474559],[104.57500068678307,25.320002059645137],[104.6375005640113,25.32000204028758],[104.70000037169314,25.320002029784074],[104.76250030042463,25.320002063906085],[104.825000185528,25.320002037628473],[104.88750004089037,25.32000200434532],[104.94999988105903,25.320002017137817],[104.94999988105903,25.82000105649928],[104.88750004089037,25.820001068666283],[104.825000185528,25.82000101747965],[104.76250030042463,25.820001026697142],[104.70000037169314,25.820001043538102],[104.6375005640113,25.820000996690908],[104.57500068678307,25.820001027577533],[104.512500817009,25.82000107356482],[104.450000943384,25.820000992609742],[104.450000943384,25.32000205799385]]]}"
000000000000000005cf,284,45,33085.0,11576.955555555556,8901.0,5661.0,520963.0,"{""type"":""Polygon"",""coordinates"":[[[104.94999988105903,25.320002017137817],[105.01249981039842,25.320002031289725],[105.07499966646854,25.32000202952951],[105.1374995548915,25.32000205489919],[105.19999940353478,25.32000199232987],[105.26249931936047,25.320002060578727],[105.3249991420986,25.32000206541317],[105.38749906929306,25.320002039206877],[105.44999894178211,25.320002051864638],[105.44999894178211,25.82000103953269],[105.38749906929306,25.820001062472826],[105.3249991420986,25.820001011312435],[105.26249931936047,25.8200009924487],[105.19999940353478,25.820001062451304],[105.1374995548915,25.820001063310794],[105.07499966646854,25.820001041386178],[105.01249981039842,25.8200010238586],[104.94999988105903,25.82000105649928],[104.94999988105903,25.320002017137817]]]}"
000000000000000005d0,285,6,25920.0,13634.0,11338.5,5668.0,81804.0,"{""type"":""Polygon"",""coordinates"":[[[105.44999894178211,25.320002051864638],[105.51249877961354,25.320002066035194],[105.57499869290272,25.320002034475753],[105.63749852402003,25.320002026620067],[105.69999838424833,25.32000199470674],[105.76249829603358,25.320002076347336],[105.82499819282428,25.32000206657421],[105.88749800852842,25.320002024425396],[105.94999794643947,25.320002067027175],[105.94999794643947,25.8200010430264],[105.88749800852842,25.820001077769206],[105.82499819282427,25.820000992329422],[105.76249829603358,25.820001021981447],[105.69999838424833,25.820001020373706],[105.63749852402003,25.82000101674078],[105.57499869290272,25.820001050013296],[105.51249877961354,25.820000992702017],[105.44999894178211,25.82000103953269],[105.44999894178211,25.320002051864638]]]}"
000000000000000005d1,286,17,17009.0,7765.705882352941,6481.0,5667.0,132017.0,"{""type"":""Polygon"",""coordinates"":[[[105.94999794643947,25.320002067027175],[106.01249839000212,25.32000202702557],[106.07499873697631,25.320002021937107],[106.13749919243547,25.320002079845295],[106.19999960320456,25.320002004822804],[106.26250008579031,25.320002010121062],[106.32500048791435,25.320002075300557],[106.3875009271412,25.32000206154832],[106.45000134194315,25.32000202580956],[106.45000134194315,25.8200010316314],[106.3875009271412,25.820001043795166],[106.32500048791435,25.8200010010749],[106.26250008579031,25.820001022443204],[106.19999960320456,25.820001071835435],[106.13749919243547,25.82000099436851],[106.07499873697631,25.82000101660342],[106.01249839000212,25.820001071156906],[105.94999794643947,25.8200010430264],[105.94999794643947,25.320002067027175]]]}"
000000000000000005d2,287,1,14581.0,14581.0,14581.0,14581.0,14581.0,"{""type"":""Polygon"",""coordinates"":[[[106.45000134194315,25.32000202580956],[106.51250122173896,25.32000207637416],[106.57500113489608,25.32000202256481],[106.63750102130584,25.32000200841827],[106.70000091124314,25.320001991841078],[106.76250074549382,25.320002028652894],[106.82500064529452,25.320002065771085],[106.88750046233555,25.32000208137049],[106.95000040889545,25.320002011259554],[106.95000040889545,25.82000101541803],[106.88750046233555,25.82000108070456],[106.82500064529452,25.820001023026055],[106.76250074549382,25.820000994937345],[106.70000091124314,25.820001018528085],[106.63750102130584,25.82000105998871],[106.57500113489608,25.82000106399052],[106.51250122173896,25.82000107312033],[106.45000134194315,25.8200010316314],[106.45000134194315,25.32000202580956]]]}"
000000000000000005d3,288,190,125486.0,16510.842105263157,9703.8,5647.0,3137060.0,"{""type"":""Polygon"",""coordinates"":[[[106.95000040889545,25.320002011259554],[107.01250024745117,25.320002019146997],[107.07500010115804,25.320002050832326],[107.13750000360176,25.320002062410307],[107.19999989867381,25.320002020492378],[107.2624997306418,25.32000206666948],[107.32499962457192,25.32000205795957],[107.38749952560921,25.320002047850114],[107.44999937926345,25.32000200217128],[107.44999937926345,25.820001042515532],[107.38749952560921,25.820001050151824],[107.32499962457192,25.820001068232184],[107.2624997306418,25.82000104396395],[107.19999989867381,25.820001011788634],[107.13750000360177,25.820001027844647],[107.07500010115804,25.820001038647558],[107.01250024745117,25.820001078011288],[106.95000040889545,25.82000101541803],[106.95000040889545,25.320002011259554]]]}"
000000000000000005d4,289,493,134301.0,17125.59634888438,10508.916666666666,5649.0,8442919.0,"{""type"":""Polygon"",""coordinates"":[[[107.44999937926345,25.32000200217128],[107.51249922168424,25.320002050550176],[107.57499908946542,25.3200020598687],[107.63749901963907,25.320002071638655],[107.69999886898934,25.320002061909413],[107.76249876564697,25.32000206060516],[107.8249986574864,25.320002032228636],[107.88749849272108,25.320002028506302],[107.94999840073855,25.320001991023265],[107.94999840073855,25.82000099635723],[107.88749849272108,25.820000998898923],[107.82499865748639,25.8200010087997],[107.76249876564697,25.820000998017374],[107.69999886898934,25.820001002601263],[107.63749901963907,25.820001058496732],[107.57499908946542,25.820001049388885],[107.51249922168424,25.820000999451135],[107.44999937926345,25.820001042515532],[107.44999937926345,25.32000200217128]]]}"
000000000000000005d5,290,888,182104.0,19644.847972972973,11655.137931034482,5159.0,1.7444625E7,"{""type"":""Polygon"",""coordinates"":[[[107.94999840073855,25.320001991023265],[108.01249878272381,25.320002001365996],[108.07499922645421,25.320002068145854],[108.13749968162853,25.32000206751248],[108.20000009826589,25.32000205003277],[108.26250051721281,25.320002054534232],[108.32500097969988,25.3200020322986],[108.387501436792,25.320002033109883],[108.45000183986016,25.320002019427175],[108.45000183986016,25.82000105188305],[108.387501436792,25.820001071931795],[108.3250009796999,25.82000102699207],[108.26250051721281,25.820001042064206],[108.20000009826589,25.820001067972413],[108.13749968162853,25.820001066964977],[108.07499922645422,25.820001000914935],[108.01249878272381,25.820001081219523],[107.94999840073855,25.82000099635723],[107.94999840073855,25.320001991023265]]]}"
000000000000000005d6,291,1535,1065600.0,22351.2664495114,11636.347107438016,4093.0,3.4309194E7,"{""type"":""Polygon"",""coordinates"":[[[108.45000183986016,25.320002019427175],[108.51250168769621,25.320002012225203],[108.57500156618424,25.320002066201408],[108.63750142769644,25.320002056027594],[108.70000131552,25.320002018577842],[108.76250118265287,25.320002002251886],[108.8250010730305,25.320002043302022],[108.88750094026051,25.320002015649266],[108.95000082890888,25.320002042006386],[108.95000082890888,25.820001051282684],[108.88750094026051,25.82000102208848],[108.8250010730305,25.82000107821194],[108.76250118265287,25.820001010996926],[108.70000131551998,25.82000103370274],[108.63750142769644,25.820001023944563],[108.57500156618424,25.820001020821792],[108.51250168769621,25.820001075213675],[108.45000183986016,25.82000105188305],[108.45000183986016,25.320002019427175]]]}"
000000000000000005d7,292,369,252533.0,19819.19783197832,9663.066666666668,4711.0,7313284.0,"{""type"":""Polygon"",""coordinates"":[[[108.95000082890888,25.320002042006386],[109.01250069317662,25.32000199591636],[109.07500057824282,25.32000199948739],[109.13750043888552,25.320002012763435],[109.20000032087941,25.32000207031894],[109.26250017956323,25.320002044935773],[109.32500006128967,25.320002057505434],[109.38749992194201,25.32000206721508],[109.44999980843326,25.320002020745132],[109.44999980843326,25.820001067282824],[109.38749992194201,25.820001055860345],[109.32500006128967,25.820001014568856],[109.26250017956323,25.820000997408375],[109.20000032087941,25.820001045695065],[109.13750043888552,25.820001039488076],[109.07500057824282,25.820001019601033],[109.01250069317662,25.820001038986007],[108.95000082890888,25.820001051282684],[108.95000082890888,25.320002042006386]]]}"
000000000000000005d8,293,211,661292.0,21481.63981042654,10099.044444444444,5648.0,4532626.0,"{""type"":""Polygon"",""coordinates"":[[[109.44999980843326,25.320002020745132],[109.51249967717493,25.320002050404355],[109.57499957562284,25.32000201556433],[109.63749946070045,25.32000204800745],[109.69999938038876,25.32000200662965],[109.76249920127421,25.320002035301016],[109.82499906265929,25.32000206653663],[109.88749892244346,25.32000205778997],[109.94999882960636,25.320002040224228],[109.94999882960636,25.820001031868355],[109.88749892244346,25.820001064627316],[109.82499906265927,25.820001023011212],[109.76249920127421,25.820001049645402],[109.69999938038876,25.820001014601623],[109.63749946070045,25.82000107272558],[109.57499957562284,25.82000108075954],[109.51249967717493,25.820001007154303],[109.44999980843326,25.820001067282824],[109.44999980843326,25.320002020745132]]]}"
000000000000000005d9,294,236,200085.0,17952.118644067796,10584.111111111111,5647.0,4236700.0,"{""type"":""Polygon"",""coordinates"":[[[109.94999882960636,25.320002040224228],[110.01249874251052,25.32000205740707],[110.07499861973156,25.320002066166623],[110.13749851093975,25.320002010330874],[110.19999837515131,25.32000201931879],[110.26249826248451,25.320002036356815],[110.32499813237996,25.320002017393122],[110.38749794447425,25.32000200466429],[110.44999784043416,25.320002013978964],[110.44999784043416,25.820001041066085],[110.38749794447425,25.820001076033485],[110.32499813237996,25.82000106210265],[110.26249826248451,25.820001070755932],[110.19999837515131,25.820001060429856],[110.13749851093976,25.82000098934529],[110.07499861973156,25.82000100131074],[110.01249874251052,25.820001054126035],[109.94999882960636,25.820001031868355],[109.94999882960636,25.320002040224228]]]}"
000000000000000005da,295,515,498532.0,26200.4427184466,11328.0,3129.0,1.3493228E7,"{""type"":""Polygon"",""coordinates"":[[[110.44999784043416,25.320002013978964],[110.5124982349368,25.320002021120914],[110.57499872458666,25.320002033193482],[110.63749917888184,25.32000201817451],[110.69999955841789,25.32000201709972],[110.76250000585576,25.32000204412928],[110.82500048216698,25.320002053363453],[110.88750085753803,25.320002012201837],[110.95000127517433,25.32000202008081],[110.95000127517434,25.820001072977895],[110.88750085753803,25.820001011475984],[110.82500048216698,25.82000100872294],[110.76250000585576,25.820001052610102],[110.69999955841789,25.82000100388258],[110.63749917888184,25.820000995091526],[110.57499872458666,25.820001013137908],[110.5124982349368,25.82000101766858],[110.44999784043416,25.820001041066085],[110.44999784043416,25.320002013978964]]]}"
000000000000000005db,296,312,296373.0,19388.240384615383,11181.103448275862,5649.0,6049131.0,"{""type"":""Polygon"",""coordinates"":[[[110.95000127517433,25.32000202008081],[111.012501150796,25.32000202534495],[111.07500108272143,25.32000205961552],[111.13750094178911,25.320002003394478],[111.2000007809136,25.320002054388222],[111.26250065316742,25.32000206547797],[111.3250005208042,25.320002075139275],[111.38750043719087,25.320002021847827],[111.45000027388987,25.320002043376352],[111.45000027388987,25.82000103183498],[111.38750043719087,25.820001073893348],[111.3250005208042,25.820001023212196],[111.26250065316744,25.820001000277543],[111.2000007809136,25.820001067455927],[111.13750094178911,25.820001015105863],[111.07500108272143,25.820000990896386],[111.012501150796,25.82000105627312],[110.95000127517434,25.820001072977895],[110.95000127517433,25.32000202008081]]]}"
000000000000000005dc,297,743,2064201.0,25962.86406460296,11787.613333333333,4146.0,1.9290408E7,"{""type"":""Polygon"",""coordinates"":[[[111.45000027388987,25.320002043376352],[111.51250017551725,25.320002063856137],[111.57500001390144,25.320002048664197],[111.63749993392162,25.320002007283072],[111.69999980765746,25.320002076479593],[111.76249968925852,25.320002021392423],[111.82499954201671,25.320002050272556],[111.8874994203104,25.320002013620513],[111.94999928765343,25.320002033230175],[111.94999928765343,25.82000100131362],[111.8874994203104,25.82000103900583],[111.82499954201671,25.820001045392466],[111.76249968925852,25.820001070889592],[111.69999980765746,25.820001008500455],[111.63749993392162,25.820000993876427],[111.57500001390144,25.82000100516618],[111.51250017551725,25.820001077815895],[111.45000027388987,25.82000103183498],[111.45000027388987,25.320002043376352]]]}"
000000000000000005dd,298,865,1732111.0,23336.320231213875,11826.507936507936,5647.0,2.0185917E7,"{""type"":""Polygon"",""coordinates"":[[[111.94999928765343,25.320002033230175],[112.0124991986357,25.320002044859017],[112.07499902601046,25.32000201249102],[112.13749891553334,25.320002028632814],[112.19999883111501,25.320002042475668],[112.26249864580134,25.32000201748589],[112.32499859656178,25.32000203065511],[112.38749846565608,25.320002059356693],[112.44999830829926,25.320002037616216],[112.44999830829926,25.820001073979405],[112.3874984656561,25.820001024191072],[112.3249985965618,25.82000100153823],[112.26249864580134,25.820001072884228],[112.19999883111501,25.820001004530415],[112.13749891553334,25.820001063041094],[112.07499902601046,25.82000102874572],[112.0124991986357,25.82000103858455],[111.94999928765343,25.82000100131362],[111.94999928765343,25.320002033230175]]]}"
000000000000000005de,299,758,381049.0,22742.92084432718,11142.842696629214,5647.0,1.7239134E7,"{""type"":""Polygon"",""coordinates"":[[[112.44999830829926,25.320002037616216],[112.51249872542826,25.320002068326655],[112.57499913573395,25.320002015185704],[112.63749959462092,25.320002067814183],[112.70000006661674,25.320002002666506],[112.76250042539426,25.32000203815757],[112.82500090837965,25.32000199168136],[112.88750129843872,25.32000201038027],[112.95000174215942,25.320002011207723],[112.95000174215942,25.820001053833366],[112.88750129843872,25.820001075531923],[112.82500090837965,25.820001064921378],[112.76250042539426,25.82000102079566],[112.70000006661674,25.820001052350737],[112.63749959462092,25.82000100208129],[112.57499913573395,25.820001079075247],[112.51249872542826,25.820000995071144],[112.44999830829926,25.820001073979405],[112.44999830829926,25.320002037616216]]]}"
000000000000000005df,300,672,172814.0,21826.697916666668,12936.555555555555,4227.0,1.4667541E7,"{""type"":""Polygon"",""coordinates"":[[[112.95000174215942,25.320002011207723],[113.01250165895985,25.320002030044826],[113.07500155915373,25.32000200937051],[113.13750140764363,25.32000206571351],[113.20000126025225,25.320002044515345],[113.26250117281332,25.32000204664187],[113.32500101945124,25.320002032383968],[113.3875008560576,25.32000201685946],[113.45000073852206,25.320002014781185],[113.45000073852206,25.82000104246745],[113.3875008560576,25.820001039190714],[113.32500101945124,25.820001028369656],[113.26250117281332,25.820000996271194],[113.20000126025225,25.820001013854853],[113.13750140764363,25.82000103620239],[113.07500155915373,25.820001048706523],[113.01250165895985,25.820001036351687],[112.95000174215942,25.820001053833366],[112.95000174215942,25.320002011207723]]]}"
000000000000000005e0,301,2,6475.0,6465.0,6465.0,6455.0,12930.0,"{""type"":""Polygon"",""coordinates"":[[[113.45000073852206,25.320002014781185],[113.51250063189647,25.32000205573396],[113.57500050125826,25.32000199894844],[113.63750040251857,25.320002028423243],[113.70000030076775,25.32000200291133],[113.76250016111256,25.320002036095207],[113.82500003945233,25.320002055919606],[113.88749990088554,25.320002005578417],[113.94999980127372,25.320002067241987],[113.94999980127372,25.820001051873973],[113.88749990088554,25.82000101193506],[113.82500003945233,25.820001056195007],[113.76250016111256,25.8200010037368],[113.70000030076775,25.820000996892915],[113.63750040251857,25.820001023762064],[113.57500050125826,25.820001056496462],[113.51250063189646,25.820001067018012],[113.45000073852206,25.82000104246745],[113.45000073852206,25.320002014781185]]]}"
000000000000000005e1,302,5,9691.0,7270.8,7264.0,5650.0,36354.0,"{""type"":""Polygon"",""coordinates"":[[[113.94999980127372,25.320002067241987],[114.01249961494779,25.32000202938639],[114.07499948848324,25.32000205793477],[114.13749938691707,25.320002010208572],[114.19999927528013,25.32000199786095],[114.26249911859477,25.320002047451958],[114.32499906323218,25.32000206889946],[114.3874988927758,25.320002035219776],[114.44999875351041,25.320002025250893],[114.44999875351041,25.820001014107106],[114.3874988927758,25.820001042728567],[114.32499906323218,25.820001060514752],[114.26249911859477,25.820001074614893],[114.19999927528013,25.820001027663512],[114.13749938691707,25.820001010850888],[114.07499948848324,25.82000108310954],[114.01249961494779,25.820001049048052],[113.94999980127372,25.820001051873973],[113.94999980127372,25.320002067241987]]]}"
000000000000000005e2,303,0,,,,,0.0,"{""type"":""Polygon"",""coordinates"":[[[114.44999875351041,25.320002025250893],[114.51249861031246,25.320002064459292],[114.57499851865738,25.320001992856234],[114.63749835271804,25.32000202070464],[114.69999825847623,25.320002056022084],[114.76249811002621,25.320002054821746],[114.82499805317266,25.320002009077854],[114.8874978713726,25.320002059597762],[114.94999780081427,25.32000201250256],[114.94999780081427,25.820001027116497],[114.8874978713726,25.820001062434358],[114.82499805317266,25.82000104279699],[114.76249811002621,25.820001079024827],[114.69999825847623,25.820001030778933],[114.63749835271804,25.820001076236498],[114.57499851865737,25.820001006576618],[114.51249861031246,25.820001083829844],[114.44999875351041,25.820001014107106],[114.44999875351041,25.320002025250893]]]}"
000000000000000005e3,304,156,110667.0,16282.147435897436,10510.57142857143,5649.0,2540015.0,"{""type"":""Polygon"",""coordinates"":[[[114.94999780081427,25.32000201250256],[115.01249816795351,25.320002079050237],[115.0749986654598,25.320001993245718],[115.13749907662935,25.32000206379816],[115.19999954668145,25.320002027521042],[115.26249994931185,25.32000200761069],[115.32500033907466,25.320002009758188],[115.38750077038793,25.320002039253065],[115.45000120714293,25.320002033428253],[115.45000120714293,25.820001043334386],[115.38750077038793,25.820001066868084],[115.32500033907466,25.820001006315167],[115.26249994931185,25.820001009184754],[115.19999954668145,25.820000987144105],[115.13749907662935,25.8200010197572],[115.0749986654598,25.820001068860048],[115.01249816795351,25.820001061636138],[114.94999780081427,25.820001027116497],[114.94999780081427,25.32000201250256]]]}"
000000000000000005e4,305,226,176537.0,17972.504424778763,10504.7,5649.0,4061786.0,"{""type"":""Polygon"",""coordinates"":[[[115.45000120714293,25.320002033428253],[115.51250107096507,25.32000202954352],[115.57500095838192,25.32000201673571],[115.63750083301515,25.32000201579998],[115.70000074871466,25.320002030502337],[115.76250057859622,25.320002013866908],[115.82500046656986,25.32000203632412],[115.887500375804,25.320002033531534],[115.95000026937656,25.320002024982617],[115.95000026937656,25.820001053742182],[115.887500375804,25.820000998633617],[115.82500046656986,25.820001049241412],[115.76250057859622,25.820001019264595],[115.70000074871466,25.820001057687282],[115.63750083301515,25.820001011623415],[115.57500095838192,25.820001012509525],[115.51250107096507,25.820001057728433],[115.45000120714293,25.820001043334386],[115.45000120714293,25.320002033428253]]]}"
000000000000000005e5,306,229,209346.0,19171.454148471617,10514.0,4447.0,4390263.0,"{""type"":""Polygon"",""coordinates"":[[[115.95000026937656,25.320002024982617],[116.01250011027291,25.320002029944504],[116.07499995156216,25.32000205039815],[116.13749984612735,25.320002004080447],[116.1999997565261,25.3200019932312],[116.26249964521116,25.32000203595636],[116.32499947452831,25.32000206638395],[116.38749938684246,25.320002067714793],[116.44999925409569,25.32000199084414],[116.44999925409569,25.820001063058783],[116.38749938684246,25.820001058706893],[116.32499947452831,25.820000995990043],[116.26249964521116,25.82000100824034],[116.1999997565261,25.8200010300737],[116.13749984612735,25.820001044442336],[116.07499995156216,25.820001034072686],[116.01250011027291,25.82000106525116],[115.95000026937656,25.820001053742182],[115.95000026937656,25.320002024982617]]]}"
000000000000000005e6,307,945,534941.0,19413.974603174604,10275.577669902912,5647.0,1.8346206E7,"{""type"":""Polygon"",""coordinates"":[[[116.44999925409569,25.32000199084414],[116.51249912824201,25.320002002994794],[116.57499897102883,25.320002037265123],[116.63749883404937,25.320002009210672],[116.69999876867364,25.32000200124576],[116.76249864621,25.320002046793487],[116.82499851772049,25.320002060579036],[116.8874983441674,25.320002058145093],[116.94999826605553,25.320002019496222],[116.94999826605553,25.82000098933603],[116.8874983441674,25.820001076807472],[116.82499851772049,25.82000105597828],[116.76249864621,25.820001031600423],[116.69999876867364,25.82000098907134],[116.63749883404937,25.820001014731766],[116.57499897102883,25.820001075848698],[116.51249912824201,25.820001007775375],[116.44999925409569,25.820001063058783],[116.44999925409569,25.32000199084414]]]}"
000000000000000005e7,308,1756,468102.0,20806.71241457859,11269.108695652174,5647.0,3.6536587E7,"{""type"":""Polygon"",""coordinates"":[[[116.94999826605553,25.320002019496222],[117.01249869297735,25.320002037780426],[117.07499913599196,25.32000204876262],[117.1374995553392,25.32000206684413],[117.20000000084326,25.32000200507112],[117.26250043236597,25.32000204392188],[117.32500080961704,25.32000203042839],[117.38750127144553,25.320002025380987],[117.45000168746127,25.320002059696325],[117.45000168746127,25.82000099836961],[117.38750127144553,25.820001043170272],[117.32500080961704,25.82000104747228],[117.26250043236597,25.820001064116216],[117.20000000084326,25.82000103388941],[117.1374995553392,25.82000102725155],[117.07499913599196,25.82000103131873],[117.01249869297735,25.820001050937186],[116.94999826605553,25.82000098933603],[116.94999826605553,25.320002019496222]]]}"
000000000000000005e8,309,1708,278989.0,19654.922716627636,11359.161849710983,3686.0,3.3570608E7,"{""type"":""Polygon"",""coordinates"":[[[117.45000168746127,25.320002059696325],[117.51250156887173,25.32000207010895],[117.57500141246646,25.32000204468059],[117.6375013560503,25.320002042605076],[117.70000117902012,25.320002028960776],[117.76250110819338,25.320002044065046],[117.82500092265155,25.32000205266996],[117.88750084859045,25.32000201126885],[117.9500006647658,25.320002050215503],[117.9500006647658,25.820001018723836],[117.88750084859045,25.820001070336165],[117.82500092265155,25.820001031406555],[117.76250110819338,25.8200010206317],[117.70000117902012,25.820001000425645],[117.6375013560503,25.820001006364038],[117.57500141246646,25.820001082970602],[117.51250156887173,25.820001016514933],[117.45000168746127,25.82000099836961],[117.45000168746127,25.320002059696325]]]}"
000000000000000005e9,310,146,111664.0,15868.835616438357,10108.298611111111,5649.0,2316850.0,"{""type"":""Polygon"",""coordinates"":[[[117.9500006647658,25.320002050215503],[118.01250059673546,25.320002042214714],[118.07500042291933,25.320002034318534],[118.13750027893767,25.320002082677277],[118.20000021071498,25.320002012919826],[118.26250008541567,25.320002018632717],[118.32499994851155,25.32000200778156],[118.38749984514642,25.320002053445176],[118.44999973101154,25.320001998919984],[118.44999973101154,25.820000989387257],[118.38749984514642,25.820001052380267],[118.32499994851155,25.820001001066096],[118.26250008541567,25.820000992889515],[118.20000021071498,25.82000103878597],[118.13750027893767,25.820001066611802],[118.07500042291933,25.82000104908155],[118.01250059673546,25.820000996136667],[117.9500006647658,25.820001018723836],[117.9500006647658,25.320002050215503]]]}"
000000000000000005ea,311,25,80687.0,15580.12,8889.0,5658.0,389503.0,"{""type"":""Polygon"",""coordinates"":[[[118.44999973101154,25.320001998919984],[118.51249956159542,25.320002018007454],[118.57499947028623,25.320001998793334],[118.63749932293841,25.320002050419625],[118.69999916329995,25.320002079162],[118.76249903476817,25.320002073532656],[118.82499898038535,25.32000202166945],[118.88749886507792,25.32000203165922],[118.9499987313784,25.320002008665696],[118.9499987313784,25.8200010233876],[118.88749886507792,25.820001044981538],[118.82499898038535,25.820001010336266],[118.76249903476817,25.820001015422495],[118.69999916329995,25.82000103537597],[118.63749932293841,25.820001000979573],[118.57499947028623,25.82000100742867],[118.51249956159542,25.820001067179703],[118.44999973101154,25.820000989387257],[118.44999973101154,25.320001998919984]]]}"
000000000000000005eb,312,21,32352.0,10050.952380952382,8086.0,5648.0,211070.0,"{""type"":""Polygon"",""coordinates"":[[[118.9499987313784,25.320002008665696],[119.01249915429268,25.3200019903931],[119.07499955357449,25.320002014053802],[119.13749997075175,25.32000206619379],[119.20000044697548,25.320002050753768],[119.26250084569612,25.3200020742541],[119.32500129614436,25.32000202096821],[119.38750174984433,25.320002059743146],[119.45000215807949,25.320002030560165],[119.45000215807949,25.820001047638574],[119.38750174984433,25.820001059419397],[119.32500129614436,25.820001052854],[119.26250084569612,25.8200010246535],[119.20000044697548,25.82000105344782],[119.13749997075175,25.82000101011974],[119.07499955357449,25.820001035445873],[119.01249915429268,25.82000106238533],[118.9499987313784,25.8200010233876],[118.9499987313784,25.320002008665696]]]}"
000000000000000005ec,313,0,,,,,0.0,"{""type"":""Polygon"",""coordinates"":[[[98.44999956043617,25.820001059793153],[98.51249943413173,25.820001006388797],[98.57499928708933,25.82000106018943],[98.63749911711376,25.820001023791647],[98.69999900747618,25.820001052755053],[98.76249887512003,25.82000104375068],[98.82499880641362,25.82000106221509],[98.88749863693162,25.820001009623073],[98.94999854015231,25.820001035256507],[98.94999854015231,26.32000004754144],[98.88749863693162,26.32000003903331],[98.82499880641362,26.320000033510915],[98.76249887512003,26.320000061082887],[98.69999900747618,26.320000041499647],[98.63749911711376,26.319999999135707],[98.57499928708933,26.320000037303554],[98.51249943413173,26.320000001079936],[98.44999956043617,26.319999998337263],[98.44999956043617,25.820001059793153]]]}"
000000000000000005ed,314,0,,,,,0.0,"{""type"":""Polygon"",""coordinates"":[[[98.94999854015231,25.820001035256507],[99.01249894448146,25.8200010035722],[99.07499935293878,25.820001015073192],[99.13749985949617,25.820001044226682],[99.2000002217807,25.82000099710656],[99.26250070551194,25.82000101594446],[99.32500115540873,25.820001001102863],[99.38750158649148,25.820001020915413],[99.45000201518567,25.820001054010834],[99.45000201518567,26.320000051446918],[99.38750158649148,26.32000002047635],[99.32500115540873,26.3200000149069],[99.26250070551194,26.32000005636592],[99.2000002217807,26.320000076945007],[99.13749985949617,26.31999999763897],[99.07499935293878,26.320000034154415],[99.01249894448146,26.320000012410357],[98.94999854015231,26.32000004754144],[98.94999854015231,25.820001035256507]]]}"
000000000000000005ee,315,16,52272.0,15200.6875,9269.5,5639.0,243211.0,"{""type"":""Polygon"",""coordinates"":[[[99.45000201518567,25.820001054010834],[99.5125018654743,25.82000102838018],[99.57500174951721,25.820001062495734],[99.63750160295518,25.82000105045561],[99.70000144757573,25.82000105932085],[99.76250139162286,25.82000106075122],[99.82500120435228,25.820001049093563],[99.88750108168576,25.82000107912718],[99.95000096556808,25.820001043947727],[99.95000096556808,26.320000075900918],[99.88750108168577,26.320000025630108],[99.82500120435228,26.320000009258838],[99.76250139162286,26.320000044582784],[99.70000144757573,26.32000007742816],[99.63750160295518,26.32000002429037],[99.57500174951721,26.320000003033126],[99.5125018654743,26.32000003625535],[99.45000201518567,26.320000051446918],[99.45000201518567,25.820001054010834]]]}"
000000000000000005ef,316,188,253453.0,19381.462765957447,9666.75,4020.0,3643715.0,"{""type"":""Polygon"",""coordinates"":[[[99.95000096556808,25.820001043947727],[100.01250088437155,25.82000100927579],[100.07500069700846,25.82000105239952],[100.13750060505761,25.82000104809921],[100.20000046983237,25.820001073235225],[100.26250032462947,25.820001014017922],[100.32500020405068,25.82000102412593],[100.38750014399517,25.820000989171792],[100.45000001014012,25.82000107455876],[100.45000001014012,26.32000003881251],[100.38750014399517,26.32000006743965],[100.32500020405068,26.3200000455957],[100.26250032462946,26.320000075515097],[100.20000046983237,26.32000000448267],[100.13750060505761,26.32000003579646],[100.07500069700846,26.320000016099183],[100.01250088437155,26.320000047047955],[99.95000096556808,26.320000075900918],[99.95000096556808,25.820001043947727]]]}"
000000000000000005f0,317,185,176536.0,16224.016216216216,9662.777777777777,5022.0,3001443.0,"{""type"":""Polygon"",""coordinates"":[[[100.45000001014012,25.82000107455876],[100.5124998406031,25.820001076345307],[100.57499976065216,25.82000105166375],[100.63749963926456,25.820001076106784],[100.69999951819264,25.820001034186998],[100.76249935439841,25.82000099486874],[100.8249992780695,25.820001014014412],[100.88749907622298,25.82000099469828],[100.94999896751168,25.820001074868202],[100.94999896751168,26.320000070652608],[100.88749907622298,26.320000056311116],[100.8249992780695,26.32000005710106],[100.76249935439841,26.320000024859034],[100.69999951819264,26.320000056401508],[100.63749963926456,26.32000000744443],[100.57499976065216,26.32000007643448],[100.5124998406031,26.32000002296823],[100.45000001014012,26.32000003881251],[100.45000001014012,25.82000107455876]]]}"
000000000000000005f1,318,1052,506498.0,17449.52566539924,9243.822429906542,5624.0,1.8356901E7,"{""type"":""Polygon"",""coordinates"":[[[100.94999896751168,25.820001074868202],[101.01249882717767,25.820001061658346],[101.07499870389056,25.82000101632616],[101.13749864753342,25.820000999755052],[101.19999844987971,25.820001003527175],[101.26249833570857,25.820001074688143],[101.32499827178705,25.820001012863322],[101.38749813924753,25.820001069538403],[101.44999799327965,25.820001037280203],[101.44999799327965,26.3200000000896],[101.38749813924753,26.320000070683374],[101.32499827178705,26.32000005475823],[101.26249833570857,26.32000007088826],[101.19999844987971,26.32000004599252],[101.13749864753342,26.3200000026056],[101.07499870389056,26.320000072161353],[101.01249882717765,26.319999996410896],[100.94999896751168,26.320000070652608],[100.94999896751168,25.820001074868202]]]}"
000000000000000005f2,319,841,374055.0,15377.895362663496,9223.662337662337,5625.0,1.293281E7,"{""type"":""Polygon"",""coordinates"":[[[101.44999799327965,25.820001037280203],[101.51249841049612,25.820001022834173],[101.57499884204753,25.820001044095605],[101.63749925963809,25.820001077762573],[101.6999997227788,25.820001004367388],[101.7625001182872,25.82000107407146],[101.8250005946132,25.820001070867868],[101.88750104047836,25.82000106659794],[101.95000143238939,25.820001036930094],[101.95000143238939,26.320000080046874],[101.88750104047836,26.320000054813175],[101.8250005946132,26.32000000368735],[101.7625001182872,26.32000004004208],[101.6999997227788,26.320000003654254],[101.63749925963809,26.320000021871344],[101.57499884204753,26.320000022781862],[101.51249841049612,26.3200000372749],[101.44999799327965,26.3200000000896],[101.44999799327965,25.820001037280203]]]}"
000000000000000005f3,320,552,205143.0,14727.496376811594,8853.2,3240.0,8129578.0,"{""type"":""Polygon"",""coordinates"":[[[101.95000143238939,25.820001036930094],[102.01250131215058,25.820000993697256],[102.07500118037697,25.820001046709397],[102.13750110367965,25.8200010746843],[102.2000009752185,25.82000105966815],[102.26250086349057,25.82000105762892],[102.32500066333235,25.82000105028578],[102.38750053252556,25.820000996760413],[102.45000045517783,25.820001048321714],[102.45000045517783,26.320000027178054],[102.38750053252556,26.320000026741475],[102.32500066333235,26.320000038986485],[102.26250086349057,26.320000001885944],[102.2000009752185,26.320000045481482],[102.13750110367965,26.320000010941442],[102.07500118037699,26.32000002019676],[102.01250131215058,26.32000000273146],[101.95000143238939,26.320000080046874],[101.95000143238939,25.820001036930094]]]}"
000000000000000005f4,321,54,58066.0,13919.185185185184,10070.5,5626.0,751636.0,"{""type"":""Polygon"",""coordinates"":[[[102.45000045517783,25.820001048321714],[102.51250032874732,25.820001008521583],[102.57500022649201,25.820001020657934],[102.63750004749501,25.82000106549333],[102.69999995447873,25.82000101182363],[102.76249984827193,25.82000101740964],[102.82499971810891,25.820001054674727],[102.88749955406026,25.82000100717828],[102.94999943487058,25.820001016364408],[102.94999943487058,26.320000035564853],[102.88749955406026,26.32000003063433],[102.82499971810891,26.3200000756348],[102.76249984827193,26.32000002988795],[102.69999995447873,26.320000009985332],[102.63750004749501,26.3200000438201],[102.57500022649201,26.32000006274947],[102.51250032874732,26.320000021202695],[102.45000045517783,26.320000027178054],[102.45000045517783,25.820001048321714]]]}"
000000000000000005f5,322,0,,,,,0.0,"{""type"":""Polygon"",""coordinates"":[[[102.94999943487058,25.820001016364408],[103.01249935240315,25.820001053873238],[103.07499921140635,25.820001010529836],[103.13749909321939,25.820001026892164],[103.19999899214639,25.820001073933383],[103.26249881522786,25.820001041985943],[103.3249987344573,25.820001062524106],[103.38749857035549,25.82000103362309],[103.44999840847325,25.82000100579235],[103.44999840847325,26.320000060498625],[103.38749857035549,26.320000070996723],[103.3249987344573,26.320000072774093],[103.26249881522786,26.32000001594323],[103.19999899214639,26.320000002379263],[103.13749909321939,26.320000078369453],[103.07499921140636,26.319999999936922],[103.01249935240315,26.32000006174098],[102.94999943487058,26.320000035564853],[102.94999943487058,25.820001016364408]]]}"
000000000000000005f6,323,0,,,,,0.0,"{""type"":""Polygon"",""coordinates"":[[[103.44999840847325,25.82000100579235],[103.51249886474936,25.820001067709402],[103.57499932114563,25.820001069526246],[103.6374997774681,25.820001069142663],[103.70000014592347,25.820001044163522],[103.76250060453198,25.820001035119724],[103.8250010670569,25.820001019079786],[103.88750144784625,25.820001061470627],[103.95000192741529,25.82000102496066],[103.95000192741529,26.32000007392572],[103.88750144784625,26.320000010696134],[103.8250010670569,26.32000003192075],[103.76250060453198,26.32000001064503],[103.70000014592347,26.320000058381336],[103.6374997774681,26.320000021744406],[103.57499932114563,26.320000037550585],[103.51249886474936,26.32000004014461],[103.44999840847325,26.320000060498625],[103.44999840847325,25.82000100579235]]]}"
000000000000000005f7,324,436,366617.0,17901.26605504587,9254.782608695652,5625.0,7804952.0,"{""type"":""Polygon"",""coordinates"":[[[103.95000192741529,25.82000102496066],[104.01250180165823,25.82000103510892],[104.07500169504861,25.820000999587844],[104.13750152472561,25.820001071315275],[104.2000013857669,25.820001032137565],[104.2625012853988,25.820001025689123],[104.32500114279593,25.820001027547473],[104.38750105528894,25.820000995371135],[104.450000943384,25.820000992609742],[104.450000943384,26.320000057730244],[104.38750105528894,26.31999999227518],[104.32500114279593,26.320000027734697],[104.2625012853988,26.320000013002208],[104.2000013857669,26.32000007907859],[104.13750152472561,26.320000074352247],[104.07500169504861,26.320000032226904],[104.01250180165823,26.319999994656246],[103.95000192741529,26.32000007392572],[103.95000192741529,25.82000102496066]]]}"
000000000000000005f8,325,413,110465.0,14606.295399515739,9664.346153846154,5625.0,6032400.0,"{""type"":""Polygon"",""coordinates"":[[[104.450000943384,25.820000992609742],[104.512500817009,25.82000107356482],[104.57500068678307,25.820001027577533],[104.6375005640113,25.820000996690908],[104.70000037169314,25.820001043538102],[104.76250030042463,25.820001026697142],[104.825000185528,25.82000101747965],[104.88750004089037,25.820001068666283],[104.94999988105903,25.82000105649928],[104.94999988105903,26.3200000169373],[104.88750004089037,26.320000021532614],[104.825000185528,26.32000003071558],[104.76250030042463,26.3199999925391],[104.70000037169314,26.320000030772203],[104.6375005640113,26.320000074472823],[104.57500068678307,26.320000001442143],[104.512500817009,26.320000013587695],[104.450000943384,26.320000057730244],[104.450000943384,25.820000992609742]]]}"
000000000000000005f9,326,75,281377.0,21366.773333333334,9329.666666666666,5628.0,1602508.0,"{""type"":""Polygon"",""coordinates"":[[[104.94999988105903,25.82000105649928],[105.01249981039842,25.8200010238586],[105.07499966646854,25.820001041386178],[105.1374995548915,25.820001063310794],[105.19999940353478,25.820001062451304],[105.26249931936047,25.8200009924487],[105.3249991420986,25.820001011312435],[105.38749906929306,25.820001062472826],[105.44999894178211,25.82000103953269],[105.44999894178211,26.32000006879987],[105.38749906929306,26.31999999880721],[105.3249991420986,26.32000000665662],[105.26249931936047,26.320000023144356],[105.19999940353478,26.32000001765238],[105.1374995548915,26.32000000839249],[105.07499966646854,26.320000042328],[105.01249981039842,26.320000059053854],[104.94999988105903,26.3200000169373],[104.94999988105903,25.82000105649928]]]}"
000000000000000005fa,327,0,,,,,0.0,"{""type"":""Polygon"",""coordinates"":[[[105.44999894178211,25.82000103953269],[105.51249877961354,25.820000992702017],[105.57499869290272,25.820001050013296],[105.63749852402003,25.82000101674078],[105.69999838424833,25.820001020373706],[105.76249829603358,25.820001021981447],[105.82499819282427,25.820000992329422],[105.88749800852842,25.820001077769206],[105.94999794643947,25.8200010430264],[105.94999794643947,26.320000071494707],[105.88749800852842,26.320000046789875],[105.82499819282427,26.32000004945974],[105.76249829603358,26.32000005216346],[105.69999838424833,26.319999996856346],[105.63749852402003,26.320000000827672],[105.57499869290272,26.320000015741957],[105.51249877961354,26.32000000279216],[105.44999894178211,26.32000006879987],[105.44999894178211,25.82000103953269]]]}"
000000000000000005fb,328,0,,,,,0.0,"{""type"":""Polygon"",""coordinates"":[[[105.94999794643947,25.8200010430264],[106.01249839000212,25.820001071156906],[106.07499873697631,25.82000101660342],[106.13749919243547,25.82000099436851],[106.19999960320456,25.820001071835435],[106.26250008579031,25.820001022443204],[106.32500048791435,25.8200010010749],[106.3875009271412,25.820001043795166],[106.45000134194315,25.8200010316314],[106.45000134194315,26.32000008027393],[106.3875009271412,26.32000001172611],[106.32500048791435,26.320000031633946],[106.26250008579031,26.319999996588333],[106.19999960320456,26.320000046385562],[106.13749919243547,26.320000026711217],[106.07499873697631,26.320000076847347],[106.01249839000212,26.32000004212406],[105.94999794643947,26.320000071494707],[105.94999794643947,25.8200010430264]]]}"
000000000000000005fc,329,0,,,,,0.0,"{""type"":""Polygon"",""coordinates"":[[[106.45000134194315,25.8200010316314],[106.51250122173896,25.82000107312033],[106.57500113489608,25.82000106399052],[106.63750102130584,25.82000105998871],[106.70000091124314,25.820001018528085],[106.76250074549382,25.820000994937345],[106.82500064529452,25.820001023026055],[106.88750046233555,25.82000108070456],[106.95000040889545,25.82000101541803],[106.95000040889545,26.320000033660136],[106.88750046233555,26.32000002842881],[106.82500064529452,26.32000003894028],[106.76250074549382,26.320000043697284],[106.70000091124314,26.320000064986786],[106.63750102130584,26.320000069791973],[106.57500113489608,26.32000000328491],[106.51250122173896,26.32000008348694],[106.45000134194315,26.32000008027393],[106.45000134194315,25.8200010316314]]]}"
000000000000000005fd,330,218,217909.0,16067.100917431193,10126.9,5626.0,3502628.0,"{""type"":""Polygon"",""coordinates"":[[[106.95000040889545,25.82000101541803],[107.01250024745117,25.820001078011288],[107.07500010115804,25.820001038647558],[107.13750000360177,25.820001027844647],[107.19999989867381,25.820001011788634],[107.2624997306418,25.82000104396395],[107.32499962457192,25.820001068232184],[107.38749952560921,25.820001050151824],[107.44999937926345,25.820001042515532],[107.44999937926345,26.320000050132375],[107.38749952560921,26.320000032758568],[107.32499962457192,26.320000072783913],[107.26249973064182,26.320000030764096],[107.19999989867381,26.32000002875657],[107.13750000360177,26.32000003634176],[107.07500010115805,26.320000000550817],[107.01250024745117,26.320000042868383],[106.95000040889545,26.320000033660136],[106.95000040889545,25.82000101541803]]]}"
000000000000000005fe,331,350,405199.0,17386.7,11164.585365853658,5624.0,6085345.0,"{""type"":""Polygon"",""coordinates"":[[[107.44999937926345,25.820001042515532],[107.51249922168424,25.820000999451135],[107.57499908946542,25.820001049388885],[107.63749901963907,25.820001058496732],[107.69999886898934,25.820001002601263],[107.76249876564697,25.820000998017374],[107.82499865748639,25.8200010087997],[107.88749849272108,25.820000998898923],[107.94999840073855,25.82000099635723],[107.94999840073855,26.319999992779398],[107.88749849272108,26.32000005156702],[107.82499865748639,26.320000072802056],[107.76249876564697,26.320000029291354],[107.69999886898934,26.32000004454837],[107.63749901963907,26.320000067844834],[107.57499908946542,26.320000070996812],[107.51249922168424,26.3200000784564],[107.44999937926345,26.320000050132375],[107.44999937926345,25.820001042515532]]]}"
000000000000000005ff,332,574,143386.0,16485.745644599305,10713.387096774193,2886.0,9462818.0,"{""type"":""Polygon"",""coordinates"":[[[107.94999840073855,25.82000099635723],[108.01249878272381,25.820001081219523],[108.07499922645422,25.820001000914935],[108.13749968162853,25.820001066964977],[108.20000009826589,25.820001067972413],[108.26250051721281,25.820001042064206],[108.3250009796999,25.82000102699207],[108.387501436792,25.820001071931795],[108.45000183986016,25.82000105188305],[108.45000183986016,26.319999996541675],[108.387501436792,26.3200000179619],[108.3250009796999,26.320000012090528],[108.26250051721281,26.32000001733021],[108.20000009826589,26.320000071973762],[108.13749968162853,26.320000052102657],[108.07499922645421,26.320000007256713],[108.01249878272381,26.320000061980764],[107.94999840073855,26.319999992779398],[107.94999840073855,25.82000099635723]]]}"
00000000000000000600,333,635,769487.0,18236.752755905512,10035.179856115108,4943.0,1.1580338E7,"{""type"":""Polygon"",""coordinates"":[[[108.45000183986016,25.82000105188305],[108.51250168769621,25.820001075213675],[108.57500156618424,25.820001020821792],[108.63750142769644,25.820001023944563],[108.70000131551998,25.82000103370274],[108.76250118265287,25.820001010996926],[108.8250010730305,25.82000107821194],[108.88750094026051,25.82000102208848],[108.95000082890888,25.820001051282684],[108.95000082890888,26.32000005341541],[108.88750094026051,26.32000000734172],[108.8250010730305,26.320000078910127],[108.76250118265287,26.32000006057955],[108.70000131552,26.320000079024354],[108.63750142769644,26.320000012744995],[108.57500156618424,26.32000007481799],[108.51250168769621,26.320000056391887],[108.45000183986016,26.319999996541675],[108.45000183986016,25.82000105188305]]]}"
00000000000000000601,334,917,1224093.0,21605.056706652125,11645.626865671642,4420.0,1.9811837E7,"{""type"":""Polygon"",""coordinates"":[[[108.95000082890888,25.820001051282684],[109.01250069317662,25.820001038986007],[109.07500057824282,25.820001019601033],[109.13750043888552,25.820001039488076],[109.20000032087941,25.820001045695065],[109.26250017956323,25.820000997408375],[109.32500006128967,25.820001014568856],[109.38749992194201,25.820001055860345],[109.44999980843326,25.820001067282824],[109.44999980843326,26.320000000934282],[109.38749992194201,26.320000081477133],[109.32500006128967,26.32000007311102],[109.26250017956323,26.320000030430606],[109.20000032087941,26.3200000817363],[109.13750043888552,26.3200000214743],[109.07500057824282,26.320000064092465],[109.01250069317662,26.320000003371856],[108.95000082890888,26.32000005341541],[108.95000082890888,25.820001051282684]]]}"
00000000000000000602,335,89,69378.0,13846.640449438202,8061.857142857143,5627.0,1232351.0,"{""type"":""Polygon"",""coordinates"":[[[109.44999980843326,25.820001067282824],[109.51249967717493,25.820001007154303],[109.57499957562284,25.82000108075954],[109.63749946070045,25.82000107272558],[109.69999938038876,25.820001014601623],[109.76249920127421,25.820001049645402],[109.82499906265927,25.820001023011212],[109.88749892244346,25.820001064627316],[109.94999882960636,25.820001031868355],[109.94999882960636,26.320000052992384],[109.88749892244346,26.320000068222306],[109.82499906265927,26.320000031259987],[109.76249920127421,26.319999998907093],[109.69999938038876,26.320000014739456],[109.63749946070045,26.320000061569438],[109.57499957562284,26.319999996710337],[109.51249967717493,26.320000048716523],[109.44999980843326,26.320000000934282],[109.44999980843326,25.820001067282824]]]}"
00000000000000000603,336,231,367768.0,21351.17316017316,11283.09677419355,3564.0,4932121.0,"{""type"":""Polygon"",""coordinates"":[[[109.94999882960636,25.820001031868355],[110.01249874251052,25.820001054126035],[110.07499861973156,25.82000100131074],[110.13749851093976,25.82000098934529],[110.19999837515131,25.820001060429856],[110.26249826248451,25.820001070755932],[110.32499813237996,25.82000106210265],[110.38749794447425,25.820001076033485],[110.44999784043416,25.820001041066085],[110.44999784043416,26.32000005678719],[110.38749794447425,26.32000000758051],[110.32499813237996,26.320000012198737],[110.26249826248451,26.320000056920993],[110.19999837515131,26.32000001467436],[110.13749851093976,26.320000016708505],[110.07499861973156,26.320000034976317],[110.01249874251052,26.320000027878837],[109.94999882960636,26.320000052992384],[109.94999882960636,25.820001031868355]]]}"
00000000000000000604,337,353,224414.0,17706.45042492918,9667.842105263158,5627.0,6250377.0,"{""type"":""Polygon"",""coordinates"":[[[110.44999784043416,25.820001041066085],[110.5124982349368,25.82000101766858],[110.57499872458666,25.820001013137908],[110.63749917888184,25.820000995091526],[110.69999955841789,25.82000100388258],[110.76250000585576,25.820001052610102],[110.82500048216698,25.82000100872294],[110.88750085753803,25.820001011475984],[110.95000127517434,25.820001072977895],[110.95000127517434,26.320000065286784],[110.88750085753803,26.320000070343966],[110.82500048216698,26.320000059166908],[110.76250000585576,26.320000020639302],[110.69999955841789,26.320000074075246],[110.63749917888184,26.320000008487245],[110.57499872458666,26.320000069814345],[110.5124982349368,26.3200000463306],[110.44999784043416,26.32000005678719],[110.44999784043416,25.820001041066085]]]}"
00000000000000000605,338,142,285321.0,21294.598591549297,10382.35,5624.0,3023833.0,"{""type"":""Polygon"",""coordinates"":[[[110.95000127517434,25.820001072977895],[111.012501150796,25.82000105627312],[111.07500108272143,25.820000990896386],[111.13750094178911,25.820001015105863],[111.2000007809136,25.820001067455927],[111.26250065316744,25.820001000277543],[111.3250005208042,25.820001023212196],[111.38750043719087,25.820001073893348],[111.45000027388987,25.82000103183498],[111.45000027388987,26.320000075310325],[111.38750043719087,26.32000003341119],[111.3250005208042,26.320000075929862],[111.26250065316744,26.3200000664117],[111.2000007809136,26.320000067894153],[111.13750094178911,26.320000043312866],[111.07500108272143,26.320000055156342],[111.012501150796,26.320000079738005],[110.95000127517434,26.320000065286784],[110.95000127517434,25.820001072977895]]]}"
00000000000000000606,339,592,365915.0,18539.469594594593,11113.09375,3718.0,1.0975366E7,"{""type"":""Polygon"",""coordinates"":[[[111.45000027388987,25.82000103183498],[111.51250017551725,25.820001077815895],[111.57500001390144,25.82000100516618],[111.63749993392162,25.820000993876427],[111.69999980765746,25.820001008500455],[111.76249968925852,25.820001070889592],[111.82499954201671,25.820001045392466],[111.8874994203104,25.82000103900583],[111.94999928765343,25.82000100131362],[111.94999928765343,26.320000048314906],[111.8874994203104,26.320000071574984],[111.82499954201671,26.32000006302678],[111.76249968925852,26.320000073660882],[111.69999980765746,26.31999999755081],[111.63749993392162,26.320000056383417],[111.57500001390144,26.320000058012905],[111.51250017551725,26.320000038182307],[111.45000027388987,26.320000075310325],[111.45000027388987,25.82000103183498]]]}"
00000000000000000607,340,1814,329040.0,20530.181367144432,11187.425531914894,5624.0,3.7241749E7,"{""type"":""Polygon"",""coordinates"":[[[111.94999928765343,25.82000100131362],[112.0124991986357,25.82000103858455],[112.07499902601046,25.82000102874572],[112.13749891553334,25.820001063041094],[112.19999883111501,25.820001004530415],[112.26249864580134,25.820001072884228],[112.3249985965618,25.82000100153823],[112.3874984656561,25.820001024191072],[112.44999830829926,25.820001073979405],[112.44999830829926,26.320000038273665],[112.3874984656561,26.32000000613797],[112.3249985965618,26.319999994474358],[112.26249864580134,26.320000070934736],[112.19999883111501,26.320000002460212],[112.13749891553334,26.320000056497737],[112.07499902601046,26.320000014213132],[112.0124991986357,26.320000012978937],[111.94999928765343,26.320000048314906],[111.94999928765343,25.82000100131362]]]}"
00000000000000000608,341,914,320489.0,21293.88730853392,11211.26923076923,5624.0,1.9462613E7,"{""type"":""Polygon"",""coordinates"":[[[112.44999830829926,25.820001073979405],[112.51249872542826,25.820000995071144],[112.57499913573395,25.820001079075247],[112.63749959462092,25.82000100208129],[112.70000006661674,25.820001052350737],[112.76250042539426,25.82000102079566],[112.82500090837965,25.820001064921378],[112.88750129843872,25.820001075531923],[112.95000174215942,25.820001053833366],[112.95000174215942,26.320000042301317],[112.88750129843874,26.3200000796218],[112.82500090837965,26.320000071564312],[112.76250042539426,26.320000018086507],[112.70000006661674,26.32000002842887],[112.63749959462092,26.32000003194379],[112.57499913573395,26.32000006744781],[112.51249872542826,26.320000018296085],[112.44999830829926,26.320000038273665],[112.44999830829926,25.820001073979405]]]}"
00000000000000000609,342,652,821851.0,21728.286809815952,10341.17857142857,5624.0,1.4166843E7,"{""type"":""Polygon"",""coordinates"":[[[112.95000174215942,25.820001053833366],[113.01250165895985,25.820001036351687],[113.07500155915373,25.820001048706523],[113.13750140764363,25.82000103620239],[113.20000126025225,25.820001013854853],[113.26250117281332,25.820000996271194],[113.32500101945124,25.820001028369656],[113.3875008560576,25.820001039190714],[113.45000073852206,25.82000104246745],[113.45000073852206,26.320000033346098],[113.3875008560576,26.320000007293125],[113.32500101945124,26.32000003900439],[113.26250117281332,26.320000030881616],[113.20000126025225,26.320000054710118],[113.13750140764363,26.320000066126003],[113.07500155915373,26.320000051492702],[113.01250165895986,26.31999999676217],[112.95000174215942,26.320000042301317],[112.95000174215942,25.820001053833366]]]}"
0000000000000000060a,343,91,71672.0,18208.615384615383,12060.5,5627.0,1656984.0,"{""type"":""Polygon"",""coordinates"":[[[113.45000073852206,25.82000104246745],[113.51250063189646,25.820001067018012],[113.57500050125826,25.820001056496462],[113.63750040251857,25.820001023762064],[113.70000030076775,25.820000996892915],[113.76250016111256,25.8200010037368],[113.82500003945233,25.820001056195007],[113.88749990088554,25.82000101193506],[113.94999980127372,25.820001051873973],[113.94999980127372,26.320000018294667],[113.88749990088554,26.320000056442773],[113.82500003945233,26.320000067785145],[113.76250016111256,26.320000042013547],[113.70000030076775,26.320000037298684],[113.63750040251857,26.320000042729003],[113.57500050125826,26.320000031231018],[113.51250063189647,26.32000006031485],[113.45000073852206,26.320000033346098],[113.45000073852206,25.82000104246745]]]}"
0000000000000000060b,344,49,50665.0,11345.714285714286,8044.0,5629.0,555940.0,"{""type"":""Polygon"",""coordinates"":[[[113.94999980127372,25.820001051873973],[114.01249961494779,25.820001049048052],[114.07499948848324,25.82000108310954],[114.13749938691707,25.820001010850888],[114.19999927528013,25.820001027663512],[114.26249911859477,25.820001074614893],[114.32499906323218,25.820001060514752],[114.3874988927758,25.820001042728567],[114.44999875351041,25.820001014107106],[114.44999875351041,26.32000000617163],[114.3874988927758,26.3200000142029],[114.32499906323218,26.320000062779517],[114.26249911859477,26.32000007589203],[114.19999927528013,26.3199999965268],[114.13749938691707,26.320000001488218],[114.07499948848324,26.320000065873707],[114.01249961494779,26.32000007995936],[113.94999980127372,26.320000018294667],[113.94999980127372,25.820001051873973]]]}"
0000000000000000060c,345,1,6442.0,6442.0,6442.0,6442.0,6442.0,"{""type"":""Polygon"",""coordinates"":[[[114.44999875351041,25.820001014107106],[114.51249861031246,25.820001083829844],[114.57499851865737,25.820001006576618],[114.63749835271804,25.820001076236498],[114.69999825847623,25.820001030778933],[114.76249811002621,25.820001079024827],[114.82499805317266,25.82000104279699],[114.8874978713726,25.820001062434358],[114.94999780081427,25.820001027116497],[114.94999780081427,26.320000071093027],[114.8874978713726,26.32000004435879],[114.82499805317266,26.320000006590586],[114.76249811002621,26.320000070030463],[114.69999825847623,26.32000001065188],[114.63749835271804,26.320000007591467],[114.57499851865737,26.320000021556833],[114.51249861031246,26.320000062479725],[114.44999875351041,26.32000000617163],[114.44999875351041,25.820001014107106]]]}"
0000000000000000060d,346,44,76561.0,16094.068181818182,10475.0,5626.0,708139.0,"{""type"":""Polygon"",""coordinates"":[[[114.94999780081427,25.820001027116497],[115.01249816795351,25.820001061636138],[115.0749986654598,25.820001068860048],[115.13749907662935,25.8200010197572],[115.19999954668145,25.820000987144105],[115.26249994931185,25.820001009184754],[115.32500033907466,25.820001006315167],[115.38750077038793,25.820001066868084],[115.45000120714293,25.820001043334386],[115.45000120714293,26.320000031666414],[115.38750077038793,26.32000001120565],[115.32500033907466,26.32000002742339],[115.26249994931185,26.320000060522364],[115.19999954668145,26.320000023355103],[115.13749907662935,26.31999999638214],[115.0749986654598,26.320000026119313],[115.01249816795351,26.320000041245688],[114.94999780081427,26.320000071093027],[114.94999780081427,25.820001027116497]]]}"
0000000000000000060e,347,83,55573.0,14996.024096385541,9667.5,5624.0,1244670.0,"{""type"":""Polygon"",""coordinates"":[[[115.45000120714293,25.820001043334386],[115.51250107096507,25.820001057728433],[115.57500095838192,25.820001012509525],[115.63750083301515,25.820001011623415],[115.70000074871466,25.820001057687282],[115.76250057859622,25.820001019264595],[115.82500046656986,25.820001049241412],[115.887500375804,25.820000998633617],[115.95000026937656,25.820001053742182],[115.95000026937656,26.320000019008607],[115.887500375804,26.319999994712926],[115.82500046656986,26.320000021301695],[115.76250057859622,26.32000008111641],[115.70000074871464,26.320000072473032],[115.63750083301515,26.32000001162224],[115.57500095838192,26.320000030396546],[115.51250107096507,26.32000004343337],[115.45000120714293,26.320000031666414],[115.45000120714293,25.820001043334386]]]}"
0000000000000000060f,348,89,101548.0,16909.91011235955,10465.666666666666,5632.0,1504982.0,"{""type"":""Polygon"",""coordinates"":[[[115.95000026937656,25.820001053742182],[116.01250011027291,25.82000106525116],[116.07499995156216,25.820001034072686],[116.13749984612735,25.820001044442336],[116.1999997565261,25.8200010300737],[116.26249964521116,25.82000100824034],[116.32499947452831,25.820000995990043],[116.38749938684246,25.820001058706893],[116.44999925409569,25.820001063058783],[116.44999925409569,26.32000004088729],[116.38749938684246,26.32000003763125],[116.32499947452831,26.319999997362512],[116.26249964521116,26.320000053823186],[116.1999997565261,26.320000059620607],[116.13749984612735,26.31999999853942],[116.07499995156216,26.32000002136682],[116.01250011027291,26.320000027974256],[115.95000026937656,26.320000019008607],[115.95000026937656,25.820001053742182]]]}"
00000000000000000610,349,635,734238.0,18882.503937007874,10324.064516129032,4420.0,1.199039E7,"{""type"":""Polygon"",""coordinates"":[[[116.44999925409569,25.820001063058783],[116.51249912824201,25.820001007775375],[116.57499897102883,25.820001075848698],[116.63749883404937,25.820001014731766],[116.69999876867364,25.82000098907134],[116.76249864621,25.820001031600423],[116.82499851772049,25.82000105597828],[116.8874983441674,25.820001076807472],[116.94999826605553,25.82000098933603],[116.94999826605553,26.32000001385135],[116.8874983441674,26.320000053292283],[116.82499851772052,26.319999997295014],[116.76249864621,26.320000035173127],[116.69999876867364,26.32000007005319],[116.63749883404937,26.320000022645978],[116.57499897102883,26.3200000274563],[116.51249912824201,26.32000000469055],[116.44999925409569,26.32000004088729],[116.44999925409569,25.820001063058783]]]}"
00000000000000000611,350,1330,254772.0,18460.70977443609,10615.391304347826,5624.0,2.4552744E7,"{""type"":""Polygon"",""coordinates"":[[[116.94999826605553,25.82000098933603],[117.01249869297735,25.820001050937186],[117.07499913599196,25.82000103131873],[117.1374995553392,25.82000102725155],[117.20000000084326,25.82000103388941],[117.26250043236597,25.820001064116216],[117.32500080961704,25.82000104747228],[117.38750127144553,25.820001043170272],[117.45000168746127,25.82000099836961],[117.45000168746127,26.320000071818544],[117.38750127144553,26.320000003794707],[117.32500080961702,26.320000066035988],[117.26250043236597,26.320000063087946],[117.20000000084326,26.32000002027396],[117.1374995553392,26.32000000886338],[117.07499913599196,26.32000001691883],[117.01249869297735,26.320000050477752],[116.94999826605553,26.32000001385135],[116.94999826605553,25.82000098933603]]]}"
00000000000000000612,351,1221,380134.0,19089.968877968877,11190.423841059603,5624.0,2.3308852E7,"{""type"":""Polygon"",""coordinates"":[[[117.45000168746127,25.82000099836961],[117.51250156887173,25.820001016514933],[117.57500141246646,25.820001082970602],[117.6375013560503,25.820001006364038],[117.70000117902012,25.820001000425645],[117.76250110819338,25.8200010206317],[117.82500092265155,25.820001031406555],[117.88750084859045,25.820001070336165],[117.9500006647658,25.820001018723836],[117.9500006647658,26.32000005333883],[117.88750084859045,26.319999991491034],[117.82500092265155,26.320000001090314],[117.76250110819338,26.32000003569444],[117.70000117902012,26.32000005956983],[117.6375013560503,26.320000025785557],[117.57500141246646,26.32000006333449],[117.51250156887173,26.320000042102006],[117.45000168746127,26.320000071818544],[117.45000168746127,25.82000099836961]]]}"
00000000000000000613,352,149,105640.0,13112.335570469799,8049.714285714285,5624.0,1953738.0,"{""type"":""Polygon"",""coordinates"":[[[117.9500006647658,25.820001018723836],[118.01250059673546,25.820000996136667],[118.07500042291933,25.82000104908155],[118.13750027893767,25.820001066611802],[118.20000021071498,25.82000103878597],[118.26250008541567,25.820000992889515],[118.32499994851155,25.820001001066096],[118.38749984514642,25.820001052380267],[118.44999973101154,25.820000989387257],[118.44999973101154,26.31999999729756],[118.38749984514642,26.32000001760097],[118.32499994851155,26.32000007605725],[118.26250008541567,26.320000001029488],[118.20000021071498,26.320000052065065],[118.13750027893767,26.32000007591561],[118.07500042291933,26.32000004600588],[118.01250059673546,26.3200000561265],[117.9500006647658,26.32000005333883],[117.9500006647658,25.820001018723836]]]}"
00000000000000000614,353,58,53922.0,13277.948275862069,9649.0,5626.0,770121.0,"{""type"":""Polygon"",""coordinates"":[[[118.44999973101154,25.820000989387257],[118.51249956159542,25.820001067179703],[118.57499947028623,25.82000100742867],[118.63749932293841,25.820001000979573],[118.69999916329995,25.82000103537597],[118.76249903476817,25.820001015422495],[118.82499898038535,25.820001010336266],[118.88749886507792,25.820001044981538],[118.9499987313784,25.8200010233876],[118.9499987313784,26.32000002903969],[118.88749886507792,26.32000006729544],[118.82499898038535,26.320000027813126],[118.76249903476817,26.320000007669666],[118.69999916329995,26.320000064976902],[118.63749932293841,26.320000049694784],[118.57499947028623,26.320000058120414],[118.51249956159539,26.32000002158063],[118.44999973101154,26.31999999729756],[118.44999973101154,25.820000989387257]]]}"
00000000000000000615,354,32,36989.0,10229.1875,8043.0,5625.0,327334.0,"{""type"":""Polygon"",""coordinates"":[[[118.9499987313784,25.8200010233876],[119.01249915429268,25.82000106238533],[119.07499955357449,25.820001035445873],[119.13749997075175,25.82000101011974],[119.20000044697548,25.82000105344782],[119.26250084569612,25.8200010246535],[119.32500129614436,25.820001052854],[119.38750174984433,25.820001059419397],[119.45000215807949,25.820001047638574],[119.45000215807949,26.320000053653064],[119.38750174984433,26.3200000526733],[119.32500129614436,26.320000002591666],[119.26250084569612,26.320000065014835],[119.20000044697548,26.319999991672805],[119.13749997075175,26.320000065140377],[119.07499955357449,26.320000016664647],[119.01249915429268,26.320000026654842],[118.9499987313784,26.32000002903969],[118.9499987313784,25.8200010233876]]]}"
00000000000000000616,355,0,,,,,0.0,"{""type"":""Polygon"",""coordinates"":[[[98.94999854015231,26.32000004754144],[99.01249894448146,26.320000012410357],[99.07499935293878,26.320000034154415],[99.13749985949617,26.31999999763897],[99.2000002217807,26.320000076945007],[99.26250070551194,26.32000005636592],[99.32500115540873,26.3200000149069],[99.38750158649148,26.32000002047635],[99.45000201518567,26.320000051446918],[99.45000201518567,26.819999047300808],[99.38750158649148,26.819998998491354],[99.32500115540873,26.819999076978977],[99.26250070551194,26.81999903745344],[99.2000002217807,26.819999079631273],[99.13749985949617,26.819999035737723],[99.07499935293878,26.81999903244461],[99.01249894448146,26.819999074281498],[98.94999854015231,26.81999900914697],[98.94999854015231,26.32000004754144]]]}"
00000000000000000617,356,6,61012.0,16321.166666666666,8024.5,5620.0,97927.0,"{""type"":""Polygon"",""coordinates"":[[[99.45000201518567,26.320000051446918],[99.5125018654743,26.32000003625535],[99.57500174951721,26.320000003033126],[99.63750160295518,26.32000002429037],[99.70000144757573,26.32000007742816],[99.76250139162286,26.320000044582784],[99.82500120435228,26.320000009258838],[99.88750108168577,26.320000025630108],[99.95000096556808,26.320000075900918],[99.95000096556808,26.819999026792942],[99.88750108168576,26.819999043162888],[99.82500120435228,26.819999015016418],[99.76250139162286,26.819999049292516],[99.70000144757573,26.81999900343721],[99.63750160295518,26.81999906115754],[99.57500174951723,26.81999907348388],[99.5125018654743,26.819999063241386],[99.45000201518567,26.819999047300808],[99.45000201518567,26.320000051446918]]]}"
00000000000000000618,357,369,368443.0,17788.20596205962,11114.46511627907,5604.0,6563848.0,"{""type"":""Polygon"",""coordinates"":[[[99.95000096556808,26.320000075900918],[100.01250088437155,26.320000047047955],[100.07500069700846,26.320000016099183],[100.13750060505761,26.32000003579646],[100.20000046983237,26.32000000448267],[100.26250032462946,26.320000075515097],[100.32500020405068,26.3200000455957],[100.38750014399517,26.32000006743965],[100.45000001014012,26.32000003881251],[100.45000001014012,26.819999070965935],[100.38750014399517,26.81999900297668],[100.32500020405068,26.819999070640506],[100.26250032462947,26.819999020658614],[100.20000046983237,26.819999056515236],[100.13750060505761,26.819999025844503],[100.07500069700846,26.819999042655397],[100.01250088437155,26.819999030704803],[99.95000096556808,26.819999026792942],[99.95000096556808,26.320000075900918]]]}"
00000000000000000619,358,266,223740.0,19963.045112781954,10869.9,5605.0,5310170.0,"{""type"":""Polygon"",""coordinates"":[[[100.45000001014012,26.32000003881251],[100.5124998406031,26.32000002296823],[100.57499976065216,26.32000007643448],[100.63749963926456,26.32000000744443],[100.69999951819264,26.320000056401508],[100.76249935439841,26.320000024859034],[100.8249992780695,26.32000005710106],[100.88749907622298,26.320000056311116],[100.94999896751168,26.320000070652608],[100.94999896751168,26.819999066970084],[100.88749907622298,26.81999907941633],[100.8249992780695,26.819999023766478],[100.76249935439841,26.81999903007502],[100.69999951819264,26.819999017466394],[100.63749963926456,26.81999902002323],[100.57499976065216,26.819999058425598],[100.5124998406031,26.81999907078586],[100.45000001014012,26.819999070965935],[100.45000001014012,26.32000003881251]]]}"
0000000000000000061a,359,313,251050.0,18906.26517571885,10789.037037037036,5221.0,5917661.0,"{""type"":""Polygon"",""coordinates"":[[[100.94999896751168,26.320000070652608],[101.01249882717765,26.319999996410896],[101.07499870389056,26.320000072161353],[101.13749864753342,26.3200000026056],[101.19999844987971,26.32000004599252],[101.26249833570857,26.32000007088826],[101.32499827178705,26.32000005475823],[101.38749813924753,26.320000070683374],[101.44999799327965,26.3200000000896],[101.44999799327965,26.819999036383557],[101.38749813924753,26.81999901132677],[101.32499827178705,26.8199989916123],[101.26249833570857,26.81999900732708],[101.19999844987971,26.81999907443506],[101.13749864753342,26.81999903834305],[101.07499870389056,26.819999030768578],[101.01249882717767,26.81999906026247],[100.94999896751168,26.819999066970084],[100.94999896751168,26.320000070652608]]]}"
0000000000000000061b,360,516,185045.0,17491.5988372093,9615.297297297297,5600.0,9025665.0,"{""type"":""Polygon"",""coordinates"":[[[101.44999799327965,26.3200000000896],[101.51249841049612,26.3200000372749],[101.57499884204753,26.320000022781862],[101.63749925963809,26.320000021871344],[101.6999997227788,26.320000003654254],[101.7625001182872,26.32000004004208],[101.8250005946132,26.32000000368735],[101.88750104047836,26.320000054813175],[101.95000143238939,26.320000080046874],[101.95000143238939,26.8199990551727],[101.88750104047836,26.819999012164423],[101.8250005946132,26.819999032167136],[101.7625001182872,26.819999051534637],[101.6999997227788,26.819998999141493],[101.63749925963809,26.819999002603662],[101.57499884204753,26.819999078984072],[101.51249841049612,26.819999082314325],[101.44999799327965,26.819999036383557],[101.44999799327965,26.3200000000896]]]}"
0000000000000000061c,361,492,167304.0,15526.315040650406,9631.37037037037,2655.0,7638947.0,"{""type"":""Polygon"",""coordinates"":[[[101.95000143238939,26.320000080046874],[102.01250131215058,26.32000000273146],[102.07500118037699,26.32000002019676],[102.13750110367965,26.320000010941442],[102.2000009752185,26.320000045481482],[102.26250086349057,26.320000001885944],[102.32500066333235,26.320000038986485],[102.38750053252556,26.320000026741475],[102.45000045517783,26.320000027178054],[102.45000045517783,26.81999902681099],[102.38750053252556,26.819999019137057],[102.32500066333235,26.81999902136155],[102.26250086349057,26.81999906039773],[102.2000009752185,26.819999001215198],[102.13750110367965,26.81999903940776],[102.07500118037699,26.819999031684578],[102.01250131215058,26.819998996375787],[101.95000143238939,26.8199990551727],[101.95000143238939,26.320000080046874]]]}"
0000000000000000061d,362,43,69791.0,12150.651162790698,8817.0,5611.0,522478.0,"{""type"":""Polygon"",""coordinates"":[[[102.45000045517783,26.320000027178054],[102.51250032874732,26.320000021202695],[102.57500022649201,26.32000006274947],[102.63750004749501,26.3200000438201],[102.69999995447873,26.320000009985332],[102.76249984827193,26.32000002988795],[102.82499971810891,26.3200000756348],[102.88749955406026,26.32000003063433],[102.94999943487058,26.320000035564853],[102.94999943487058,26.819999040147845],[102.88749955406026,26.819999063002804],[102.82499971810891,26.819999041577876],[102.76249984827193,26.8199990126197],[102.69999995447873,26.819999004534676],[102.63750004749501,26.819999045523875],[102.57500022649201,26.819999067335427],[102.51250032874732,26.8199990250948],[102.45000045517783,26.81999902681099],[102.45000045517783,26.320000027178054]]]}"
0000000000000000061e,363,0,,,,,0.0,"{""type"":""Polygon"",""coordinates"":[[[102.94999943487058,26.320000035564853],[103.01249935240315,26.32000006174098],[103.07499921140636,26.319999999936922],[103.13749909321939,26.320000078369453],[103.19999899214639,26.320000002379263],[103.26249881522786,26.32000001594323],[103.3249987344573,26.320000072774093],[103.38749857035549,26.320000070996723],[103.44999840847325,26.320000060498625],[103.44999840847325,26.81999903091723],[103.38749857035549,26.819999040883783],[103.3249987344573,26.81999903323713],[103.26249881522786,26.819999046934047],[103.19999899214639,26.81999900736252],[103.13749909321939,26.819999049554596],[103.07499921140635,26.81999901857376],[103.01249935240315,26.819999032334565],[102.94999943487058,26.819999040147845],[102.94999943487058,26.320000035564853]]]}"
0000000000000000061f,364,1,16000.0,16000.0,16000.0,16000.0,16000.0,"{""type"":""Polygon"",""coordinates"":[[[103.44999840847325,26.320000060498625],[103.51249886474936,26.32000004014461],[103.57499932114563,26.320000037550585],[103.6374997774681,26.320000021744406],[103.70000014592347,26.320000058381336],[103.76250060453198,26.32000001064503],[103.8250010670569,26.32000003192075],[103.88750144784625,26.320000010696134],[103.95000192741529,26.32000007392572],[103.95000192741529,26.81999902380364],[103.88750144784625,26.819999047201488],[103.8250010670569,26.81999905446139],[103.762500604532,26.819999007620368],[103.70000014592347,26.81999901824248],[103.6374997774681,26.819999021670608],[103.57499932114563,26.8199990670203],[103.51249886474936,26.819999000902406],[103.44999840847325,26.81999903091723],[103.44999840847325,26.320000060498625]]]}"
00000000000000000620,365,288,164627.0,15031.361111111111,9612.444444444445,5600.0,4329032.0,"{""type"":""Polygon"",""coordinates"":[[[103.95000192741529,26.32000007392572],[104.01250180165823,26.319999994656246],[104.07500169504861,26.320000032226904],[104.13750152472561,26.320000074352247],[104.2000013857669,26.32000007907859],[104.2625012853988,26.320000013002208],[104.32500114279593,26.320000027734697],[104.38750105528894,26.31999999227518],[104.450000943384,26.320000057730244],[104.450000943384,26.819999064146536],[104.38750105528894,26.81999902157121],[104.32500114279593,26.819999064077372],[104.2625012853988,26.81999904118463],[104.2000013857669,26.819999084199754],[104.13750152472561,26.81999904213357],[104.07500169504861,26.8199990367618],[104.01250180165823,26.819999022549005],[103.95000192741529,26.81999902380364],[103.95000192741529,26.32000007392572]]]}"
00000000000000000621,366,37,116240.0,16765.45945945946,8819.0,5605.0,620322.0,"{""type"":""Polygon"",""coordinates"":[[[104.450000943384,26.320000057730244],[104.512500817009,26.320000013587695],[104.57500068678307,26.320000001442143],[104.6375005640113,26.320000074472823],[104.70000037169314,26.320000030772203],[104.76250030042463,26.3199999925391],[104.825000185528,26.32000003071558],[104.88750004089037,26.320000021532614],[104.94999988105903,26.3200000169373],[104.94999988105903,26.819999015409415],[104.88750004089037,26.81999900831922],[104.825000185528,26.81999907437343],[104.76250030042463,26.819999074441878],[104.70000037169314,26.819999044668876],[104.6375005640113,26.819999002240674],[104.57500068678307,26.81999900169514],[104.512500817009,26.819999069168478],[104.450000943384,26.819999064146536],[104.450000943384,26.320000057730244]]]}"
00000000000000000622,367,1,5624.0,5624.0,5624.0,5624.0,5624.0,"{""type"":""Polygon"",""coordinates"":[[[104.94999988105903,26.3200000169373],[105.01249981039842,26.320000059053854],[105.07499966646854,26.320000042328],[105.1374995548915,26.32000000839249],[105.19999940353478,26.32000001765238],[105.26249931936047,26.320000023144356],[105.3249991420986,26.32000000665662],[105.38749906929306,26.31999999880721],[105.44999894178211,26.32000006879987],[105.44999894178211,26.819999025759227],[105.38749906929306,26.81999902717907],[105.3249991420986,26.819999083425785],[105.26249931936047,26.819999037965864],[105.19999940353478,26.819999036361473],[105.1374995548915,26.819999009326324],[105.07499966646853,26.819999004359214],[105.01249981039842,26.819999049263284],[104.94999988105903,26.819999015409415],[104.94999988105903,26.3200000169373]]]}"
00000000000000000623,368,0,,,,,0.0,"{""type"":""Polygon"",""coordinates"":[[[105.44999894178211,26.32000006879987],[105.51249877961354,26.32000000279216],[105.57499869290272,26.320000015741957],[105.63749852402003,26.320000000827672],[105.69999838424833,26.319999996856346],[105.76249829603358,26.32000005216346],[105.82499819282427,26.32000004945974],[105.88749800852842,26.320000046789875],[105.94999794643947,26.320000071494707],[105.94999794643947,26.819999063068515],[105.88749800852842,26.819999048102424],[105.82499819282427,26.819999033412135],[105.76249829603358,26.819999080068374],[105.69999838424833,26.819999043021994],[105.63749852402003,26.819999039679693],[105.57499869290272,26.81999902231866],[105.51249877961354,26.81999904047137],[105.44999894178211,26.819999025759227],[105.44999894178211,26.32000006879987]]]}"
00000000000000000624,369,10,38400.0,18481.7,14401.0,8000.0,184817.0,"{""type"":""Polygon"",""coordinates"":[[[105.94999794643947,26.320000071494707],[106.01249839000212,26.32000004212406],[106.07499873697631,26.320000076847347],[106.13749919243547,26.320000026711217],[106.19999960320456,26.320000046385562],[106.26250008579031,26.319999996588333],[106.32500048791435,26.320000031633946],[106.3875009271412,26.32000001172611],[106.45000134194315,26.32000008027393],[106.45000134194315,26.81999901110727],[106.3875009271412,26.819999010953456],[106.32500048791435,26.819999068298902],[106.26250008579031,26.819999040417066],[106.19999960320456,26.81999906751443],[106.13749919243547,26.81999908323063],[106.07499873697631,26.81999905244773],[106.01249839000212,26.819998995879264],[105.94999794643947,26.819999063068515],[105.94999794643947,26.320000071494707]]]}"
00000000000000000625,370,17,23231.0,10456.176470588236,8008.0,6401.0,177755.0,"{""type"":""Polygon"",""coordinates"":[[[106.45000134194315,26.32000008027393],[106.51250122173896,26.32000008348694],[106.57500113489608,26.32000000328491],[106.63750102130584,26.320000069791973],[106.70000091124314,26.320000064986786],[106.76250074549382,26.320000043697284],[106.82500064529452,26.32000003894028],[106.88750046233555,26.32000002842881],[106.95000040889545,26.320000033660136],[106.95000040889545,26.819999000216797],[106.88750046233555,26.81999906578352],[106.82500064529452,26.81999902467232],[106.76250074549382,26.81999903070423],[106.70000091124314,26.81999901918025],[106.63750102130584,26.81999904513543],[106.57500113489608,26.819999054311012],[106.51250122173896,26.819999003005588],[106.45000134194315,26.81999901110727],[106.45000134194315,26.32000008027393]]]}"
00000000000000000626,371,46,71447.0,13338.260869565218,9219.0,5601.0,613560.0,"{""type"":""Polygon"",""coordinates"":[[[106.95000040889545,26.320000033660136],[107.01250024745117,26.320000042868383],[107.07500010115805,26.320000000550817],[107.13750000360177,26.32000003634176],[107.19999989867381,26.32000002875657],[107.26249973064182,26.320000030764096],[107.32499962457192,26.320000072783913],[107.38749952560921,26.320000032758568],[107.44999937926345,26.320000050132375],[107.44999937926345,26.819999045180328],[107.38749952560921,26.819999049068855],[107.32499962457192,26.819999071060185],[107.26249973064182,26.819999059475265],[107.19999989867381,26.819999049526913],[107.13750000360177,26.81999901161511],[107.07500010115805,26.819999067528393],[107.01250024745117,26.819999077626054],[106.95000040889545,26.819999000216797],[106.95000040889545,26.320000033660136]]]}"
00000000000000000627,372,84,58610.0,10706.952380952382,8022.5,4395.0,899384.0,"{""type"":""Polygon"",""coordinates"":[[[107.44999937926345,26.320000050132375],[107.51249922168424,26.3200000784564],[107.57499908946542,26.320000070996812],[107.63749901963907,26.320000067844834],[107.69999886898934,26.32000004454837],[107.76249876564697,26.320000029291354],[107.82499865748639,26.320000072802056],[107.88749849272108,26.32000005156702],[107.94999840073855,26.319999992779398],[107.94999840073855,26.81999907690224],[107.88749849272108,26.819999056393925],[107.8249986574864,26.81999904137985],[107.76249876564697,26.81999900558054],[107.69999886898934,26.819999072757565],[107.63749901963907,26.819999018924356],[107.57499908946542,26.819999077531538],[107.51249922168424,26.819999012445535],[107.44999937926345,26.819999045180328],[107.44999937926345,26.320000050132375]]]}"
00000000000000000628,373,464,546266.0,15682.495689655172,10237.879310344828,5221.0,7276678.0,"{""type"":""Polygon"",""coordinates"":[[[107.94999840073855,26.319999992779398],[108.01249878272381,26.320000061980764],[108.07499922645421,26.320000007256713],[108.13749968162853,26.320000052102657],[108.20000009826589,26.320000071973762],[108.26250051721281,26.32000001733021],[108.3250009796999,26.320000012090528],[108.387501436792,26.3200000179619],[108.45000183986016,26.319999996541675],[108.45000183986016,26.819999017904028],[108.387501436792,26.81999907114036],[108.32500097969988,26.819999048949533],[108.26250051721281,26.819999076834012],[108.20000009826589,26.819999020050528],[108.13749968162853,26.819999015791982],[108.07499922645421,26.81999902747493],[108.01249878272381,26.819999006294204],[107.94999840073855,26.81999907690224],[107.94999840073855,26.319999992779398]]]}"
00000000000000000629,374,508,121118.0,13007.986220472441,8821.129032258064,1745.0,6608057.0,"{""type"":""Polygon"",""coordinates"":[[[108.45000183986016,26.319999996541675],[108.51250168769621,26.320000056391887],[108.57500156618424,26.32000007481799],[108.63750142769644,26.320000012744995],[108.70000131552,26.320000079024354],[108.76250118265287,26.32000006057955],[108.8250010730305,26.320000078910127],[108.88750094026051,26.32000000734172],[108.95000082890888,26.32000005341541],[108.95000082890888,26.81999901120278],[108.88750094026051,26.819999057207127],[108.8250010730305,26.819999081046774],[108.76250118265287,26.819999049289596],[108.70000131552,26.819999002328984],[108.63750142769644,26.81999907933668],[108.57500156618424,26.819999060575256],[108.51250168769621,26.819998998036997],[108.45000183986016,26.819999017904028],[108.45000183986016,26.319999996541675]]]}"
0000000000000000062a,375,1165,676521.0,17392.916738197426,10184.156118143459,5496.0,2.0262748E7,"{""type"":""Polygon"",""coordinates"":[[[108.95000082890888,26.32000005341541],[109.01250069317662,26.320000003371856],[109.07500057824282,26.320000064092465],[109.13750043888552,26.3200000214743],[109.20000032087941,26.3200000817363],[109.26250017956323,26.320000030430606],[109.32500006128967,26.32000007311102],[109.38749992194201,26.320000081477133],[109.44999980843326,26.320000000934282],[109.44999980843326,26.819999007170335],[109.38749992194201,26.819999020922474],[109.32500006128967,26.819999060593005],[109.26250017956323,26.819999008765055],[109.20000032087941,26.819999080359192],[109.13750043888552,26.819999070990967],[109.07500057824282,26.819999022366588],[109.01250069317662,26.819999075113294],[108.95000082890888,26.81999901120278],[108.95000082890888,26.32000005341541]]]}"
0000000000000000062b,376,40,72812.0,15350.025,9614.0,5600.0,614001.0,"{""type"":""Polygon"",""coordinates"":[[[109.44999980843326,26.320000000934282],[109.51249967717493,26.320000048716523],[109.57499957562284,26.319999996710337],[109.63749946070045,26.320000061569438],[109.69999938038876,26.320000014739456],[109.76249920127421,26.319999998907093],[109.82499906265927,26.320000031259987],[109.88749892244346,26.320000068222306],[109.94999882960636,26.320000052992384],[109.94999882960636,26.819999069662483],[109.88749892244346,26.819999073369686],[109.82499906265927,26.819999048039143],[109.76249920127421,26.81999905114121],[109.69999938038876,26.81999904054386],[109.63749946070045,26.819998999997036],[109.57499957562284,26.819999046161143],[109.51249967717493,26.819999062948956],[109.44999980843326,26.819999007170335],[109.44999980843326,26.320000000934282]]]}"
0000000000000000062c,377,190,239583.0,18212.194736842106,9610.111111111111,5605.0,3460317.0,"{""type"":""Polygon"",""coordinates"":[[[109.94999882960636,26.320000052992384],[110.01249874251052,26.320000027878837],[110.07499861973156,26.320000034976317],[110.13749851093976,26.320000016708505],[110.19999837515131,26.32000001467436],[110.26249826248451,26.320000056920993],[110.32499813237996,26.320000012198737],[110.38749794447425,26.32000000758051],[110.44999784043416,26.32000005678719],[110.44999784043416,26.8199990583358],[110.38749794447425,26.81999900875377],[110.32499813237996,26.819999030457815],[110.26249826248451,26.81999902477617],[110.19999837515131,26.819999037449076],[110.13749851093976,26.819999028057257],[110.07499861973156,26.819999055398597],[110.01249874251052,26.81999899246742],[109.94999882960636,26.819999069662483],[109.94999882960636,26.320000052992384]]]}"
0000000000000000062d,378,137,246028.0,17298.66423357664,8823.333333333334,5600.0,2369917.0,"{""type"":""Polygon"",""coordinates"":[[[110.44999784043416,26.32000005678719],[110.5124982349368,26.3200000463306],[110.57499872458666,26.320000069814345],[110.63749917888184,26.320000008487245],[110.69999955841789,26.320000074075246],[110.76250000585576,26.320000020639302],[110.82500048216698,26.320000059166908],[110.88750085753803,26.320000070343966],[110.95000127517434,26.320000065286784],[110.95000127517433,26.81999901590602],[110.88750085753803,26.8199990762393],[110.82500048216698,26.81999904671506],[110.76250000585576,26.81999900300247],[110.69999955841789,26.819999064587872],[110.63749917888184,26.819999021527032],[110.57499872458666,26.819999034425447],[110.5124982349368,26.81999906430978],[110.44999784043416,26.8199990583358],[110.44999784043416,26.32000005678719]]]}"
0000000000000000062e,379,196,219819.0,19331.86224489796,10747.636363636364,5600.0,3789045.0,"{""type"":""Polygon"",""coordinates"":[[[110.95000127517434,26.320000065286784],[111.012501150796,26.320000079738005],[111.07500108272143,26.320000055156342],[111.13750094178911,26.320000043312866],[111.2000007809136,26.320000067894153],[111.26250065316744,26.3200000664117],[111.3250005208042,26.320000075929862],[111.38750043719087,26.32000003341119],[111.45000027388987,26.320000075310325],[111.45000027388987,26.819999032892145],[111.38750043719087,26.819999058736254],[111.3250005208042,26.819999004364902],[111.26250065316742,26.81999907626382],[111.2000007809136,26.819999081480123],[111.13750094178911,26.819999069233994],[111.07500108272143,26.819999017063605],[111.012501150796,26.81999907349385],[110.95000127517433,26.81999901590602],[110.95000127517434,26.320000065286784]]]}"
0000000000000000062f,380,64,128884.0,17854.5,11607.0,5600.0,1142688.0,"{""type"":""Polygon"",""coordinates"":[[[111.45000027388987,26.320000075310325],[111.51250017551725,26.320000038182307],[111.57500001390144,26.320000058012905],[111.63749993392162,26.320000056383417],[111.69999980765746,26.31999999755081],[111.76249968925852,26.320000073660882],[111.82499954201671,26.32000006302678],[111.8874994203104,26.320000071574984],[111.94999928765343,26.320000048314906],[111.94999928765343,26.81999903587842],[111.8874994203104,26.819999016225232],[111.82499954201671,26.81999905074061],[111.76249968925852,26.819999020261516],[111.69999980765746,26.81999907613427],[111.63749993392162,26.81999901318262],[111.57500001390144,26.819999067642602],[111.51250017551725,26.81999901928226],[111.45000027388987,26.819999032892145],[111.45000027388987,26.320000075310325]]]}"
00000000000000000630,381,87,41685.0,12428.747126436781,9234.0,5019.0,1081301.0,"{""type"":""Polygon"",""coordinates"":[[[111.94999928765343,26.320000048314906],[112.0124991986357,26.320000012978937],[112.07499902601046,26.320000014213132],[112.13749891553334,26.320000056497737],[112.19999883111501,26.320000002460212],[112.26249864580134,26.320000070934736],[112.3249985965618,26.319999994474358],[112.3874984656561,26.32000000613797],[112.44999830829926,26.320000038273665],[112.44999830829926,26.819999041327335],[112.38749846565608,26.819999074462476],[112.3249985965618,26.81999903743383],[112.26249864580134,26.81999908377006],[112.19999883111501,26.819999066315038],[112.13749891553334,26.819998997690977],[112.07499902601046,26.819999000851755],[112.0124991986357,26.819999043140474],[111.94999928765343,26.81999903587842],[111.94999928765343,26.320000048314906]]]}"
00000000000000000631,382,77,114850.0,11612.714285714286,8029.375,5601.0,894179.0,"{""type"":""Polygon"",""coordinates"":[[[112.44999830829926,26.320000038273665],[112.51249872542826,26.320000018296085],[112.57499913573395,26.32000006744781],[112.63749959462092,26.32000003194379],[112.70000006661674,26.32000002842887],[112.76250042539426,26.320000018086507],[112.82500090837965,26.320000071564312],[112.88750129843874,26.3200000796218],[112.95000174215942,26.320000042301317],[112.95000174215942,26.81999906994482],[112.88750129843872,26.81999907625711],[112.82500090837965,26.8199990253127],[112.76250042539426,26.8199990032015],[112.70000006661674,26.819999034261112],[112.63749959462092,26.81999904936245],[112.57499913573395,26.819999002649578],[112.51249872542826,26.819999033561977],[112.44999830829926,26.819999041327335],[112.44999830829926,26.320000038273665]]]}"
00000000000000000632,383,187,65809.0,13508.235294117647,8825.272727272728,5604.0,2526040.0,"{""type"":""Polygon"",""coordinates"":[[[112.95000174215942,26.320000042301317],[113.01250165895986,26.31999999676217],[113.07500155915373,26.320000051492702],[113.13750140764363,26.320000066126003],[113.20000126025225,26.320000054710118],[113.26250117281332,26.320000030881616],[113.32500101945124,26.32000003900439],[113.3875008560576,26.320000007293125],[113.45000073852206,26.320000033346098],[113.45000073852206,26.819999053446562],[113.3875008560576,26.819999033595572],[113.32500101945124,26.819999053033587],[113.26250117281332,26.81999901530287],[113.20000126025225,26.819999077779258],[113.13750140764363,26.819999027115262],[113.07500155915373,26.819999020241628],[113.01250165895986,26.81999904415672],[112.95000174215942,26.81999906994482],[112.95000174215942,26.320000042301317]]]}"
00000000000000000633,384,41,156815.0,17192.39024390244,9636.0,5602.0,704888.0,"{""type"":""Polygon"",""coordinates"":[[[113.45000073852206,26.320000033346098],[113.51250063189647,26.32000006031485],[113.57500050125826,26.320000031231018],[113.63750040251857,26.320000042729003],[113.70000030076775,26.320000037298684],[113.76250016111256,26.320000042013547],[113.82500003945233,26.320000067785145],[113.88749990088554,26.320000056442773],[113.94999980127372,26.320000018294667],[113.94999980127372,26.81999899534015],[113.88749990088554,26.819999046054374],[113.82500003945233,26.819999045043872],[113.76250016111256,26.819999067529096],[113.70000030076775,26.819999003247933],[113.63750040251857,26.819999011377927],[113.57500050125826,26.819999065704895],[113.51250063189646,26.81999905513399],[113.45000073852206,26.819999053446562],[113.45000073852206,26.320000033346098]]]}"
00000000000000000634,385,51,113923.0,15442.039215686274,10437.0,5606.0,787544.0,"{""type"":""Polygon"",""coordinates"":[[[113.94999980127372,26.320000018294667],[114.01249961494779,26.32000007995936],[114.07499948848324,26.320000065873707],[114.13749938691707,26.320000001488218],[114.19999927528013,26.3199999965268],[114.26249911859477,26.32000007589203],[114.32499906323218,26.320000062779517],[114.3874988927758,26.3200000142029],[114.44999875351041,26.32000000617163],[114.44999875351041,26.819999067291125],[114.3874988927758,26.81999906429491],[114.32499906323218,26.81999906998026],[114.26249911859477,26.819999009723126],[114.19999927528013,26.819998995552965],[114.13749938691707,26.819999036597064],[114.07499948848324,26.81999902434315],[114.01249961494779,26.81999901878396],[113.94999980127372,26.81999899534015],[113.94999980127372,26.320000018294667]]]}"
00000000000000000635,386,0,,,,,0.0,"{""type"":""Polygon"",""coordinates"":[[[114.44999875351041,26.32000000617163],[114.51249861031246,26.320000062479725],[114.57499851865737,26.320000021556833],[114.63749835271804,26.320000007591467],[114.69999825847623,26.32000001065188],[114.76249811002621,26.320000070030463],[114.82499805317266,26.320000006590586],[114.8874978713726,26.32000004435879],[114.94999780081427,26.320000071093027],[114.94999780081427,26.81999906874955],[114.8874978713726,26.819999063715674],[114.82499805317266,26.819999008671957],[114.76249811002621,26.819999017160068],[114.69999825847623,26.81999903406381],[114.63749835271804,26.819999071327885],[114.57499851865738,26.81999900607335],[114.51249861031246,26.81999901777199],[114.44999875351041,26.819999067291125],[114.44999875351041,26.32000000617163]]]}"
00000000000000000636,387,60,105865.0,16183.033333333333,10017.0,5603.0,970982.0,"{""type"":""Polygon"",""coordinates"":[[[114.94999780081427,26.320000071093027],[115.01249816795351,26.320000041245688],[115.0749986654598,26.320000026119313],[115.13749907662935,26.31999999638214],[115.19999954668145,26.320000023355103],[115.26249994931185,26.320000060522364],[115.32500033907466,26.32000002742339],[115.38750077038793,26.32000001120565],[115.45000120714293,26.320000031666414],[115.45000120714293,26.819999023293978],[115.38750077038793,26.819999032182228],[115.32500033907466,26.81999903176616],[115.26249994931185,26.819999003063266],[115.19999954668145,26.819999027876907],[115.13749907662935,26.819999019906884],[115.0749986654598,26.819999026095008],[115.01249816795351,26.81999906049934],[114.94999780081427,26.81999906874955],[114.94999780081427,26.320000071093027]]]}"
00000000000000000637,388,133,74467.0,14264.060150375939,10426.333333333334,5601.0,1897120.0,"{""type"":""Polygon"",""coordinates"":[[[115.45000120714293,26.320000031666414],[115.51250107096507,26.32000004343337],[115.57500095838192,26.320000030396546],[115.63750083301515,26.32000001162224],[115.70000074871464,26.320000072473032],[115.76250057859622,26.32000008111641],[115.82500046656986,26.320000021301695],[115.887500375804,26.319999994712926],[115.95000026937656,26.320000019008607],[115.95000026937656,26.819999034977126],[115.887500375804,26.81999902051069],[115.82500046656986,26.819999003570384],[115.76250057859622,26.81999905092925],[115.70000074871466,26.81999906197819],[115.63750083301515,26.81999905433623],[115.57500095838192,26.81999907650119],[115.51250107096507,26.819999044317264],[115.45000120714293,26.819999023293978],[115.45000120714293,26.320000031666414]]]}"
00000000000000000638,389,109,111548.0,14554.155963302752,8810.714285714286,5600.0,1586403.0,"{""type"":""Polygon"",""coordinates"":[[[115.95000026937656,26.320000019008607],[116.01250011027291,26.320000027974256],[116.07499995156216,26.32000002136682],[116.13749984612735,26.31999999853942],[116.1999997565261,26.320000059620607],[116.26249964521116,26.320000053823186],[116.32499947452831,26.319999997362512],[116.38749938684246,26.32000003763125],[116.44999925409569,26.32000004088729],[116.44999925409569,26.819999033236897],[116.38749938684246,26.81999899971391],[116.32499947452831,26.81999903510139],[116.26249964521116,26.819999023520936],[116.1999997565261,26.819999069285576],[116.13749984612735,26.819999073771204],[116.07499995156216,26.819999021459243],[116.01250011027291,26.819999063575445],[115.95000026937656,26.819999034977126],[115.95000026937656,26.320000019008607]]]}"
00000000000000000639,390,718,250446.0,18945.01114206128,10757.78431372549,5422.0,1.3602518E7,"{""type"":""Polygon"",""coordinates"":[[[116.44999925409569,26.32000004088729],[116.51249912824201,26.32000000469055],[116.57499897102883,26.3200000274563],[116.63749883404937,26.320000022645978],[116.69999876867364,26.32000007005319],[116.76249864621,26.320000035173127],[116.82499851772052,26.319999997295014],[116.8874983441674,26.320000053292283],[116.94999826605553,26.32000001385135],[116.94999826605553,26.819999018837176],[116.8874983441674,26.819999051439435],[116.82499851772049,26.81999900283087],[116.76249864621,26.819999063425257],[116.69999876867364,26.819999054295693],[116.63749883404937,26.819999063742582],[116.57499897102883,26.81999906032955],[116.51249912824201,26.819999048735628],[116.44999925409569,26.819999033236897],[116.44999925409569,26.32000004088729]]]}"
0000000000000000063a,391,481,355405.0,21361.141372141374,11129.40322580645,5605.0,1.0274709E7,"{""type"":""Polygon"",""coordinates"":[[[116.94999826605553,26.32000001385135],[117.01249869297735,26.320000050477752],[117.07499913599196,26.32000001691883],[117.1374995553392,26.32000000886338],[117.20000000084326,26.32000002027396],[117.26250043236597,26.320000063087946],[117.32500080961702,26.320000066035988],[117.38750127144553,26.320000003794707],[117.45000168746127,26.320000071818544],[117.45000168746127,26.81999901313724],[117.38750127144553,26.819999028193788],[117.32500080961704,26.81999901386463],[117.26250043236597,26.81999902410475],[117.20000000084326,26.81999900287087],[117.1374995553392,26.819999022220614],[117.07499913599196,26.819999071160133],[117.01249869297735,26.819999073920826],[116.94999826605553,26.819999018837176],[116.94999826605553,26.32000001385135]]]}"
0000000000000000063b,392,734,407238.0,19729.07356948229,11063.838709677419,5601.0,1.448114E7,"{""type"":""Polygon"",""coordinates"":[[[117.45000168746127,26.320000071818544],[117.51250156887173,26.320000042102006],[117.57500141246646,26.32000006333449],[117.6375013560503,26.320000025785557],[117.70000117902012,26.32000005956983],[117.76250110819338,26.32000003569444],[117.82500092265155,26.320000001090314],[117.88750084859045,26.319999991491034],[117.9500006647658,26.32000005333883],[117.9500006647658,26.819999015282356],[117.88750084859045,26.819999024106046],[117.82500092265155,26.819999019625033],[117.76250110819338,26.81999903836528],[117.70000117902012,26.819999046443463],[117.6375013560503,26.819998997390634],[117.57500141246646,26.819999021735065],[117.51250156887173,26.819999072712264],[117.45000168746127,26.81999901313724],[117.45000168746127,26.320000071818544]]]}"
0000000000000000063c,393,201,152482.0,16001.701492537313,10739.388888888889,5605.0,3216342.0,"{""type"":""Polygon"",""coordinates"":[[[117.9500006647658,26.32000005333883],[118.01250059673546,26.3200000561265],[118.07500042291933,26.32000004600588],[118.13750027893767,26.32000007591561],[118.20000021071498,26.320000052065065],[118.26250008541567,26.320000001029488],[118.32499994851155,26.32000007605725],[118.38749984514642,26.32000001760097],[118.44999973101154,26.31999999729756],[118.44999973101154,26.819998999720617],[118.38749984514642,26.81999906694418],[118.32499994851155,26.81999899651887],[118.26250008541567,26.81999902959302],[118.20000021071498,26.81999901489063],[118.13750027893767,26.81999904770988],[118.07500042291933,26.819999019845188],[118.01250059673546,26.819999026145247],[117.9500006647658,26.819999015282356],[117.9500006647658,26.32000005333883]]]}"
0000000000000000063d,394,148,132821.0,15769.756756756757,9610.1,5600.0,2333924.0,"{""type"":""Polygon"",""coordinates"":[[[118.44999973101154,26.31999999729756],[118.51249956159539,26.32000002158063],[118.57499947028623,26.320000058120414],[118.63749932293841,26.320000049694784],[118.69999916329995,26.320000064976902],[118.76249903476817,26.320000007669666],[118.82499898038535,26.320000027813126],[118.88749886507792,26.32000006729544],[118.9499987313784,26.32000002903969],[118.9499987313784,26.81999902414969],[118.88749886507792,26.81999899249937],[118.82499898038535,26.819999027191077],[118.76249903476817,26.819999062428828],[118.69999916329995,26.819999074779044],[118.63749932293841,26.819998997774714],[118.57499947028623,26.819999010962988],[118.51249956159542,26.81999904714554],[118.44999973101154,26.819998999720617],[118.44999973101154,26.31999999729756]]]}"
0000000000000000063e,395,32,133359.0,16304.65625,9620.5,4980.0,521749.0,"{""type"":""Polygon"",""coordinates"":[[[118.9499987313784,26.32000002903969],[119.01249915429268,26.320000026654842],[119.07499955357449,26.320000016664647],[119.13749997075175,26.320000065140377],[119.20000044697548,26.319999991672805],[119.26250084569612,26.320000065014835],[119.32500129614436,26.320000002591666],[119.38750174984433,26.3200000526733],[119.45000215807949,26.320000053653064],[119.45000215807949,26.8199990566023],[119.38750174984433,26.819999026525288],[119.32500129614436,26.819998999968938],[119.26250084569612,26.81999905751698],[119.20000044697548,26.819999034168113],[119.13749997075175,26.8199990498995],[119.07499955357449,26.81999900083981],[119.01249915429268,26.81999906843521],[118.9499987313784,26.81999902414969],[118.9499987313784,26.32000002903969]]]}"
0000000000000000063f,396,89,104945.0,14904.38202247191,10415.0,5605.0,1326490.0,"{""type"":""Polygon"",""coordinates"":[[[119.45000215807949,26.320000053653064],[119.51250202934987,26.320000025370934],[119.57500193431869,26.319999994355094],[119.63750182330921,26.320000043696766],[119.70000164639437,26.320000011007565],[119.7625015301001,26.32000002053436],[119.82500142375648,26.32000007266551],[119.88750127643594,26.32000000437367],[119.95000112518373,26.320000040378222],[119.95000112518373,26.81999907232625],[119.88750127643594,26.819999037839214],[119.82500142375648,26.81999906867002],[119.7625015301001,26.819999023324964],[119.70000164639437,26.81999906562402],[119.63750182330921,26.819999033068772],[119.57500193431869,26.81999904801896],[119.51250202934987,26.81999902874942],[119.45000215807949,26.8199990566023],[119.45000215807949,26.320000053653064]]]}"
00000000000000000640,401,0,,,,,0.0,"{""type"":""Polygon"",""coordinates"":[[[98.94999854015231,26.81999900914697],[99.01249894448146,26.819999074281498],[99.07499935293878,26.81999903244461],[99.13749985949617,26.819999035737723],[99.2000002217807,26.819999079631273],[99.26250070551194,26.81999903745344],[99.32500115540873,26.819999076978977],[99.38750158649148,26.819998998491354],[99.45000201518567,26.819999047300808],[99.45000201518567,27.31999807158444],[99.3875015864915,27.319998002365185],[99.32500115540873,27.319998073653224],[99.26250070551194,27.319998041013037],[99.2000002217807,27.319998015105757],[99.13749985949617,27.31999800641224],[99.07499935293878,27.319998052974245],[99.01249894448146,27.319998070439095],[98.94999854015231,27.319997996310665],[98.94999854015231,26.81999900914697]]]}"
00000000000000000641,402,0,,,,,0.0,"{""type"":""Polygon"",""coordinates"":[[[99.45000201518567,26.819999047300808],[99.5125018654743,26.819999063241386],[99.57500174951723,26.81999907348388],[99.63750160295518,26.81999906115754],[99.70000144757573,26.81999900343721],[99.76250139162286,26.819999049292516],[99.82500120435228,26.819999015016418],[99.88750108168576,26.819999043162888],[99.95000096556808,26.819999026792942],[99.95000096556808,27.31999805123017],[99.88750108168577,27.319998037271784],[99.82500120435228,27.319998078901502],[99.76250139162286,27.31999801675607],[99.70000144757573,27.319998064180584],[99.63750160295518,27.31999804938444],[99.57500174951721,27.319998001695474],[99.5125018654743,27.319998033010933],[99.45000201518567,27.31999807158444],[99.45000201518567,26.819999047300808]]]}"
00000000000000000642,403,0,,,,,0.0,"{""type"":""Polygon"",""coordinates"":[[[99.95000096556808,26.819999026792942],[100.01250088437155,26.819999030704803],[100.07500069700846,26.819999042655397],[100.13750060505761,26.819999025844503],[100.20000046983237,26.819999056515236],[100.26250032462947,26.819999020658614],[100.32500020405068,26.819999070640506],[100.38750014399517,26.81999900297668],[100.45000001014012,26.819999070965935],[100.45000001014012,27.319997997527363],[100.38750014399517,27.319997997421346],[100.32500020405068,27.319998052944804],[100.26250032462947,27.319998000196357],[100.20000046983237,27.319998042527228],[100.13750060505761,27.319998028273478],[100.07500069700846,27.319998071513435],[100.01250088437155,27.31999800760969],[99.95000096556808,27.31999805123017],[99.95000096556808,26.819999026792942]]]}"
00000000000000000643,404,0,,,,,0.0,"{""type"":""Polygon"",""coordinates"":[[[100.45000001014012,26.819999070965935],[100.5124998406031,26.81999907078586],[100.57499976065216,26.819999058425598],[100.63749963926456,26.81999902002323],[100.69999951819264,26.819999017466394],[100.76249935439841,26.81999903007502],[100.8249992780695,26.819999023766478],[100.88749907622298,26.81999907941633],[100.94999896751168,26.819999066970084],[100.94999896751168,27.3199979994179],[100.88749907622298,27.319998019907683],[100.8249992780695,27.319998067264546],[100.76249935439841,27.319998006118617],[100.69999951819264,27.319998021555204],[100.63749963926456,27.319998059481076],[100.57499976065216,27.31999805217984],[100.5124998406031,27.319998026863253],[100.45000001014012,27.319997997527363],[100.45000001014012,26.819999070965935]]]}"
00000000000000000644,405,83,71947.0,16540.036144578313,10388.666666666666,5583.0,1372823.0,"{""type"":""Polygon"",""coordinates"":[[[100.94999896751168,26.819999066970084],[101.01249882717767,26.81999906026247],[101.07499870389056,26.819999030768578],[101.13749864753342,26.81999903834305],[101.19999844987971,26.81999907443506],[101.26249833570857,26.81999900732708],[101.32499827178705,26.8199989916123],[101.38749813924753,26.81999901132677],[101.44999799327965,26.819999036383557],[101.44999799327965,27.319998005022946],[101.38749813924753,27.319998037590672],[101.32499827178705,27.31999807922181],[101.26249833570857,27.319998071863726],[101.19999844987971,27.319998031595382],[101.13749864753342,27.319998069943964],[101.07499870389056,27.31999805345787],[101.01249882717767,27.319998079237273],[100.94999896751168,27.3199979994179],[100.94999896751168,26.819999066970084]]]}"
00000000000000000645,406,371,155193.0,14450.072776280324,8785.185185185184,5576.0,5360977.0,"{""type"":""Polygon"",""coordinates"":[[[101.44999799327965,26.819999036383557],[101.51249841049612,26.819999082314325],[101.57499884204753,26.819999078984072],[101.63749925963809,26.819999002603662],[101.6999997227788,26.819998999141493],[101.7625001182872,26.819999051534637],[101.8250005946132,26.819999032167136],[101.88750104047836,26.819999012164423],[101.95000143238939,26.8199990551727],[101.95000143238939,27.319998003214785],[101.88750104047836,27.31999800131926],[101.8250005946132,27.319998063289276],[101.7625001182872,27.319998037586092],[101.6999997227788,27.319998030178006],[101.63749925963809,27.319998080567657],[101.57499884204753,27.319998029171906],[101.51249841049612,27.31999799596243],[101.44999799327965,27.319998005022946],[101.44999799327965,26.819999036383557]]]}"
00000000000000000646,407,314,135555.0,16556.942675159236,9583.95,5578.0,5198880.0,"{""type"":""Polygon"",""coordinates"":[[[101.95000143238939,26.8199990551727],[102.01250131215058,26.819998996375787],[102.07500118037699,26.819999031684578],[102.13750110367965,26.81999903940776],[102.2000009752185,26.819999001215198],[102.26250086349057,26.81999906039773],[102.32500066333235,26.81999902136155],[102.38750053252556,26.819999019137057],[102.45000045517783,26.81999902681099],[102.45000045517783,27.319997995702458],[102.38750053252556,27.319998033953443],[102.32500066333235,27.319998080051462],[102.26250086349057,27.319998072944852],[102.20000097521849,27.319998054981564],[102.13750110367965,27.31999804500764],[102.07500118037697,27.319998077065176],[102.01250131215058,27.319998081398555],[101.95000143238939,27.319998003214785],[101.95000143238939,26.8199990551727]]]}"
00000000000000000647,408,0,,,,,0.0,"{""type"":""Polygon"",""coordinates"":[[[102.45000045517783,26.81999902681099],[102.51250032874732,26.8199990250948],[102.57500022649201,26.819999067335427],[102.63750004749501,26.819999045523875],[102.69999995447873,26.819999004534676],[102.76249984827193,26.8199990126197],[102.82499971810891,26.819999041577876],[102.88749955406026,26.819999063002804],[102.94999943487058,26.819999040147845],[102.94999943487058,27.319998055474223],[102.88749955406026,27.319998065277762],[102.82499971810891,27.31999802583619],[102.76249984827193,27.31999806243594],[102.69999995447873,27.31999802753529],[102.63750004749501,27.319998037752015],[102.57500022649201,27.319998025238096],[102.51250032874732,27.319998034013242],[102.45000045517783,27.319997995702458],[102.45000045517783,26.81999902681099]]]}"
00000000000000000648,409,4,23899.0,13745.5,12348.0,6387.0,54982.0,"{""type"":""Polygon"",""coordinates"":[[[102.94999943487058,26.819999040147845],[103.01249935240315,26.819999032334565],[103.07499921140635,26.81999901857376],[103.13749909321939,26.819999049554596],[103.19999899214639,26.81999900736252],[103.26249881522786,26.819999046934047],[103.3249987344573,26.81999903323713],[103.38749857035549,26.819999040883783],[103.44999840847325,26.81999903091723],[103.44999840847325,27.319998011338125],[103.38749857035549,27.319998062351665],[103.3249987344573,27.319997999647775],[103.26249881522786,27.319998038585553],[103.19999899214639,27.319998016890047],[103.13749909321939,27.31999806991904],[103.07499921140635,27.319998043358733],[103.01249935240315,27.31999805523291],[102.94999943487058,27.319998055474223],[102.94999943487058,26.819999040147845]]]}"
00000000000000000649,410,47,150334.0,16764.59574468085,11194.0,5592.0,787936.0,"{""type"":""Polygon"",""coordinates"":[[[103.44999840847325,26.81999903091723],[103.51249886474936,26.819999000902406],[103.57499932114563,26.8199990670203],[103.6374997774681,26.819999021670608],[103.70000014592347,26.81999901824248],[103.762500604532,26.819999007620368],[103.8250010670569,26.81999905446139],[103.88750144784625,26.819999047201488],[103.95000192741529,26.81999902380364],[103.95000192741529,27.319998029214403],[103.88750144784625,27.319997998846542],[103.8250010670569,27.31999802860993],[103.76250060453198,27.3199980813632],[103.70000014592347,27.319998005051023],[103.6374997774681,27.319997999095975],[103.57499932114563,27.31999802528866],[103.51249886474936,27.31999801882077],[103.44999840847325,27.319998011338125],[103.44999840847325,26.81999903091723]]]}"
0000000000000000064a,411,413,392845.0,16688.958837772396,9128.95,5576.0,6892540.0,"{""type"":""Polygon"",""coordinates"":[[[103.95000192741529,26.81999902380364],[104.01250180165823,26.819999022549005],[104.07500169504861,26.8199990367618],[104.13750152472561,26.81999904213357],[104.2000013857669,26.819999084199754],[104.2625012853988,26.81999904118463],[104.32500114279593,26.819999064077372],[104.38750105528894,26.81999902157121],[104.450000943384,26.819999064146536],[104.450000943384,27.31999804272514],[104.38750105528894,27.319998052645087],[104.32500114279593,27.319998044888454],[104.2625012853988,27.319998045078876],[104.2000013857669,27.319998009315466],[104.13750152472561,27.319998050559704],[104.07500169504861,27.319998027442935],[104.01250180165823,27.319998070684036],[103.95000192741529,27.319998029214403],[103.95000192741529,26.81999902380364]]]}"
0000000000000000064b,412,13,27138.0,11235.0,9581.0,5583.0,146055.0,"{""type"":""Polygon"",""coordinates"":[[[104.450000943384,26.819999064146536],[104.512500817009,26.819999069168478],[104.57500068678307,26.81999900169514],[104.6375005640113,26.819999002240674],[104.70000037169314,26.819999044668876],[104.76250030042463,26.819999074441878],[104.825000185528,26.81999907437343],[104.88750004089037,26.81999900831922],[104.94999988105903,26.819999015409415],[104.94999988105903,27.319998038496177],[104.88750004089037,27.319998043436854],[104.825000185528,27.31999801533732],[104.76250030042463,27.319998078641483],[104.70000037169314,27.319998007091407],[104.6375005640113,27.319997993256],[104.57500068678307,27.319998004676563],[104.512500817009,27.31999806774459],[104.450000943384,27.31999804272514],[104.450000943384,26.819999064146536]]]}"
0000000000000000064c,413,0,,,,,0.0,"{""type"":""Polygon"",""coordinates"":[[[104.94999988105903,26.819999015409415],[105.01249981039842,26.819999049263284],[105.07499966646853,26.819999004359214],[105.1374995548915,26.819999009326324],[105.19999940353478,26.819999036361473],[105.26249931936047,26.819999037965864],[105.3249991420986,26.819999083425785],[105.38749906929306,26.81999902717907],[105.44999894178211,26.819999025759227],[105.44999894178211,27.31999802076329],[105.38749906929306,27.319998023375085],[105.3249991420986,27.31999805862637],[105.26249931936047,27.31999805801269],[105.19999940353478,27.319998080111713],[105.1374995548915,27.31999805599029],[105.07499966646854,27.3199980336683],[105.01249981039842,27.319998041220188],[104.94999988105903,27.319998038496177],[104.94999988105903,26.819999015409415]]]}"
0000000000000000064d,414,0,,,,,0.0,"{""type"":""Polygon"",""coordinates"":[[[105.44999894178211,26.819999025759227],[105.51249877961354,26.81999904047137],[105.57499869290272,26.81999902231866],[105.63749852402003,26.819999039679693],[105.69999838424833,26.819999043021994],[105.76249829603358,26.819999080068374],[105.82499819282427,26.819999033412135],[105.88749800852842,26.819999048102424],[105.94999794643947,26.819999063068515],[105.94999794643947,27.31999806765232],[105.88749800852842,27.319998073680882],[105.82499819282427,27.31999805379084],[105.76249829603358,27.319998069738077],[105.69999838424833,27.319998064510543],[105.63749852402003,27.319998068299277],[105.57499869290272,27.319998034000946],[105.51249877961354,27.319998011689943],[105.44999894178211,27.31999802076329],[105.44999894178211,26.819999025759227]]]}"
0000000000000000064e,415,32,377708.0,29770.375,10778.5,5581.0,952652.0,"{""type"":""Polygon"",""coordinates"":[[[105.94999794643947,26.819999063068515],[106.01249839000212,26.819998995879264],[106.07499873697631,26.81999905244773],[106.13749919243547,26.81999908323063],[106.19999960320456,26.81999906751443],[106.26250008579031,26.819999040417066],[106.32500048791435,26.819999068298902],[106.3875009271412,26.819999010953456],[106.45000134194315,26.81999901110727],[106.45000134194315,27.319998067542997],[106.3875009271412,27.319998053351988],[106.32500048791435,27.31999806658292],[106.26250008579031,27.31999805239297],[106.19999960320456,27.31999806422973],[106.13749919243547,27.319998036105755],[106.07499873697631,27.319998020904517],[106.01249839000212,27.31999803956701],[105.94999794643947,27.31999806765232],[105.94999794643947,26.819999063068515]]]}"
0000000000000000064f,416,43,50350.0,15153.651162790698,11967.0,5579.0,651607.0,"{""type"":""Polygon"",""coordinates"":[[[106.45000134194315,26.81999901110727],[106.51250122173896,26.819999003005588],[106.57500113489608,26.819999054311012],[106.63750102130584,26.81999904513543],[106.70000091124314,26.81999901918025],[106.76250074549382,26.81999903070423],[106.82500064529452,26.81999902467232],[106.88750046233555,26.81999906578352],[106.95000040889545,26.819999000216797],[106.95000040889545,27.319997994044293],[106.88750046233555,27.31999804167902],[106.82500064529452,27.319998035533022],[106.76250074549382,27.319998043014284],[106.70000091124314,27.31999799980743],[106.63750102130584,27.319998048601946],[106.57500113489608,27.319998048640564],[106.51250122173896,27.319998043971864],[106.45000134194315,27.319998067542997],[106.45000134194315,26.81999901110727]]]}"
00000000000000000650,417,48,82317.0,16906.6875,9188.5,5585.0,811521.0,"{""type"":""Polygon"",""coordinates"":[[[106.95000040889545,26.819999000216797],[107.01250024745117,26.819999077626054],[107.07500010115805,26.819999067528393],[107.13750000360177,26.81999901161511],[107.19999989867381,26.819999049526913],[107.26249973064182,26.819999059475265],[107.32499962457192,26.819999071060185],[107.38749952560921,26.819999049068855],[107.44999937926345,26.819999045180328],[107.44999937926345,27.31999802119075],[107.38749952560921,27.31999803830078],[107.32499962457192,27.319998035200367],[107.2624997306418,27.319998047605534],[107.19999989867381,27.31999802425211],[107.13750000360177,27.31999802325848],[107.07500010115805,27.319998079691185],[107.01250024745117,27.31999805464038],[106.95000040889545,27.319997994044293],[106.95000040889545,26.819999000216797]]]}"
00000000000000000651,418,96,57548.0,11897.84375,7185.222222222223,5578.0,1142193.0,"{""type"":""Polygon"",""coordinates"":[[[107.44999937926345,26.819999045180328],[107.51249922168424,26.819999012445535],[107.57499908946542,26.819999077531538],[107.63749901963907,26.819999018924356],[107.69999886898934,26.819999072757565],[107.76249876564697,26.81999900558054],[107.8249986574864,26.81999904137985],[107.88749849272108,26.819999056393925],[107.94999840073855,26.81999907690224],[107.94999840073855,27.319998061492374],[107.88749849272108,27.319998034110842],[107.8249986574864,27.319998055953484],[107.76249876564697,27.31999801496254],[107.69999886898934,27.3199980350544],[107.63749901963907,27.31999806665457],[107.57499908946542,27.31999808332339],[107.51249922168425,27.319998023209834],[107.44999937926345,27.31999802119075],[107.44999937926345,26.819999045180328]]]}"
00000000000000000652,419,425,101583.0,14869.463529411765,9575.884615384615,5506.0,6319522.0,"{""type"":""Polygon"",""coordinates"":[[[107.94999840073855,26.81999907690224],[108.01249878272381,26.819999006294204],[108.07499922645421,26.81999902747493],[108.13749968162853,26.819999015791982],[108.20000009826589,26.819999020050528],[108.26250051721281,26.819999076834012],[108.32500097969988,26.819999048949533],[108.387501436792,26.81999907114036],[108.45000183986016,26.819999017904028],[108.45000183986016,27.3199980001379],[108.387501436792,27.319998063770875],[108.32500097969988,27.319998004904306],[108.26250051721281,27.319998035735725],[108.20000009826589,27.319998022348145],[108.13749968162853,27.31999801575603],[108.07499922645421,27.31999806667475],[108.01249878272381,27.319998040314694],[107.94999840073855,27.319998061492374],[107.94999840073855,26.81999907690224]]]}"
00000000000000000653,420,655,301130.0,18556.758778625954,11165.820895522387,5025.0,1.2154677E7,"{""type"":""Polygon"",""coordinates"":[[[108.45000183986016,26.819999017904028],[108.51250168769621,26.819998998036997],[108.57500156618424,26.819999060575256],[108.63750142769644,26.81999907933668],[108.70000131552,26.819999002328984],[108.76250118265287,26.819999049289596],[108.8250010730305,26.819999081046774],[108.88750094026051,26.819999057207127],[108.95000082890888,26.81999901120278],[108.95000082890888,27.319998044378185],[108.88750094026051,27.31999806769762],[108.8250010730305,27.319998016782403],[108.76250118265287,27.319998031634775],[108.70000131552,27.31999806679341],[108.63750142769644,27.31999800266219],[108.57500156618424,27.319998052407783],[108.51250168769621,27.319998009445893],[108.45000183986016,27.3199980001379],[108.45000183986016,26.819999017904028]]]}"
00000000000000000654,421,1351,417357.0,16662.0088823094,9144.896103896104,5576.0,2.2510374E7,"{""type"":""Polygon"",""coordinates"":[[[108.95000082890888,26.81999901120278],[109.01250069317662,26.819999075113294],[109.07500057824282,26.819999022366588],[109.13750043888552,26.819999070990967],[109.20000032087941,26.819999080359192],[109.26250017956323,26.819999008765055],[109.32500006128967,26.819999060593005],[109.38749992194201,26.819999020922474],[109.44999980843326,26.819999007170335],[109.44999980843326,27.31999808549933],[109.38749992194201,27.31999808389035],[109.32500006128967,27.319998051145028],[109.26250017956323,27.31999804313559],[109.20000032087941,27.319998016351366],[109.13750043888552,27.319998026123923],[109.07500057824282,27.319998028451586],[109.01250069317662,27.319998078126993],[108.95000082890888,27.319998044378185],[108.95000082890888,26.81999901120278]]]}"
00000000000000000655,422,0,,,,,0.0,"{""type"":""Polygon"",""coordinates"":[[[109.44999980843326,26.819999007170335],[109.51249967717493,26.819999062948956],[109.57499957562284,26.819999046161143],[109.63749946070045,26.819998999997036],[109.69999938038876,26.81999904054386],[109.76249920127421,26.81999905114121],[109.82499906265927,26.819999048039143],[109.88749892244346,26.819999073369686],[109.94999882960636,26.819999069662483],[109.94999882960636,27.319998039808507],[109.88749892244346,27.31999807593804],[109.82499906265927,27.319998021050687],[109.76249920127421,27.319998019183593],[109.69999938038876,27.319998028879386],[109.63749946070045,27.319998034893096],[109.57499957562284,27.319998067946603],[109.51249967717493,27.319998012911647],[109.44999980843326,27.31999808549933],[109.44999980843326,26.819999007170335]]]}"
00000000000000000656,423,0,,,,,0.0,"{""type"":""Polygon"",""coordinates"":[[[109.94999882960636,26.819999069662483],[110.01249874251052,26.81999899246742],[110.07499861973156,26.819999055398597],[110.13749851093976,26.819999028057257],[110.19999837515131,26.819999037449076],[110.26249826248451,26.81999902477617],[110.32499813237996,26.819999030457815],[110.38749794447425,26.81999900875377],[110.44999784043416,26.8199990583358],[110.44999784043416,27.319998038504274],[110.38749794447425,27.31999802512573],[110.32499813237996,27.31999801556469],[110.26249826248451,27.319997998103148],[110.19999837515131,27.31999801897723],[110.13749851093975,27.319998038454703],[110.07499861973156,27.31999803012794],[110.01249874251052,27.319998039581108],[109.94999882960636,27.319998039808507],[109.94999882960636,26.819999069662483]]]}"
00000000000000000657,424,370,1008488.0,20589.843243243242,10186.647727272728,5576.0,7618242.0,"{""type"":""Polygon"",""coordinates"":[[[110.44999784043416,26.8199990583358],[110.5124982349368,26.81999906430978],[110.57499872458666,26.819999034425447],[110.63749917888184,26.819999021527032],[110.69999955841789,26.819999064587872],[110.76250000585576,26.81999900300247],[110.82500048216698,26.81999904671506],[110.88750085753803,26.8199990762393],[110.95000127517433,26.81999901590602],[110.95000127517433,27.319998028814382],[110.88750085753803,27.319998002192392],[110.82500048216698,27.31999807001284],[110.76250000585576,27.319998052144044],[110.69999955841789,27.319998068142326],[110.63749917888184,27.319997994728933],[110.57499872458666,27.319998078854656],[110.5124982349368,27.319998025209255],[110.44999784043416,27.319998038504274],[110.44999784043416,26.8199990583358]]]}"
00000000000000000658,425,223,112623.0,12922.560538116591,8783.777777777777,3592.0,2881731.0,"{""type"":""Polygon"",""coordinates"":[[[110.95000127517433,26.81999901590602],[111.012501150796,26.81999907349385],[111.07500108272143,26.819999017063605],[111.13750094178911,26.819999069233994],[111.2000007809136,26.819999081480123],[111.26250065316742,26.81999907626382],[111.3250005208042,26.819999004364902],[111.38750043719087,26.819999058736254],[111.45000027388987,26.819999032892145],[111.45000027388987,27.319998024673605],[111.38750043719087,27.319998054149575],[111.3250005208042,27.319998011164945],[111.26250065316744,27.31999801676434],[111.2000007809136,27.31999805006393],[111.13750094178911,27.319998075426426],[111.07500108272143,27.319998071283642],[111.012501150796,27.31999801565561],[110.95000127517433,27.319998028814382],[110.95000127517433,26.81999901590602]]]}"
00000000000000000659,426,56,63970.0,14502.0,10382.5,5586.0,812112.0,"{""type"":""Polygon"",""coordinates"":[[[111.45000027388987,26.819999032892145],[111.51250017551725,26.81999901928226],[111.57500001390144,26.819999067642602],[111.63749993392162,26.81999901318262],[111.69999980765746,26.81999907613427],[111.76249968925852,26.819999020261516],[111.82499954201671,26.81999905074061],[111.8874994203104,26.819999016225232],[111.94999928765343,26.81999903587842],[111.94999928765343,27.31999800516791],[111.8874994203104,27.319998041748896],[111.82499954201671,27.319998048768166],[111.76249968925852,27.319998078318882],[111.69999980765746,27.319998026667704],[111.63749993392162,27.31999803062015],[111.57500001390144,27.3199980710617],[111.51250017551725,27.31999801391189],[111.45000027388987,27.319998024673605],[111.45000027388987,26.819999032892145]]]}"
0000000000000000065a,427,30,37564.0,10676.633333333333,8795.5,5577.0,320299.0,"{""type"":""Polygon"",""coordinates"":[[[111.94999928765343,26.81999903587842],[112.0124991986357,26.819999043140474],[112.07499902601046,26.819999000851755],[112.13749891553334,26.819998997690977],[112.19999883111501,26.819999066315038],[112.26249864580134,26.81999908377006],[112.3249985965618,26.81999903743383],[112.38749846565608,26.819999074462476],[112.44999830829926,26.819999041327335],[112.44999830829926,27.31999803583209],[112.38749846565608,27.31999805497609],[112.3249985965618,27.319997999625702],[112.26249864580134,27.31999802386998],[112.19999883111501,27.319998066128843],[112.13749891553334,27.319998055363214],[112.07499902601046,27.319998029623346],[112.0124991986357,27.31999804201729],[111.94999928765343,27.31999800516791],[111.94999928765343,26.81999903587842]]]}"
0000000000000000065b,428,42,81321.0,17293.333333333332,10372.5,5577.0,726320.0,"{""type"":""Polygon"",""coordinates"":[[[112.44999830829926,26.819999041327335],[112.51249872542826,26.819999033561977],[112.57499913573395,26.819999002649578],[112.63749959462092,26.81999904936245],[112.70000006661674,26.819999034261112],[112.76250042539426,26.8199990032015],[112.82500090837965,26.8199990253127],[112.88750129843872,26.81999907625711],[112.95000174215942,26.81999906994482],[112.95000174215942,27.319998077079724],[112.88750129843872,27.319998050489584],[112.82500090837965,27.319998040593532],[112.76250042539426,27.319998049735645],[112.70000006661674,27.31999801761709],[112.63749959462092,27.319998046238446],[112.57499913573395,27.319998005512915],[112.51249872542826,27.319998035258244],[112.44999830829926,27.31999803583209],[112.44999830829926,26.819999041327335]]]}"
0000000000000000065c,429,59,89234.0,18970.491525423728,10395.0,5577.0,1119259.0,"{""type"":""Polygon"",""coordinates"":[[[112.95000174215942,26.81999906994482],[113.01250165895986,26.81999904415672],[113.07500155915373,26.819999020241628],[113.13750140764363,26.819999027115262],[113.20000126025225,26.819999077779258],[113.26250117281332,26.81999901530287],[113.32500101945124,26.819999053033587],[113.3875008560576,26.819999033595572],[113.45000073852206,26.819999053446562],[113.45000073852206,27.319998021119538],[113.3875008560576,27.319998081819115],[113.32500101945124,27.31999807992797],[113.26250117281332,27.31999800463563],[113.20000126025225,27.31999801391537],[113.13750140764363,27.319998064613284],[113.07500155915373,27.319998060452125],[113.01250165895985,27.319998073992327],[112.95000174215942,27.319998077079724],[112.95000174215942,26.81999906994482]]]}"
0000000000000000065d,430,14,50266.0,13564.42857142857,7982.0,5580.0,189902.0,"{""type"":""Polygon"",""coordinates"":[[[113.45000073852206,26.819999053446562],[113.51250063189646,26.81999905513399],[113.57500050125826,26.819999065704895],[113.63750040251857,26.819999011377927],[113.70000030076775,26.819999003247933],[113.76250016111256,26.819999067529096],[113.82500003945233,26.819999045043872],[113.88749990088554,26.819999046054374],[113.94999980127372,26.81999899534015],[113.94999980127372,27.319998038264508],[113.88749990088554,27.31999799881202],[113.82500003945233,27.31999805246049],[113.76250016111256,27.319998022340247],[113.70000030076775,27.319998052213847],[113.63750040251857,27.31999804881284],[113.57500050125826,27.319998071053117],[113.51250063189647,27.319998008800198],[113.45000073852206,27.319998021119538],[113.45000073852206,26.819999053446562]]]}"
0000000000000000065e,431,6,19199.0,9852.666666666666,8770.0,5600.0,59116.0,"{""type"":""Polygon"",""coordinates"":[[[113.94999980127372,26.81999899534015],[114.01249961494779,26.81999901878396],[114.07499948848324,26.81999902434315],[114.13749938691707,26.819999036597064],[114.19999927528013,26.819998995552965],[114.26249911859477,26.819999009723126],[114.32499906323218,26.81999906998026],[114.3874988927758,26.81999906429491],[114.44999875351041,26.819999067291125],[114.44999875351041,27.319998042193085],[114.3874988927758,27.319998001385734],[114.32499906323218,27.31999802267569],[114.26249911859477,27.319998032918342],[114.19999927528013,27.319998060078632],[114.13749938691707,27.31999803030569],[114.07499948848324,27.319998004401192],[114.01249961494779,27.319998043046965],[113.94999980127372,27.319998038264508],[113.94999980127372,26.81999899534015]]]}"
0000000000000000065f,432,0,,,,,0.0,"{""type"":""Polygon"",""coordinates"":[[[114.44999875351041,26.819999067291125],[114.51249861031246,26.81999901777199],[114.57499851865738,26.81999900607335],[114.63749835271804,26.819999071327885],[114.69999825847623,26.81999903406381],[114.76249811002621,26.819999017160068],[114.82499805317266,26.819999008671957],[114.8874978713726,26.819999063715674],[114.94999780081427,26.81999906874955],[114.94999780081427,27.319998065486025],[114.8874978713726,27.319998046708545],[114.82499805317266,27.319998024052776],[114.76249811002621,27.319998028513005],[114.69999825847623,27.31999800534693],[114.63749835271804,27.319998051684824],[114.57499851865737,27.319998045502775],[114.51249861031246,27.319998083202794],[114.44999875351041,27.319998042193085],[114.44999875351041,26.819999067291125]]]}"
00000000000000000660,433,32,38301.0,9750.5625,6392.0,5576.0,312018.0,"{""type"":""Polygon"",""coordinates"":[[[114.94999780081427,26.81999906874955],[115.01249816795351,26.81999906049934],[115.0749986654598,26.819999026095008],[115.13749907662935,26.819999019906884],[115.19999954668145,26.819999027876907],[115.26249994931185,26.819999003063266],[115.32500033907466,26.81999903176616],[115.38750077038793,26.819999032182228],[115.45000120714293,26.819999023293978],[115.45000120714293,27.31999808476684],[115.38750077038793,27.319998078840644],[115.32500033907466,27.31999801889734],[115.26249994931185,27.31999805410197],[115.19999954668145,27.319998016197975],[115.13749907662935,27.319998071181363],[115.0749986654598,27.319998015318415],[115.01249816795351,27.319998031389048],[114.94999780081427,27.319998065486025],[114.94999780081427,26.81999906874955]]]}"
00000000000000000661,434,72,120795.0,15187.125,9567.0,5582.0,1093473.0,"{""type"":""Polygon"",""coordinates"":[[[115.45000120714293,26.819999023293978],[115.51250107096507,26.819999044317264],[115.57500095838192,26.81999907650119],[115.63750083301515,26.81999905433623],[115.70000074871466,26.81999906197819],[115.76250057859622,26.81999905092925],[115.82500046656986,26.819999003570384],[115.887500375804,26.81999902051069],[115.95000026937656,26.819999034977126],[115.95000026937656,27.319998012145426],[115.887500375804,27.31999803789697],[115.82500046656986,27.31999800919017],[115.76250057859622,27.319998076871617],[115.70000074871466,27.31999805796488],[115.63750083301515,27.319998054843268],[115.57500095838192,27.31999803299476],[115.51250107096507,27.319998076579008],[115.45000120714293,27.31999808476684],[115.45000120714293,26.819999023293978]]]}"
00000000000000000662,435,408,348074.0,19981.071078431374,11080.54347826087,4729.0,8152277.0,"{""type"":""Polygon"",""coordinates"":[[[115.95000026937656,26.819999034977126],[116.01250011027291,26.819999063575445],[116.07499995156216,26.819999021459243],[116.13749984612735,26.819999073771204],[116.1999997565261,26.819999069285576],[116.26249964521116,26.819999023520936],[116.32499947452831,26.81999903510139],[116.38749938684246,26.81999899971391],[116.44999925409569,26.819999033236897],[116.44999925409569,27.319998034711986],[116.38749938684246,27.319997992225797],[116.32499947452831,27.31999804215196],[116.26249964521116,27.31999806948531],[116.1999997565261,27.319998013306922],[116.13749984612735,27.31999802564909],[116.07499995156216,27.319998008727808],[116.01250011027291,27.319998031025506],[115.95000026937656,27.319998012145426],[115.95000026937656,26.819999034977126]]]}"
00000000000000000663,436,79,106299.0,15568.594936708861,8803.42857142857,5098.0,1229919.0,"{""type"":""Polygon"",""coordinates"":[[[116.44999925409569,26.819999033236897],[116.51249912824201,26.819999048735628],[116.57499897102883,26.81999906032955],[116.63749883404937,26.819999063742582],[116.69999876867364,26.819999054295693],[116.76249864621,26.819999063425257],[116.82499851772049,26.81999900283087],[116.8874983441674,26.819999051439435],[116.94999826605553,26.819999018837176],[116.94999826605553,27.31999807178013],[116.8874983441674,27.319998026439702],[116.82499851772049,27.319997998116644],[116.76249864621,27.319998012489677],[116.69999876867364,27.31999805776252],[116.63749883404937,27.31999805731368],[116.57499897102883,27.319998063345768],[116.51249912824201,27.319997998635387],[116.44999925409569,27.319998034711986],[116.44999925409569,26.819999033236897]]]}"
00000000000000000664,437,39,75759.0,16330.128205128205,9577.0,5580.0,636875.0,"{""type"":""Polygon"",""coordinates"":[[[116.94999826605553,26.819999018837176],[117.01249869297735,26.819999073920826],[117.07499913599196,26.819999071160133],[117.1374995553392,26.819999022220614],[117.20000000084326,26.81999900287087],[117.26250043236597,26.81999902410475],[117.32500080961704,26.81999901386463],[117.38750127144553,26.819999028193788],[117.45000168746127,26.81999901313724],[117.45000168746127,27.31999803448689],[117.38750127144553,27.319998051821123],[117.32500080961702,27.319998047218558],[117.26250043236597,27.319997992479657],[117.20000000084326,27.319997998494888],[117.1374995553392,27.319998055432563],[117.07499913599196,27.319998070456514],[117.01249869297735,27.31999805186632],[116.94999826605553,27.31999807178013],[116.94999826605553,26.819999018837176]]]}"
00000000000000000665,438,8,23906.0,10166.125,7981.5,5579.0,81329.0,"{""type"":""Polygon"",""coordinates"":[[[117.45000168746127,26.81999901313724],[117.51250156887173,26.819999072712264],[117.57500141246646,26.819999021735065],[117.6375013560503,26.819998997390634],[117.70000117902012,26.819999046443463],[117.76250110819338,26.81999903836528],[117.82500092265155,26.819999019625033],[117.88750084859045,26.819999024106046],[117.9500006647658,26.819999015282356],[117.9500006647658,27.319998083797444],[117.88750084859045,27.319998073029332],[117.82500092265155,27.319998048105823],[117.76250110819338,27.319998045849896],[117.70000117902012,27.319998034225346],[117.6375013560503,27.31999804972899],[117.57500141246646,27.319998059425004],[117.51250156887173,27.319998016921637],[117.45000168746127,27.31999803448689],[117.45000168746127,26.81999901313724]]]}"
00000000000000000666,439,23,55946.0,10204.95652173913,6392.0,5580.0,234714.0,"{""type"":""Polygon"",""coordinates"":[[[117.9500006647658,26.819999015282356],[118.01250059673546,26.819999026145247],[118.07500042291933,26.819999019845188],[118.13750027893767,26.81999904770988],[118.20000021071498,26.81999901489063],[118.26250008541567,26.81999902959302],[118.32499994851155,26.81999899651887],[118.38749984514642,26.81999906694418],[118.44999973101154,26.819998999720617],[118.44999973101154,27.31999804988647],[118.38749984514642,27.3199980641226],[118.32499994851155,27.319998013227455],[118.26250008541567,27.31999805672489],[118.20000021071498,27.319998044886052],[118.13750027893767,27.319998074040733],[118.07500042291933,27.31999803686826],[118.01250059673546,27.3199980292471],[117.9500006647658,27.319998083797444],[117.9500006647658,26.819999015282356]]]}"
00000000000000000667,440,211,66128.0,13639.938388625593,9583.25,5576.0,2878027.0,"{""type"":""Polygon"",""coordinates"":[[[118.44999973101154,26.819998999720617],[118.51249956159542,26.81999904714554],[118.57499947028623,26.819999010962988],[118.63749932293841,26.819998997774714],[118.69999916329995,26.819999074779044],[118.76249903476817,26.819999062428828],[118.82499898038535,26.819999027191077],[118.88749886507792,26.81999899249937],[118.9499987313784,26.81999902414969],[118.94999873137841,27.319998007649367],[118.88749886507792,27.319998042277714],[118.82499898038535,27.319998042533012],[118.76249903476817,27.31999802581203],[118.69999916329995,27.3199980513384],[118.63749932293841,27.319998054131396],[118.57499947028623,27.319998050699297],[118.51249956159542,27.31999805716525],[118.44999973101154,27.31999804988647],[118.44999973101154,26.819998999720617]]]}"
00000000000000000668,441,113,166872.0,14217.300884955752,8782.714285714286,4392.0,1606555.0,"{""type"":""Polygon"",""coordinates"":[[[118.9499987313784,26.81999902414969],[119.01249915429268,26.81999906843521],[119.07499955357449,26.81999900083981],[119.13749997075175,26.8199990498995],[119.20000044697548,26.819999034168113],[119.26250084569612,26.81999905751698],[119.32500129614436,26.819998999968938],[119.38750174984433,26.819999026525288],[119.45000215807949,26.8199990566023],[119.45000215807949,27.319998071426667],[119.38750174984433,27.31999805583754],[119.32500129614436,27.319998015937916],[119.26250084569612,27.319998033117223],[119.20000044697548,27.31999802535531],[119.13749997075175,27.319998032337693],[119.07499955357449,27.319998032818873],[119.01249915429268,27.319998045688173],[118.94999873137841,27.319998007649367],[118.9499987313784,26.81999902414969]]]}"
00000000000000000669,442,87,103947.0,15810.12643678161,10387.75,5577.0,1375481.0,"{""type"":""Polygon"",""coordinates"":[[[119.45000215807949,26.8199990566023],[119.51250202934987,26.81999902874942],[119.57500193431869,26.81999904801896],[119.63750182330921,26.819999033068772],[119.70000164639437,26.81999906562402],[119.7625015301001,26.819999023324964],[119.82500142375648,26.81999906867002],[119.88750127643594,26.819999037839214],[119.95000112518373,26.81999907232625],[119.95000112518373,27.31999806114127],[119.88750127643594,27.319998060816218],[119.82500142375648,27.31999800701186],[119.7625015301001,27.31999800379262],[119.70000164639437,27.319998053035395],[119.63750182330921,27.31999799355403],[119.57500193431869,27.319998030500965],[119.51250202934987,27.319998001896334],[119.45000215807949,27.319998071426667],[119.45000215807949,26.8199990566023]]]}"
0000000000000000066a,443,101,65440.0,12691.673267326732,9574.444444444445,5576.0,1281859.0,"{""type"":""Polygon"",""coordinates"":[[[119.95000112518373,26.81999907232625],[120.01250100662233,26.81999906880772],[120.07500086879638,26.819999025645632],[120.13750074759342,26.819999083051822],[120.20000067846723,26.819999055452037],[120.262500520381,26.819999042304264],[120.32500039614503,26.81999908073265],[120.38750025207365,26.81999908636201],[120.45000012210245,26.819999035105162],[120.45000012210248,27.319998047874936],[120.38750025207365,27.31999806964314],[120.32500039614503,27.319998068590035],[120.262500520381,27.319998070156363],[120.20000067846723,27.31999799740067],[120.13750074759342,27.319998058232603],[120.07500086879638,27.319998073099715],[120.01250100662233,27.31999806614364],[119.95000112518373,27.31999806114127],[119.95000112518373,26.81999907232625]]]}"
0000000000000000066d,450,0,,,,,0.0,"{""type"":""Polygon"",""coordinates"":[[[98.44999956043617,27.3199980173501],[98.51249943413173,27.319998052459017],[98.57499928708933,27.319998065689003],[98.63749911711376,27.3199980381508],[98.69999900747618,27.31999803444342],[98.76249887512004,27.319998040337335],[98.82499880641362,27.319998030886595],[98.88749863693162,27.319997996837408],[98.94999854015231,27.319997996310665],[98.94999854015231,27.82000151120423],[98.88749863693162,27.820001536662648],[98.82499880641362,27.82000152293761],[98.76249887512004,27.82000150117029],[98.69999900747618,27.82000148069653],[98.63749911711376,27.820001486736476],[98.57499928708933,27.820001533662914],[98.51249943413173,27.820001468616482],[98.44999956043617,27.820001488194745],[98.44999956043617,27.3199980173501]]]}"
0000000000000000066e,451,0,,,,,0.0,"{""type"":""Polygon"",""coordinates"":[[[98.94999854015231,27.319997996310665],[99.01249894448146,27.319998070439095],[99.07499935293878,27.319998052974245],[99.13749985949617,27.31999800641224],[99.2000002217807,27.319998015105757],[99.26250070551194,27.319998041013037],[99.32500115540873,27.319998073653224],[99.3875015864915,27.319998002365185],[99.45000201518567,27.31999807158444],[99.45000201518567,27.820001489141504],[99.38750158649148,27.82000150315419],[99.32500115540873,27.820001494100556],[99.26250070551194,27.820001484302626],[99.2000002217807,27.820001495813816],[99.13749985949617,27.82000153920927],[99.07499935293878,27.82000147563168],[99.01249894448146,27.820001486944495],[98.94999854015231,27.82000151120423],[98.94999854015231,27.319997996310665]]]}"
0000000000000000066f,452,0,,,,,0.0,"{""type"":""Polygon"",""coordinates"":[[[99.45000201518567,27.31999807158444],[99.5125018654743,27.319998033010933],[99.57500174951721,27.319998001695474],[99.63750160295518,27.31999804938444],[99.70000144757573,27.319998064180584],[99.76250139162286,27.31999801675607],[99.82500120435228,27.319998078901502],[99.88750108168577,27.319998037271784],[99.95000096556808,27.31999805123017],[99.95000096556808,27.82000145747847],[99.88750108168576,27.820001512485806],[99.82500120435228,27.820001457647685],[99.76250139162286,27.820001488347536],[99.70000144757573,27.82000146372324],[99.63750160295518,27.8200014781062],[99.57500174951721,27.820001472603717],[99.5125018654743,27.820001470541424],[99.45000201518567,27.820001489141504],[99.45000201518567,27.31999807158444]]]}"
00000000000000000670,453,0,,,,,0.0,"{""type"":""Polygon"",""coordinates"":[[[99.95000096556808,27.31999805123017],[100.01250088437155,27.31999800760969],[100.07500069700846,27.319998071513435],[100.13750060505761,27.319998028273478],[100.20000046983237,27.319998042527228],[100.26250032462947,27.319998000196357],[100.32500020405068,27.319998052944804],[100.38750014399517,27.319997997421346],[100.45000001014012,27.319997997527363],[100.45000001014012,27.82000150621338],[100.38750014399517,27.820001491537933],[100.32500020405068,27.82000154180884],[100.26250032462946,27.820001493705547],[100.20000046983237,27.820001461939302],[100.13750060505761,27.820001472488062],[100.07500069700846,27.82000146253878],[100.01250088437155,27.82000153348378],[99.95000096556808,27.82000145747847],[99.95000096556808,27.31999805123017]]]}"
00000000000000000671,454,0,,,,,0.0,"{""type"":""Polygon"",""coordinates"":[[[100.45000001014012,27.319997997527363],[100.5124998406031,27.319998026863253],[100.57499976065216,27.31999805217984],[100.63749963926456,27.319998059481076],[100.69999951819264,27.319998021555204],[100.76249935439841,27.319998006118617],[100.8249992780695,27.319998067264546],[100.88749907622298,27.319998019907683],[100.94999896751168,27.3199979994179],[100.94999896751168,27.820001483267195],[100.88749907622298,27.820001513664913],[100.8249992780695,27.820001489297542],[100.76249935439841,27.82000154072996],[100.69999951819264,27.82000149927119],[100.63749963926456,27.820001488109256],[100.57499976065216,27.820001528356748],[100.5124998406031,27.82000147075367],[100.45000001014012,27.82000150621338],[100.45000001014012,27.319997997527363]]]}"
00000000000000000672,455,0,,,,,0.0,"{""type"":""Polygon"",""coordinates"":[[[100.94999896751168,27.3199979994179],[101.01249882717767,27.319998079237273],[101.07499870389056,27.31999805345787],[101.13749864753342,27.319998069943964],[101.19999844987971,27.319998031595382],[101.26249833570857,27.319998071863726],[101.32499827178705,27.31999807922181],[101.38749813924753,27.319998037590672],[101.44999799327965,27.319998005022946],[101.44999799327965,27.820001529597196],[101.38749813924753,27.82000152874037],[101.32499827178705,27.820001452946624],[101.26249833570857,27.8200015094145],[101.19999844987971,27.820001537933823],[101.13749864753342,27.820001473494305],[101.07499870389056,27.82000153665016],[101.01249882717765,27.820001471217164],[100.94999896751168,27.820001483267195],[100.94999896751168,27.3199979994179]]]}"
00000000000000000673,456,453,240682.0,19278.25607064018,10658.694444444445,2581.0,8733050.0,"{""type"":""Polygon"",""coordinates"":[[[101.44999799327965,27.319998005022946],[101.51249841049612,27.31999799596243],[101.57499884204753,27.319998029171906],[101.63749925963809,27.319998080567657],[101.6999997227788,27.319998030178006],[101.7625001182872,27.319998037586092],[101.8250005946132,27.319998063289276],[101.88750104047836,27.31999800131926],[101.95000143238939,27.319998003214785],[101.95000143238939,27.82000145972789],[101.88750104047836,27.82000149169107],[101.8250005946132,27.820001500796796],[101.7625001182872,27.820001512450492],[101.6999997227788,27.820001456297216],[101.63749925963809,27.820001460396767],[101.57499884204752,27.820001542138908],[101.51249841049612,27.820001468916782],[101.44999799327965,27.820001529597196],[101.44999799327965,27.319998005022946]]]}"
00000000000000000674,457,229,614508.0,22158.628820960697,9848.346153846154,3781.0,5074326.0,"{""type"":""Polygon"",""coordinates"":[[[101.95000143238939,27.319998003214785],[102.01250131215058,27.319998081398555],[102.07500118037697,27.319998077065176],[102.13750110367965,27.31999804500764],[102.20000097521849,27.319998054981564],[102.26250086349057,27.319998072944852],[102.32500066333235,27.319998080051462],[102.38750053252556,27.319998033953443],[102.45000045517783,27.319997995702458],[102.45000045517783,27.820001461852645],[102.38750053252556,27.82000153417567],[102.32500066333235,27.82000152486416],[102.26250086349057,27.82000146135168],[102.2000009752185,27.820001474489683],[102.13750110367965,27.820001495290526],[102.07500118037699,27.82000147009127],[102.01250131215058,27.82000150565786],[101.95000143238939,27.82000145972789],[101.95000143238939,27.319998003214785]]]}"
00000000000000000675,458,6,24666.0,14321.5,10344.5,7957.0,85929.0,"{""type"":""Polygon"",""coordinates"":[[[102.45000045517783,27.319997995702458],[102.51250032874732,27.319998034013242],[102.57500022649201,27.319998025238096],[102.63750004749501,27.319998037752015],[102.69999995447873,27.31999802753529],[102.76249984827193,27.31999806243594],[102.82499971810891,27.31999802583619],[102.88749955406026,27.319998065277762],[102.94999943487058,27.319998055474223],[102.94999943487058,27.820001505750728],[102.88749955406026,27.820001486306477],[102.82499971810891,27.820001501158746],[102.76249984827193,27.820001499995342],[102.69999995447873,27.820001511817164],[102.63750004749501,27.820001477477962],[102.57500022649201,27.820001505405383],[102.51250032874732,27.820001464211824],[102.45000045517783,27.820001461852645],[102.45000045517783,27.319997995702458]]]}"
00000000000000000676,459,17,55749.0,16573.29411764706,10338.0,5567.0,281746.0,"{""type"":""Polygon"",""coordinates"":[[[102.94999943487058,27.319998055474223],[103.01249935240315,27.31999805523291],[103.07499921140635,27.319998043358733],[103.13749909321939,27.31999806991904],[103.19999899214639,27.319998016890047],[103.26249881522786,27.319998038585553],[103.3249987344573,27.319997999647775],[103.38749857035549,27.319998062351665],[103.44999840847325,27.319998011338125],[103.44999840847325,27.82000149017132],[103.38749857035549,27.82000147332773],[103.3249987344573,27.820001511019402],[103.26249881522786,27.820001467529647],[103.19999899214639,27.820001532245875],[103.13749909321939,27.82000148964749],[103.07499921140636,27.820001537307352],[103.01249935240315,27.820001529882543],[102.94999943487058,27.820001505750728],[102.94999943487058,27.319998055474223]]]}"
00000000000000000677,460,23,60498.0,11511.869565217392,7162.0,5569.0,264773.0,"{""type"":""Polygon"",""coordinates"":[[[103.44999840847325,27.319998011338125],[103.51249886474936,27.31999801882077],[103.57499932114563,27.31999802528866],[103.6374997774681,27.319997999095975],[103.70000014592347,27.319998005051023],[103.76250060453198,27.3199980813632],[103.8250010670569,27.31999802860993],[103.88750144784625,27.319997998846542],[103.95000192741529,27.319998029214403],[103.95000192741529,27.820001458824255],[103.88750144784625,27.820001524496757],[103.8250010670569,27.820001463919233],[103.76250060453198,27.820001503602516],[103.70000014592347,27.820001492210277],[103.6374997774681,27.820001453608434],[103.57499932114563,27.820001525716943],[103.51249886474936,27.82000146877244],[103.44999840847325,27.82000149017132],[103.44999840847325,27.319998011338125]]]}"
00000000000000000678,461,19,53924.0,14915.052631578947,12100.0,5573.0,283386.0,"{""type"":""Polygon"",""coordinates"":[[[103.95000192741529,27.319998029214403],[104.01250180165823,27.319998070684036],[104.07500169504861,27.319998027442935],[104.13750152472561,27.319998050559704],[104.2000013857669,27.319998009315466],[104.2625012853988,27.319998045078876],[104.32500114279593,27.319998044888454],[104.38750105528894,27.319998052645087],[104.450000943384,27.31999804272514],[104.450000943384,27.820001497869185],[104.38750105528894,27.82000152949634],[104.32500114279593,27.820001529302413],[104.2625012853988,27.820001523151834],[104.2000013857669,27.820001467830927],[104.13750152472561,27.820001476314978],[104.07500169504861,27.820001495604878],[104.01250180165823,27.820001481515444],[103.95000192741529,27.820001458824255],[103.95000192741529,27.319998029214403]]]}"
00000000000000000679,462,2,7164.0,6369.0,6369.0,5574.0,12738.0,"{""type"":""Polygon"",""coordinates"":[[[104.450000943384,27.31999804272514],[104.512500817009,27.31999806774459],[104.57500068678307,27.319998004676563],[104.6375005640113,27.319997993256],[104.70000037169314,27.319998007091407],[104.76250030042463,27.319998078641483],[104.825000185528,27.31999801533732],[104.88750004089037,27.319998043436854],[104.94999988105903,27.319998038496177],[104.94999988105903,27.82000154194347],[104.88750004089037,27.820001523424402],[104.825000185528,27.820001454184165],[104.76250030042463,27.820001458817735],[104.70000037169314,27.820001486918173],[104.6375005640113,27.82000146857587],[104.57500068678307,27.820001459543043],[104.512500817009,27.820001486458498],[104.450000943384,27.820001497869185],[104.450000943384,27.31999804272514]]]}"
0000000000000000067a,463,0,,,,,0.0,"{""type"":""Polygon"",""coordinates"":[[[104.94999988105903,27.319998038496177],[105.01249981039842,27.319998041220188],[105.07499966646854,27.3199980336683],[105.1374995548915,27.31999805599029],[105.19999940353478,27.319998080111713],[105.26249931936047,27.31999805801269],[105.3249991420986,27.31999805862637],[105.38749906929306,27.319998023375085],[105.44999894178211,27.31999802076329],[105.44999894178211,27.82000145300092],[105.38749906929306,27.820001503595734],[105.3249991420986,27.82000147816486],[105.26249931936047,27.82000148301779],[105.19999940353478,27.82000149015301],[105.1374995548915,27.82000151828866],[105.07499966646854,27.820001528701805],[105.01249981039842,27.820001462409387],[104.94999988105903,27.82000154194347],[104.94999988105903,27.319998038496177]]]}"
0000000000000000067b,464,0,,,,,0.0,"{""type"":""Polygon"",""coordinates"":[[[105.44999894178211,27.31999802076329],[105.51249877961354,27.319998011689943],[105.57499869290272,27.319998034000946],[105.63749852402003,27.319998068299277],[105.69999838424833,27.319998064510543],[105.76249829603358,27.319998069738077],[105.82499819282427,27.31999805379084],[105.88749800852842,27.319998073680882],[105.94999794643947,27.31999806765232],[105.94999794643947,27.820001506910693],[105.88749800852842,27.820001488361836],[105.82499819282427,27.820001505543598],[105.76249829603358,27.820001533830265],[105.69999838424833,27.82000151671243],[105.63749852402003,27.82000148466303],[105.57499869290272,27.820001478363746],[105.51249877961354,27.82000146129346],[105.44999894178211,27.82000145300092],[105.44999894178211,27.31999802076329]]]}"
0000000000000000067c,465,3,23078.0,14050.666666666666,10351.0,8723.0,42152.0,"{""type"":""Polygon"",""coordinates"":[[[105.94999794643947,27.31999806765232],[106.01249839000212,27.31999803956701],[106.07499873697631,27.319998020904517],[106.13749919243547,27.319998036105755],[106.19999960320456,27.31999806422973],[106.26250008579031,27.31999805239297],[106.32500048791435,27.31999806658292],[106.3875009271412,27.319998053351988],[106.45000134194315,27.319998067542997],[106.45000134194315,27.820001510359035],[106.3875009271412,27.82000151850236],[106.32500048791435,27.820001524801867],[106.26250008579031,27.820001474934053],[106.19999960320456,27.82000150987877],[106.13749919243547,27.820001477099428],[106.07499873697631,27.820001517044236],[106.01249839000212,27.820001476816287],[105.94999794643947,27.820001506910693],[105.94999794643947,27.31999806765232]]]}"
0000000000000000067d,466,45,72958.0,15340.222222222223,8761.0,5551.0,690310.0,"{""type"":""Polygon"",""coordinates"":[[[106.45000134194315,27.319998067542997],[106.51250122173896,27.319998043971864],[106.57500113489608,27.319998048640564],[106.63750102130584,27.319998048601946],[106.70000091124314,27.31999799980743],[106.76250074549382,27.319998043014284],[106.82500064529452,27.319998035533022],[106.88750046233555,27.31999804167902],[106.95000040889545,27.319997994044293],[106.95000040889545,27.82000145550177],[106.88750046233555,27.820001516228498],[106.82500064529452,27.820001489734967],[106.76250074549382,27.820001530951476],[106.70000091124314,27.82000148919885],[106.63750102130584,27.820001507529124],[106.57500113489608,27.82000153278815],[106.51250122173896,27.8200015226472],[106.45000134194315,27.820001510359035],[106.45000134194315,27.319998067542997]]]}"
0000000000000000067e,467,5,19897.0,11462.4,7168.0,5568.0,57312.0,"{""type"":""Polygon"",""coordinates"":[[[106.95000040889545,27.319997994044293],[107.01250024745117,27.31999805464038],[107.07500010115805,27.319998079691185],[107.13750000360177,27.31999802325848],[107.19999989867381,27.31999802425211],[107.2624997306418,27.319998047605534],[107.32499962457192,27.319998035200367],[107.38749952560921,27.31999803830078],[107.44999937926345,27.31999802119075],[107.44999937926345,27.820001501807766],[107.38749952560921,27.820001470970467],[107.32499962457192,27.82000146906896],[107.26249973064182,27.820001532209197],[107.19999989867381,27.820001523073593],[107.13750000360177,27.820001500385217],[107.07500010115804,27.820001499533728],[107.01250024745117,27.820001469086925],[106.95000040889545,27.82000145550177],[106.95000040889545,27.319997994044293]]]}"
0000000000000000067f,468,57,129803.0,12414.368421052632,7938.0,5552.0,707619.0,"{""type"":""Polygon"",""coordinates"":[[[107.44999937926345,27.31999802119075],[107.51249922168425,27.319998023209834],[107.57499908946542,27.31999808332339],[107.63749901963907,27.31999806665457],[107.69999886898934,27.3199980350544],[107.76249876564697,27.31999801496254],[107.8249986574864,27.319998055953484],[107.88749849272108,27.319998034110842],[107.94999840073855,27.319998061492374],[107.94999840073855,27.82000145820398],[107.88749849272108,27.820001530343255],[107.8249986574864,27.820001523054206],[107.76249876564697,27.820001498234035],[107.69999886898934,27.820001493490526],[107.63749901963907,27.820001459806075],[107.57499908946542,27.820001544657725],[107.51249922168425,27.82000151361229],[107.44999937926345,27.820001501807766],[107.44999937926345,27.31999802119075]]]}"
00000000000000000680,469,454,84251.0,12006.733480176212,9537.91304347826,5551.0,5451057.0,"{""type"":""Polygon"",""coordinates"":[[[107.94999840073855,27.319998061492374],[108.01249878272381,27.319998040314694],[108.07499922645421,27.31999806667475],[108.13749968162853,27.31999801575603],[108.20000009826589,27.319998022348145],[108.26250051721281,27.319998035735725],[108.32500097969988,27.319998004904306],[108.387501436792,27.319998063770875],[108.45000183986016,27.3199980001379],[108.45000183986016,27.820001519397472],[108.387501436792,27.820001521401913],[108.32500097969988,27.820001527328287],[108.26250051721281,27.820001490509636],[108.20000009826589,27.82000153673639],[108.13749968162853,27.820001458606306],[108.07499922645421,27.820001480012667],[108.01249878272381,27.8200014670115],[107.94999840073855,27.82000145820398],[107.94999840073855,27.319998061492374]]]}"
00000000000000000681,470,990,221846.0,17224.051515151514,10794.407894736842,2494.0,1.7051811E7,"{""type"":""Polygon"",""coordinates"":[[[108.45000183986016,27.3199980001379],[108.51250168769621,27.319998009445893],[108.57500156618424,27.319998052407783],[108.63750142769644,27.31999800266219],[108.70000131552,27.31999806679341],[108.76250118265287,27.319998031634775],[108.8250010730305,27.319998016782403],[108.88750094026051,27.31999806769762],[108.95000082890888,27.319998044378185],[108.95000082890888,27.82000152579731],[108.88750094026051,27.82000153506914],[108.8250010730305,27.820001505137466],[108.76250118265287,27.820001490249425],[108.70000131551998,27.82000153168369],[108.63750142769644,27.82000151086056],[108.57500156618424,27.820001468551748],[108.51250168769621,27.820001544152262],[108.45000183986016,27.820001519397472],[108.45000183986016,27.3199980001379]]]}"
00000000000000000682,471,664,187302.0,13972.028614457831,8744.384615384615,4629.0,9277427.0,"{""type"":""Polygon"",""coordinates"":[[[108.95000082890888,27.319998044378185],[109.01250069317662,27.319998078126993],[109.07500057824282,27.319998028451586],[109.13750043888552,27.319998026123923],[109.20000032087941,27.319998016351366],[109.26250017956323,27.31999804313559],[109.32500006128967,27.319998051145028],[109.38749992194201,27.31999808389035],[109.44999980843326,27.31999808549933],[109.44999980843326,27.82000148398186],[109.38749992194201,27.820001469738916],[109.32500006128967,27.820001540185398],[109.26250017956323,27.820001494006217],[109.20000032087941,27.82000146017732],[109.13750043888552,27.820001494638046],[109.07500057824282,27.82000146802483],[109.01250069317662,27.820001521711436],[108.95000082890888,27.82000152579731],[108.95000082890888,27.319998044378185]]]}"
00000000000000000683,472,337,80916.0,13833.92878338279,9538.058823529413,4583.0,4662034.0,"{""type"":""Polygon"",""coordinates"":[[[109.44999980843326,27.31999808549933],[109.51249967717493,27.319998012911647],[109.57499957562284,27.319998067946603],[109.63749946070045,27.319998034893096],[109.69999938038876,27.319998028879386],[109.76249920127421,27.319998019183593],[109.82499906265927,27.319998021050687],[109.88749892244346,27.31999807593804],[109.94999882960636,27.319998039808507],[109.94999882960636,27.820001507514814],[109.88749892244346,27.82000148692972],[109.82499906265927,27.820001485864054],[109.76249920127421,27.82000147729858],[109.69999938038876,27.82000150618264],[109.63749946070045,27.82000147245346],[109.57499957562285,27.820001492907476],[109.51249967717493,27.82000153932979],[109.44999980843326,27.82000148398186],[109.44999980843326,27.31999808549933]]]}"
00000000000000000684,473,0,,,,,0.0,"{""type"":""Polygon"",""coordinates"":[[[109.94999882960636,27.319998039808507],[110.01249874251052,27.319998039581108],[110.07499861973156,27.31999803012794],[110.13749851093975,27.319998038454703],[110.19999837515131,27.31999801897723],[110.26249826248451,27.319997998103148],[110.32499813237996,27.31999801556469],[110.38749794447425,27.31999802512573],[110.44999784043416,27.319998038504274],[110.44999784043416,27.820001483788428],[110.38749794447425,27.820001497132257],[110.32499813237996,27.82000153346398],[110.26249826248451,27.820001496510336],[110.19999837515131,27.820001518528347],[110.13749851093976,27.820001474843266],[110.07499861973156,27.82000151114795],[110.01249874251052,27.820001502211934],[109.94999882960636,27.820001507514814],[109.94999882960636,27.319998039808507]]]}"
00000000000000000685,474,285,1292707.0,27173.880701754388,11668.701298701299,5156.0,7744556.0,"{""type"":""Polygon"",""coordinates"":[[[110.44999784043416,27.319998038504274],[110.5124982349368,27.319998025209255],[110.57499872458666,27.319998078854656],[110.63749917888184,27.319997994728933],[110.69999955841789,27.319998068142326],[110.76250000585576,27.319998052144044],[110.82500048216698,27.31999807001284],[110.88750085753803,27.319998002192392],[110.95000127517433,27.319998028814382],[110.95000127517434,27.82000152344718],[110.88750085753803,27.82000148015139],[110.82500048216698,27.820001459424002],[110.76250000585576,27.820001538719094],[110.69999955841789,27.82000149617499],[110.63749917888184,27.82000146561469],[110.57499872458666,27.82000152354142],[110.5124982349368,27.82000154688707],[110.44999784043416,27.820001483788428],[110.44999784043416,27.319998038504274]]]}"
00000000000000000686,475,334,270526.0,17973.437125748504,9294.935483870968,5551.0,6003128.0,"{""type"":""Polygon"",""coordinates"":[[[110.95000127517433,27.319998028814382],[111.012501150796,27.31999801565561],[111.07500108272143,27.319998071283642],[111.13750094178911,27.319998075426426],[111.2000007809136,27.31999805006393],[111.26250065316744,27.31999801676434],[111.3250005208042,27.319998011164945],[111.38750043719087,27.319998054149575],[111.45000027388987,27.319998024673605],[111.45000027388987,27.820001479821837],[111.38750043719087,27.820001491147224],[111.3250005208042,27.82000152370605],[111.26250065316742,27.820001528346236],[111.2000007809136,27.820001485006596],[111.13750094178911,27.820001529191885],[111.07500108272143,27.820001469753933],[111.012501150796,27.820001541422307],[110.95000127517434,27.82000152344718],[110.95000127517433,27.319998028814382]]]}"
00000000000000000687,476,160,80176.0,15832.04375,11124.285714285714,5554.0,2533127.0,"{""type"":""Polygon"",""coordinates"":[[[111.45000027388987,27.319998024673605],[111.51250017551725,27.31999801391189],[111.57500001390144,27.3199980710617],[111.63749993392162,27.31999803062015],[111.69999980765746,27.319998026667704],[111.76249968925852,27.319998078318882],[111.82499954201671,27.319998048768166],[111.8874994203104,27.319998041748896],[111.94999928765343,27.31999800516791],[111.94999928765343,27.820001470590466],[111.8874994203104,27.820001534994432],[111.82499954201671,27.820001487298192],[111.76249968925852,27.820001465045085],[111.69999980765746,27.820001535671874],[111.63749993392162,27.82000149625478],[111.57500001390144,27.820001498586432],[111.51250017551725,27.82000149444273],[111.45000027388987,27.820001479821837],[111.45000027388987,27.319998024673605]]]}"
00000000000000000688,477,24,25449.0,10002.166666666666,8755.0,5554.0,240052.0,"{""type"":""Polygon"",""coordinates"":[[[111.94999928765343,27.31999800516791],[112.0124991986357,27.31999804201729],[112.07499902601046,27.319998029623346],[112.13749891553334,27.319998055363214],[112.19999883111501,27.319998066128843],[112.26249864580134,27.31999802386998],[112.3249985965618,27.319997999625702],[112.38749846565608,27.31999805497609],[112.44999830829926,27.31999803583209],[112.44999830829926,27.82000152621909],[112.38749846565608,27.820001496779057],[112.32499859656178,27.82000147412845],[112.26249864580134,27.82000152816159],[112.19999883111501,27.820001512852446],[112.13749891553334,27.82000152828212],[112.07499902601046,27.820001528057862],[112.0124991986357,27.82000148092596],[111.94999928765343,27.820001470590466],[111.94999928765343,27.31999800516791]]]}"
00000000000000000689,478,8,27783.0,11626.375,7957.5,5561.0,93011.0,"{""type"":""Polygon"",""coordinates"":[[[112.44999830829926,27.31999803583209],[112.51249872542826,27.319998035258244],[112.57499913573395,27.319998005512915],[112.63749959462092,27.319998046238446],[112.70000006661674,27.31999801761709],[112.76250042539426,27.319998049735645],[112.82500090837965,27.319998040593532],[112.88750129843872,27.319998050489584],[112.95000174215942,27.319998077079724],[112.95000174215942,27.82000146409109],[112.88750129843872,27.820001532494025],[112.82500090837965,27.82000152301208],[112.76250042539426,27.820001523634655],[112.70000006661674,27.820001474439785],[112.63749959462092,27.8200014785494],[112.57499913573395,27.820001491309405],[112.51249872542826,27.82000148358068],[112.44999830829926,27.82000152621909],[112.44999830829926,27.31999803583209]]]}"
0000000000000000068a,479,64,147245.0,33442.0625,14728.5,5553.0,2140292.0,"{""type"":""Polygon"",""coordinates"":[[[112.95000174215942,27.319998077079724],[113.01250165895985,27.319998073992327],[113.07500155915373,27.319998060452125],[113.13750140764363,27.319998064613284],[113.20000126025225,27.31999801391537],[113.26250117281332,27.31999800463563],[113.32500101945124,27.31999807992797],[113.3875008560576,27.319998081819115],[113.45000073852206,27.319998021119538],[113.45000073852206,27.820001476387862],[113.3875008560576,27.820001484895194],[113.32500101945124,27.820001498880497],[113.26250117281332,27.82000150858188],[113.20000126025225,27.820001503816542],[113.13750140764363,27.820001526346463],[113.07500155915373,27.820001481059286],[113.01250165895986,27.820001525747365],[112.95000174215942,27.82000146409109],[112.95000174215942,27.319998077079724]]]}"
0000000000000000068b,480,29,76927.0,16114.965517241379,9519.0,5561.0,467334.0,"{""type"":""Polygon"",""coordinates"":[[[113.45000073852206,27.319998021119538],[113.51250063189647,27.319998008800198],[113.57500050125826,27.319998071053117],[113.63750040251857,27.31999804881284],[113.70000030076775,27.319998052213847],[113.76250016111256,27.319998022340247],[113.82500003945233,27.31999805246049],[113.88749990088554,27.31999799881202],[113.94999980127372,27.319998038264508],[113.94999980127372,27.82000147867257],[113.88749990088554,27.820001462707918],[113.82500003945233,27.820001516701193],[113.76250016111256,27.82000146516896],[113.70000030076775,27.820001452250253],[113.63750040251857,27.82000147006348],[113.57500050125826,27.820001493948173],[113.51250063189646,27.820001499010562],[113.45000073852206,27.820001476387862],[113.45000073852206,27.319998021119538]]]}"
0000000000000000068c,481,69,98532.0,21587.217391304348,15892.5,5557.0,1489518.0,"{""type"":""Polygon"",""coordinates"":[[[113.94999980127372,27.319998038264508],[114.01249961494779,27.319998043046965],[114.07499948848324,27.319998004401192],[114.13749938691707,27.31999803030569],[114.19999927528013,27.319998060078632],[114.26249911859477,27.319998032918342],[114.32499906323218,27.31999802267569],[114.3874988927758,27.319998001385734],[114.44999875351041,27.319998042193085],[114.44999875351041,27.82000146611141],[114.3874988927758,27.820001493462605],[114.32499906323218,27.82000146924645],[114.26249911859477,27.82000148949191],[114.19999927528013,27.82000149847421],[114.13749938691707,27.82000150772577],[114.07499948848324,27.82000149470717],[114.01249961494779,27.820001520686205],[113.94999980127372,27.82000147867257],[113.94999980127372,27.319998038264508]]]}"
0000000000000000068d,482,3,6355.0,6090.666666666667,6348.0,5569.0,18272.0,"{""type"":""Polygon"",""coordinates"":[[[114.44999875351041,27.319998042193085],[114.51249861031246,27.319998083202794],[114.57499851865737,27.319998045502775],[114.63749835271804,27.319998051684824],[114.69999825847623,27.31999800534693],[114.76249811002621,27.319998028513005],[114.82499805317266,27.319998024052776],[114.8874978713726,27.319998046708545],[114.94999780081427,27.319998065486025],[114.94999780081427,27.82000145275102],[114.8874978713726,27.82000151845898],[114.82499805317266,27.82000145986168],[114.76249811002621,27.820001476698504],[114.69999825847623,27.820001514697324],[114.63749835271804,27.820001504575682],[114.57499851865737,27.82000149258824],[114.51249861031246,27.820001492419546],[114.44999875351041,27.82000146611141],[114.44999875351041,27.319998042193085]]]}"
0000000000000000068e,483,6,13529.0,8086.666666666667,6360.0,5565.0,48520.0,"{""type"":""Polygon"",""coordinates"":[[[114.94999780081427,27.319998065486025],[115.01249816795351,27.319998031389048],[115.0749986654598,27.319998015318415],[115.13749907662935,27.319998071181363],[115.19999954668145,27.319998016197975],[115.26249994931185,27.31999805410197],[115.32500033907466,27.31999801889734],[115.38750077038793,27.319998078840644],[115.45000120714293,27.31999808476684],[115.45000120714293,27.820001537595363],[115.38750077038793,27.820001523921924],[115.32500033907466,27.820001496121765],[115.26249994931185,27.820001520396556],[115.19999954668145,27.820001513408165],[115.13749907662935,27.82000147481193],[115.0749986654598,27.820001452448512],[115.01249816795351,27.82000154652082],[114.94999780081427,27.82000145275102],[114.94999780081427,27.319998065486025]]]}"
0000000000000000068f,484,55,28653.0,9793.381818181819,7956.0,3968.0,538636.0,"{""type"":""Polygon"",""coordinates"":[[[115.45000120714293,27.31999808476684],[115.51250107096507,27.319998076579008],[115.57500095838192,27.31999803299476],[115.63750083301515,27.319998054843268],[115.70000074871466,27.31999805796488],[115.76250057859622,27.319998076871617],[115.82500046656986,27.31999800919017],[115.887500375804,27.31999803789697],[115.95000026937656,27.319998012145426],[115.95000026937656,27.820001525775755],[115.887500375804,27.820001507777427],[115.82500046656986,27.82000146768925],[115.76250057859622,27.82000147364438],[115.70000074871464,27.820001510404197],[115.63750083301515,27.820001514994438],[115.57500095838192,27.820001536825494],[115.51250107096507,27.820001494280373],[115.45000120714293,27.820001537595363],[115.45000120714293,27.31999808476684]]]}"
00000000000000000690,485,23,120140.0,15334.434782608696,9542.0,5557.0,352692.0,"{""type"":""Polygon"",""coordinates"":[[[115.95000026937656,27.319998012145426],[116.01250011027291,27.319998031025506],[116.07499995156216,27.319998008727808],[116.13749984612735,27.31999802564909],[116.1999997565261,27.319998013306922],[116.26249964521116,27.31999806948531],[116.32499947452831,27.31999804215196],[116.38749938684246,27.319997992225797],[116.44999925409569,27.319998034711986],[116.44999925409569,27.820001529510616],[116.38749938684246,27.820001469675002],[116.32499947452831,27.820001526608976],[116.26249964521116,27.820001503210428],[116.1999997565261,27.820001506071733],[116.13749984612735,27.820001521740807],[116.07499995156216,27.820001536537575],[116.01250011027291,27.82000153655381],[115.95000026937656,27.820001525775755],[115.95000026937656,27.319998012145426]]]}"
00000000000000000691,486,18,16700.0,7904.611111111111,7539.5,5564.0,142283.0,"{""type"":""Polygon"",""coordinates"":[[[116.44999925409569,27.319998034711986],[116.51249912824201,27.319997998635387],[116.57499897102883,27.319998063345768],[116.63749883404937,27.31999805731368],[116.69999876867364,27.31999805776252],[116.76249864621,27.319998012489677],[116.82499851772049,27.319997998116644],[116.8874983441674,27.319998026439702],[116.94999826605553,27.31999807178013],[116.94999826605553,27.82000147291231],[116.8874983441674,27.820001498898932],[116.82499851772049,27.820001475385055],[116.76249864621,27.820001512086748],[116.69999876867364,27.820001515360545],[116.63749883404937,27.820001492647354],[116.57499897102883,27.820001496658215],[116.51249912824201,27.820001534384687],[116.44999925409569,27.820001529510616],[116.44999925409569,27.319998034711986]]]}"
00000000000000000692,487,70,409735.0,29928.72857142857,10005.702380952382,5554.0,2095011.0,"{""type"":""Polygon"",""coordinates"":[[[116.94999826605553,27.31999807178013],[117.01249869297735,27.31999805186632],[117.07499913599196,27.319998070456514],[117.1374995553392,27.319998055432563],[117.20000000084326,27.319997998494888],[117.26250043236597,27.319997992479657],[117.32500080961702,27.319998047218558],[117.38750127144553,27.319998051821123],[117.45000168746127,27.31999803448689],[117.45000168746127,27.82000148957301],[117.38750127144553,27.820001484630144],[117.32500080961704,27.820001466185175],[117.26250043236597,27.820001489243005],[117.20000000084326,27.820001500943302],[117.1374995553392,27.82000149229667],[117.07499913599196,27.820001454091663],[117.01249869297735,27.820001478413865],[116.94999826605553,27.82000147291231],[116.94999826605553,27.31999807178013]]]}"
00000000000000000693,488,1,5569.0,5569.0,5569.0,5569.0,5569.0,"{""type"":""Polygon"",""coordinates"":[[[117.45000168746127,27.31999803448689],[117.51250156887173,27.319998016921637],[117.57500141246646,27.319998059425004],[117.6375013560503,27.31999804972899],[117.70000117902012,27.319998034225346],[117.76250110819338,27.319998045849896],[117.82500092265155,27.319998048105823],[117.88750084859045,27.319998073029332],[117.9500006647658,27.319998083797444],[117.9500006647658,27.820001490305554],[117.88750084859045,27.82000150935879],[117.82500092265155,27.8200015145075],[117.76250110819338,27.820001460619622],[117.70000117902012,27.820001481951945],[117.6375013560503,27.82000145077309],[117.57500141246646,27.820001500563382],[117.51250156887173,27.820001503134876],[117.45000168746127,27.82000148957301],[117.45000168746127,27.31999803448689]]]}"
00000000000000000694,489,17,18295.0,9303.470588235294,7955.0,5561.0,158159.0,"{""type"":""Polygon"",""coordinates"":[[[117.9500006647658,27.319998083797444],[118.01250059673546,27.3199980292471],[118.07500042291933,27.31999803686826],[118.13750027893767,27.319998074040733],[118.20000021071498,27.319998044886052],[118.26250008541567,27.31999805672489],[118.32499994851155,27.319998013227455],[118.38749984514642,27.3199980641226],[118.44999973101154,27.31999804988647],[118.44999973101154,27.820001492648128],[118.38749984514642,27.820001494772292],[118.32499994851155,27.820001505093565],[118.26250008541567,27.820001519847242],[118.20000021071498,27.820001472793585],[118.13750027893767,27.820001543312518],[118.07500042291933,27.82000154300515],[118.01250059673546,27.820001486638777],[117.9500006647658,27.820001490305554],[117.9500006647658,27.319998083797444]]]}"
00000000000000000695,490,181,301813.0,17899.31491712707,9117.142857142857,5551.0,3239776.0,"{""type"":""Polygon"",""coordinates"":[[[118.44999973101154,27.31999804988647],[118.51249956159542,27.31999805716525],[118.57499947028623,27.319998050699297],[118.63749932293841,27.319998054131396],[118.69999916329995,27.3199980513384],[118.76249903476817,27.31999802581203],[118.82499898038535,27.319998042533012],[118.88749886507792,27.319998042277714],[118.94999873137841,27.319998007649367],[118.9499987313784,27.820001507298592],[118.88749886507792,27.820001476433752],[118.82499898038535,27.82000147529537],[118.76249903476817,27.820001522586058],[118.69999916329995,27.82000151465487],[118.63749932293841,27.82000146959913],[118.57499947028623,27.82000148694802],[118.51249956159542,27.820001502273108],[118.44999973101154,27.820001492648128],[118.44999973101154,27.31999804988647]]]}"
00000000000000000696,491,470,177109.0,17262.7,10651.222222222223,5551.0,8113469.0,"{""type"":""Polygon"",""coordinates"":[[[118.94999873137841,27.319998007649367],[119.01249915429268,27.319998045688173],[119.07499955357449,27.319998032818873],[119.13749997075175,27.319998032337693],[119.20000044697548,27.31999802535531],[119.26250084569612,27.319998033117223],[119.32500129614436,27.319998015937916],[119.38750174984433,27.31999805583754],[119.45000215807949,27.319998071426667],[119.45000215807949,27.820001469981356],[119.38750174984433,27.820001491550304],[119.32500129614436,27.82000146225273],[119.26250084569612,27.820001464259807],[119.20000044697548,27.820001498189875],[119.13749997075175,27.820001523772433],[119.07499955357449,27.82000152048062],[119.01249915429268,27.820001508415995],[118.9499987313784,27.820001507298592],[118.94999873137841,27.319998007649367]]]}"
00000000000000000697,492,23,20679.0,9531.869565217392,7945.0,5555.0,219233.0,"{""type"":""Polygon"",""coordinates"":[[[119.45000215807949,27.319998071426667],[119.51250202934987,27.319998001896334],[119.57500193431869,27.319998030500965],[119.63750182330921,27.31999799355403],[119.70000164639437,27.319998053035395],[119.7625015301001,27.31999800379262],[119.82500142375648,27.31999800701186],[119.88750127643594,27.319998060816218],[119.95000112518373,27.31999806114127],[119.95000112518373,27.820001536835257],[119.88750127643594,27.820001502970346],[119.82500142375648,27.8200014607409],[119.7625015301001,27.820001515355838],[119.70000164639437,27.820001507340038],[119.63750182330921,27.820001520489114],[119.57500193431872,27.820001517419655],[119.51250202934987,27.820001500020737],[119.45000215807949,27.820001469981356],[119.45000215807949,27.319998071426667]]]}"
00000000000000000698,493,241,145919.0,13161.560165975105,8742.111111111111,5551.0,3171936.0,"{""type"":""Polygon"",""coordinates"":[[[119.95000112518373,27.31999806114127],[120.01250100662233,27.31999806614364],[120.07500086879638,27.319998073099715],[120.13750074759342,27.319998058232603],[120.20000067846723,27.31999799740067],[120.262500520381,27.319998070156363],[120.32500039614503,27.319998068590035],[120.38750025207365,27.31999806964314],[120.45000012210248,27.319998047874936],[120.45000012210245,27.82000148131749],[120.38750025207365,27.820001477843377],[120.32500039614503,27.820001486659667],[120.262500520381,27.820001534546208],[120.20000067846723,27.820001464888563],[120.13750074759342,27.820001486717942],[120.07500086879638,27.820001502574918],[120.01250100662233,27.820001537936086],[119.95000112518373,27.820001536835257],[119.95000112518373,27.31999806114127]]]}"
000000000000000006a1,510,345,481209.0,18545.304347826088,9077.473684210527,5126.0,6398130.0,"{""type"":""Polygon"",""coordinates"":[[[98.44999956043617,27.820001488194745],[98.51249943413173,27.820001468616482],[98.57499928708933,27.820001533662914],[98.63749911711376,27.820001486736476],[98.69999900747618,27.82000148069653],[98.76249887512004,27.82000150117029],[98.82499880641362,27.82000152293761],[98.88749863693162,27.820001536662648],[98.94999854015231,27.82000151120423],[98.94999854015231,28.320000526352775],[98.88749863693162,28.320000522116448],[98.82499880641362,28.320000495252813],[98.76249887512004,28.3200004772387],[98.69999900747618,28.320000477488918],[98.63749911711376,28.32000052148985],[98.57499928708933,28.320000535253637],[98.51249943413173,28.320000455158745],[98.44999956043617,28.32000047749944],[98.44999956043617,27.820001488194745]]]}"
000000000000000006a2,511,0,,,,,0.0,"{""type"":""Polygon"",""coordinates"":[[[98.94999854015231,27.82000151120423],[99.01249894448146,27.820001486944495],[99.07499935293878,27.82000147563168],[99.13749985949617,27.82000153920927],[99.2000002217807,27.820001495813816],[99.26250070551194,27.820001484302626],[99.32500115540873,27.820001494100556],[99.38750158649148,27.82000150315419],[99.45000201518567,27.820001489141504],[99.45000201518567,28.32000050453036],[99.38750158649148,28.3200004551908],[99.32500115540873,28.320000485602126],[99.26250070551194,28.320000529963664],[99.2000002217807,28.320000522159468],[99.13749985949617,28.32000047282331],[99.07499935293878,28.320000509232955],[99.01249894448146,28.320000459130398],[98.94999854015231,28.320000526352775],[98.94999854015231,27.82000151120423]]]}"
000000000000000006a3,512,0,,,,,0.0,"{""type"":""Polygon"",""coordinates"":[[[99.45000201518567,27.820001489141504],[99.5125018654743,27.820001470541424],[99.57500174951721,27.820001472603717],[99.63750160295518,27.8200014781062],[99.70000144757573,27.82000146372324],[99.76250139162286,27.820001488347536],[99.82500120435228,27.820001457647685],[99.88750108168576,27.820001512485806],[99.95000096556808,27.82000145747847],[99.95000096556808,28.320000497189156],[99.88750108168577,28.320000471406356],[99.82500120435228,28.320000524781804],[99.76250139162286,28.320000499269856],[99.70000144757573,28.320000519745673],[99.63750160295518,28.320000503722575],[99.57500174951721,28.320000481164858],[99.5125018654743,28.320000475637507],[99.45000201518567,28.32000050453036],[99.45000201518567,27.820001489141504]]]}"
000000000000000006a4,513,0,,,,,0.0,"{""type"":""Polygon"",""coordinates"":[[[99.95000096556808,27.82000145747847],[100.01250088437155,27.82000153348378],[100.07500069700846,27.82000146253878],[100.13750060505761,27.820001472488062],[100.20000046983237,27.820001461939302],[100.26250032462946,27.820001493705547],[100.32500020405068,27.82000154180884],[100.38750014399517,27.820001491537933],[100.45000001014012,27.82000150621338],[100.45000001014012,28.320000534309834],[100.38750014399517,28.320000528830725],[100.32500020405068,28.32000050980048],[100.26250032462947,28.320000490879693],[100.20000046983237,28.320000498624825],[100.13750060505761,28.32000047105478],[100.07500069700846,28.32000052230627],[100.01250088437155,28.320000488925615],[99.95000096556808,28.320000497189156],[99.95000096556808,27.82000145747847]]]}"
000000000000000006a5,514,0,,,,,0.0,"{""type"":""Polygon"",""coordinates"":[[[100.45000001014012,27.82000150621338],[100.5124998406031,27.82000147075367],[100.57499976065216,27.820001528356748],[100.63749963926456,27.820001488109256],[100.69999951819264,27.82000149927119],[100.76249935439841,27.82000154072996],[100.8249992780695,27.820001489297542],[100.88749907622298,27.820001513664913],[100.94999896751168,27.820001483267195],[100.94999896751168,28.32000048924878],[100.88749907622298,28.320000461579866],[100.8249992780695,28.320000474565234],[100.76249935439841,28.320000482808794],[100.69999951819264,28.32000049435817],[100.63749963926456,28.320000456303717],[100.57499976065216,28.320000478067648],[100.5124998406031,28.320000499319434],[100.45000001014012,28.320000534309834],[100.45000001014012,27.82000150621338]]]}"
000000000000000006a6,515,0,,,,,0.0,"{""type"":""Polygon"",""coordinates"":[[[100.94999896751168,27.820001483267195],[101.01249882717765,27.820001471217164],[101.07499870389056,27.82000153665016],[101.13749864753342,27.820001473494305],[101.19999844987971,27.820001537933823],[101.26249833570857,27.8200015094145],[101.32499827178705,27.820001452946624],[101.38749813924753,27.82000152874037],[101.44999799327965,27.820001529597196],[101.44999799327965,28.32000051887139],[101.38749813924753,28.32000050135123],[101.32499827178705,28.320000501786197],[101.26249833570857,28.320000463237164],[101.19999844987971,28.32000049009204],[101.13749864753342,28.32000051785447],[101.07499870389056,28.32000050298004],[101.01249882717765,28.32000054221189],[100.94999896751168,28.32000048924878],[100.94999896751168,27.820001483267195]]]}"
000000000000000006a7,516,270,208712.0,17553.433333333334,10715.666666666666,5532.0,4739427.0,"{""type"":""Polygon"",""coordinates"":[[[101.44999799327965,27.820001529597196],[101.51249841049612,27.820001468916782],[101.57499884204752,27.820001542138908],[101.63749925963809,27.820001460396767],[101.6999997227788,27.820001456297216],[101.7625001182872,27.820001512450492],[101.8250005946132,27.820001500796796],[101.88750104047836,27.82000149169107],[101.95000143238939,27.82000145972789],[101.95000143238939,28.320000528587233],[101.88750104047836,28.320000519335043],[101.8250005946132,28.320000489279902],[101.7625001182872,28.320000464076333],[101.6999997227788,28.32000046168087],[101.63749925963809,28.320000522449764],[101.57499884204752,28.32000048806097],[101.51249841049612,28.32000047867893],[101.44999799327965,28.32000051887139],[101.44999799327965,27.820001529597196]]]}"
000000000000000006a8,517,196,290899.0,20266.561224489797,9089.608695652174,5532.0,3972246.0,"{""type"":""Polygon"",""coordinates"":[[[101.95000143238939,27.82000145972789],[102.01250131215058,27.82000150565786],[102.07500118037699,27.82000147009127],[102.13750110367965,27.820001495290526],[102.2000009752185,27.820001474489683],[102.26250086349057,27.82000146135168],[102.32500066333235,27.82000152486416],[102.38750053252556,27.82000153417567],[102.45000045517783,27.820001461852645],[102.45000045517783,28.320000540790762],[102.38750053252556,28.320000480783786],[102.32500066333235,28.32000051386101],[102.26250086349057,28.320000492251452],[102.2000009752185,28.320000459218047],[102.13750110367965,28.320000521763458],[102.07500118037697,28.320000539041647],[102.01250131215058,28.32000052990458],[101.95000143238939,28.320000528587233],[101.95000143238939,27.82000145972789]]]}"
000000000000000006a9,518,40,53738.0,13912.525,10272.0,5533.0,556501.0,"{""type"":""Polygon"",""coordinates"":[[[102.45000045517783,27.820001461852645],[102.51250032874732,27.820001464211824],[102.57500022649201,27.820001505405383],[102.63750004749501,27.820001477477962],[102.69999995447873,27.820001511817164],[102.76249984827193,27.820001499995342],[102.82499971810891,27.820001501158746],[102.88749955406026,27.820001486306477],[102.94999943487058,27.820001505750728],[102.94999943487058,28.320000511329305],[102.88749955406026,28.32000046834795],[102.82499971810891,28.320000455575652],[102.76249984827193,28.320000510991655],[102.69999995447873,28.320000488568997],[102.63750004749501,28.320000505028748],[102.57500022649201,28.32000049336789],[102.51250032874732,28.320000498555903],[102.45000045517783,28.320000540790762],[102.45000045517783,27.820001461852645]]]}"
000000000000000006aa,519,218,325525.0,21577.697247706423,10959.57142857143,5530.0,4703938.0,"{""type"":""Polygon"",""coordinates"":[[[102.94999943487058,27.820001505750728],[103.01249935240315,27.820001529882543],[103.07499921140636,27.820001537307352],[103.13749909321939,27.82000148964749],[103.19999899214639,27.820001532245875],[103.26249881522786,27.820001467529647],[103.3249987344573,27.820001511019402],[103.38749857035549,27.82000147332773],[103.44999840847325,27.82000149017132],[103.44999840847325,28.32000049683315],[103.38749857035549,28.320000501754187],[103.3249987344573,28.320000466488178],[103.26249881522786,28.320000518789765],[103.19999899214639,28.320000497524813],[103.13749909321939,28.32000053860258],[103.07499921140636,28.32000048904752],[103.01249935240315,28.320000467017763],[102.94999943487058,28.320000511329305],[102.94999943487058,27.820001505750728]]]}"
000000000000000006ab,520,437,900711.0,26183.645308924486,9771.117647058823,4874.0,1.1442253E7,"{""type"":""Polygon"",""coordinates"":[[[103.44999840847325,27.82000149017132],[103.51249886474936,27.82000146877244],[103.57499932114563,27.820001525716943],[103.6374997774681,27.820001453608434],[103.70000014592347,27.820001492210277],[103.76250060453198,27.820001503602516],[103.8250010670569,27.820001463919233],[103.88750144784625,27.820001524496757],[103.95000192741529,27.820001458824255],[103.95000192741529,28.32000050726535],[103.88750144784625,28.320000491588978],[103.8250010670569,28.320000514317083],[103.762500604532,28.320000539862612],[103.70000014592347,28.320000504972768],[103.6374997774681,28.32000052117663],[103.57499932114563,28.32000046433488],[103.51249886474936,28.320000532923604],[103.44999840847325,28.32000049683315],[103.44999840847325,27.82000149017132]]]}"
000000000000000006ac,521,417,244061.0,19895.50839328537,10666.76923076923,5526.0,8296427.0,"{""type"":""Polygon"",""coordinates"":[[[103.95000192741529,27.820001458824255],[104.01250180165823,27.820001481515444],[104.07500169504861,27.820001495604878],[104.13750152472561,27.820001476314978],[104.2000013857669,27.820001467830927],[104.2625012853988,27.820001523151834],[104.32500114279593,27.820001529302413],[104.38750105528894,27.82000152949634],[104.450000943384,27.820001497869185],[104.450000943384,28.320000518844072],[104.38750105528894,28.32000047877149],[104.32500114279593,28.32000048054316],[104.2625012853988,28.320000463021792],[104.2000013857669,28.320000470987473],[104.13750152472561,28.320000530134525],[104.07500169504861,28.32000050070741],[104.01250180165823,28.320000513856765],[103.95000192741529,28.32000050726535],[103.95000192741529,27.820001458824255]]]}"
000000000000000006ad,522,17,33156.0,9404.823529411764,6336.0,4634.0,159882.0,"{""type"":""Polygon"",""coordinates"":[[[104.450000943384,27.820001497869185],[104.512500817009,27.820001486458498],[104.57500068678307,27.820001459543043],[104.6375005640113,27.82000146857587],[104.70000037169314,27.820001486918173],[104.76250030042463,27.820001458817735],[104.825000185528,27.820001454184165],[104.88750004089037,27.820001523424402],[104.94999988105903,27.82000154194347],[104.94999988105903,28.320000502898736],[104.88750004089037,28.320000538114712],[104.825000185528,28.32000050556907],[104.76250030042463,28.320000529977648],[104.70000037169314,28.320000474366136],[104.6375005640113,28.320000530695815],[104.57500068678307,28.32000049380091],[104.512500817009,28.32000047772607],[104.450000943384,28.320000518844072],[104.450000943384,27.820001497869185]]]}"
000000000000000006ae,523,3,25947.0,13122.666666666666,7894.0,5527.0,39368.0,"{""type"":""Polygon"",""coordinates"":[[[104.94999988105903,27.82000154194347],[105.01249981039842,27.820001462409387],[105.07499966646854,27.820001528701805],[105.1374995548915,27.82000151828866],[105.19999940353478,27.82000149015301],[105.26249931936047,27.82000148301779],[105.3249991420986,27.82000147816486],[105.38749906929306,27.820001503595734],[105.44999894178211,27.82000145300092],[105.44999894178211,28.320000528633866],[105.38749906929306,28.32000052590099],[105.3249991420986,28.320000513522817],[105.26249931936047,28.32000051075614],[105.19999940353478,28.320000490455115],[105.1374995548915,28.320000471477265],[105.07499966646854,28.32000050289375],[105.01249981039842,28.320000526268664],[104.94999988105903,28.320000502898736],[104.94999988105903,27.82000154194347]]]}"
000000000000000006af,524,0,,,,,0.0,"{""type"":""Polygon"",""coordinates"":[[[105.44999894178211,27.82000145300092],[105.51249877961354,27.82000146129346],[105.57499869290272,27.820001478363746],[105.63749852402003,27.82000148466303],[105.69999838424833,27.82000151671243],[105.76249829603358,27.820001533830265],[105.82499819282427,27.820001505543598],[105.88749800852842,27.820001488361836],[105.94999794643947,27.820001506910693],[105.94999794643947,28.32000046010284],[105.88749800852842,28.32000048570366],[105.82499819282427,28.320000522059953],[105.76249829603358,28.320000458567073],[105.69999838424833,28.32000049982208],[105.63749852402003,28.320000502877622],[105.57499869290272,28.320000508808462],[105.51249877961354,28.320000481843778],[105.44999894178211,28.320000528633866],[105.44999894178211,27.82000145300092]]]}"
000000000000000006b0,525,24,109852.0,13821.375,8320.0,5544.0,331713.0,"{""type"":""Polygon"",""coordinates"":[[[105.94999794643947,27.820001506910693],[106.01249839000212,27.820001476816287],[106.07499873697631,27.820001517044236],[106.13749919243547,27.820001477099428],[106.19999960320456,27.82000150987877],[106.26250008579031,27.820001474934053],[106.32500048791435,27.820001524801867],[106.3875009271412,27.82000151850236],[106.45000134194315,27.820001510359035],[106.45000134194315,28.320000545043875],[106.3875009271412,28.320000466298445],[106.32500048791435,28.32000053047764],[106.26250008579031,28.320000510468883],[106.19999960320456,28.32000054755726],[106.13749919243547,28.320000489841412],[106.07499873697631,28.320000478069563],[106.01249839000212,28.320000533560535],[105.94999794643947,28.32000046010284],[105.94999794643947,27.820001506910693]]]}"
000000000000000006b1,526,31,575587.0,36041.93548387097,11887.0,5532.0,1117300.0,"{""type"":""Polygon"",""coordinates"":[[[106.45000134194315,27.820001510359035],[106.51250122173896,27.8200015226472],[106.57500113489608,27.82000153278815],[106.63750102130584,27.820001507529124],[106.70000091124314,27.82000148919885],[106.76250074549382,27.820001530951476],[106.82500064529452,27.820001489734967],[106.88750046233555,27.820001516228498],[106.95000040889545,27.82000145550177],[106.95000040889545,28.3200005341762],[106.88750046233555,28.32000049468524],[106.82500064529452,28.32000050830854],[106.76250074549382,28.32000047087447],[106.70000091124314,28.320000492033365],[106.63750102130584,28.320000455478798],[106.57500113489608,28.320000481774134],[106.51250122173896,28.320000529313326],[106.45000134194315,28.320000545043875],[106.45000134194315,27.820001510359035]]]}"
000000000000000006b2,527,37,86986.0,14954.432432432432,11056.0,5533.0,553314.0,"{""type"":""Polygon"",""coordinates"":[[[106.95000040889545,27.82000145550177],[107.01250024745117,27.820001469086925],[107.07500010115804,27.820001499533728],[107.13750000360177,27.820001500385217],[107.19999989867381,27.820001523073593],[107.26249973064182,27.820001532209197],[107.32499962457192,27.82000146906896],[107.38749952560921,27.820001470970467],[107.44999937926345,27.820001501807766],[107.44999937926345,28.320000487141684],[107.38749952560921,28.320000463882653],[107.32499962457192,28.320000519025832],[107.2624997306418,28.32000051624849],[107.19999989867381,28.320000491808837],[107.13750000360176,28.320000505077147],[107.07500010115805,28.32000050535201],[107.01250024745117,28.320000528232395],[106.95000040889545,28.3200005341762],[106.95000040889545,27.82000145550177]]]}"
000000000000000006b3,528,47,111489.0,14424.595744680852,7113.0,5527.0,677956.0,"{""type"":""Polygon"",""coordinates"":[[[107.44999937926345,27.820001501807766],[107.51249922168425,27.82000151361229],[107.57499908946542,27.820001544657725],[107.63749901963907,27.820001459806075],[107.69999886898934,27.820001493490526],[107.76249876564697,27.820001498234035],[107.8249986574864,27.820001523054206],[107.88749849272108,27.820001530343255],[107.94999840073855,27.82000145820398],[107.94999840073855,28.32000045614788],[107.88749849272108,28.320000505557548],[107.8249986574864,28.320000520523443],[107.76249876564697,28.320000477380322],[107.69999886898934,28.320000500327154],[107.63749901963907,28.320000540972327],[107.57499908946542,28.32000048831919],[107.51249922168424,28.32000054031634],[107.44999937926345,28.320000487141684],[107.44999937926345,27.820001501807766]]]}"
000000000000000006b4,529,456,565234.0,14549.576754385966,9960.4,5526.0,6634607.0,"{""type"":""Polygon"",""coordinates"":[[[107.94999840073855,27.82000145820398],[108.01249878272381,27.8200014670115],[108.07499922645421,27.820001480012667],[108.13749968162853,27.820001458606306],[108.20000009826589,27.82000153673639],[108.26250051721281,27.820001490509636],[108.32500097969988,27.820001527328287],[108.387501436792,27.820001521401913],[108.45000183986016,27.820001519397472],[108.45000183986016,28.320000513335412],[108.387501436792,28.320000499981813],[108.32500097969988,28.32000053086678],[108.26250051721281,28.320000473893497],[108.20000009826589,28.3200005410575],[108.13749968162853,28.32000052620979],[108.07499922645421,28.32000048105115],[108.01249878272381,28.32000053085372],[107.94999840073855,28.32000045614788],[107.94999840073855,27.82000145820398]]]}"
000000000000000006b5,530,665,292910.0,18800.23157894737,11018.285714285714,4046.0,1.2502154E7,"{""type"":""Polygon"",""coordinates"":[[[108.45000183986016,27.820001519397472],[108.51250168769621,27.820001544152262],[108.57500156618424,27.820001468551748],[108.63750142769644,27.82000151086056],[108.70000131551998,27.82000153168369],[108.76250118265287,27.820001490249425],[108.8250010730305,27.820001505137466],[108.88750094026051,27.82000153506914],[108.95000082890888,27.82000152579731],[108.95000082890888,28.320000479706803],[108.88750094026051,28.32000051616341],[108.8250010730305,28.32000046301062],[108.76250118265287,28.32000054680768],[108.70000131552,28.320000465630994],[108.63750142769644,28.32000053146384],[108.57500156618424,28.320000527729714],[108.51250168769621,28.320000508103934],[108.45000183986016,28.320000513335412],[108.45000183986016,27.820001519397472]]]}"
000000000000000006b6,531,442,86321.0,11162.649321266968,7911.333333333333,5526.0,4933891.0,"{""type"":""Polygon"",""coordinates"":[[[108.95000082890888,27.82000152579731],[109.01250069317662,27.820001521711436],[109.07500057824282,27.82000146802483],[109.13750043888552,27.820001494638046],[109.20000032087941,27.82000146017732],[109.26250017956323,27.820001494006217],[109.32500006128967,27.820001540185398],[109.38749992194201,27.820001469738916],[109.44999980843326,27.82000148398186],[109.44999980843326,28.320000476662788],[109.38749992194201,28.32000048616461],[109.32500006128967,28.320000524786042],[109.26250017956323,28.320000478158743],[109.20000032087941,28.32000047546587],[109.13750043888552,28.320000487468132],[109.07500057824282,28.320000471424713],[109.01250069317662,28.320000483249746],[108.95000082890888,28.320000479706803],[108.95000082890888,27.82000152579731]]]}"
000000000000000006b7,532,303,145616.0,12777.013201320133,8705.565217391304,5153.0,3871435.0,"{""type"":""Polygon"",""coordinates"":[[[109.44999980843326,27.82000148398186],[109.51249967717493,27.82000153932979],[109.57499957562285,27.820001492907476],[109.63749946070045,27.82000147245346],[109.69999938038876,27.82000150618264],[109.76249920127421,27.82000147729858],[109.82499906265927,27.820001485864054],[109.88749892244346,27.82000148692972],[109.94999882960636,27.820001507514814],[109.94999882960636,28.320000472195336],[109.88749892244346,28.320000511994103],[109.82499906265927,28.320000510917787],[109.76249920127421,28.32000052826651],[109.69999938038876,28.320000523877102],[109.63749946070045,28.320000484435973],[109.57499957562284,28.320000526800115],[109.51249967717493,28.32000053795617],[109.44999980843326,28.320000476662788],[109.44999980843326,27.82000148398186]]]}"
000000000000000006b8,533,0,,,,,0.0,"{""type"":""Polygon"",""coordinates"":[[[109.94999882960636,27.820001507514814],[110.01249874251052,27.820001502211934],[110.07499861973156,27.82000151114795],[110.13749851093976,27.820001474843266],[110.19999837515131,27.820001518528347],[110.26249826248451,27.820001496510336],[110.32499813237996,27.82000153346398],[110.38749794447425,27.820001497132257],[110.44999784043416,27.820001483788428],[110.44999784043416,28.32000053994965],[110.38749794447425,28.32000052082371],[110.32499813237996,28.320000459018942],[110.26249826248451,28.320000515520036],[110.19999837515131,28.320000481439425],[110.13749851093976,28.320000489099495],[110.07499861973156,28.32000051380492],[110.01249874251052,28.320000516627786],[109.94999882960636,28.320000472195336],[109.94999882960636,27.820001507514814]]]}"
000000000000000006b9,534,103,838835.0,27856.233009708736,10273.5,5528.0,2869192.0,"{""type"":""Polygon"",""coordinates"":[[[110.44999784043416,27.820001483788428],[110.5124982349368,27.82000154688707],[110.57499872458666,27.82000152354142],[110.63749917888184,27.82000146561469],[110.69999955841789,27.82000149617499],[110.76250000585576,27.820001538719094],[110.82500048216698,27.820001459424002],[110.88750085753803,27.82000148015139],[110.95000127517434,27.82000152344718],[110.95000127517433,28.320000527218973],[110.88750085753801,28.320000488393244],[110.82500048216698,28.320000486426583],[110.76250000585576,28.320000514425868],[110.69999955841789,28.320000521837436],[110.63749917888184,28.320000472379263],[110.57499872458666,28.320000528533665],[110.5124982349368,28.3200004829024],[110.44999784043416,28.32000053994965],[110.44999784043416,27.820001483788428]]]}"
000000000000000006ba,535,942,433697.0,18303.92569002123,9072.041237113403,5526.0,1.7242298E7,"{""type"":""Polygon"",""coordinates"":[[[110.95000127517434,27.82000152344718],[111.012501150796,27.820001541422307],[111.07500108272143,27.820001469753933],[111.13750094178911,27.820001529191885],[111.2000007809136,27.820001485006596],[111.26250065316742,27.820001528346236],[111.3250005208042,27.82000152370605],[111.38750043719087,27.820001491147224],[111.45000027388987,27.820001479821837],[111.45000027388987,28.320000469621203],[111.38750043719087,28.32000047865955],[111.3250005208042,28.32000051786605],[111.26250065316744,28.320000538639874],[111.2000007809136,28.320000521815743],[111.13750094178911,28.320000518144337],[111.07500108272143,28.320000507841474],[111.012501150796,28.320000470705057],[110.95000127517433,28.320000527218973],[110.95000127517434,27.82000152344718]]]}"
000000000000000006bb,536,139,64867.0,12979.410071942446,8689.833333333334,5526.0,1804138.0,"{""type"":""Polygon"",""coordinates"":[[[111.45000027388987,27.820001479821837],[111.51250017551725,27.82000149444273],[111.57500001390144,27.820001498586432],[111.63749993392162,27.82000149625478],[111.69999980765746,27.820001535671874],[111.76249968925852,27.820001465045085],[111.82499954201671,27.820001487298192],[111.8874994203104,27.820001534994432],[111.94999928765343,27.820001470590466],[111.94999928765343,28.320000538151422],[111.8874994203104,28.32000047118044],[111.82499954201671,28.320000464840707],[111.76249968925852,28.32000048756736],[111.69999980765746,28.320000522685007],[111.63749993392162,28.320000538026303],[111.57500001390144,28.32000051621831],[111.51250017551725,28.320000494391007],[111.45000027388987,28.320000469621203],[111.45000027388987,27.820001479821837]]]}"
000000000000000006bc,537,38,33238.0,10254.947368421053,7924.5,5539.0,389688.0,"{""type"":""Polygon"",""coordinates"":[[[111.94999928765343,27.820001470590466],[112.0124991986357,27.82000148092596],[112.07499902601046,27.820001528057862],[112.13749891553334,27.82000152828212],[112.19999883111501,27.820001512852446],[112.26249864580134,27.82000152816159],[112.32499859656178,27.82000147412845],[112.38749846565608,27.820001496779057],[112.44999830829926,27.82000152621909],[112.44999830829926,28.32000047565311],[112.38749846565608,28.320000487258913],[112.3249985965618,28.320000502728455],[112.26249864580134,28.320000508091933],[112.19999883111501,28.320000527045558],[112.13749891553334,28.320000491570163],[112.07499902601046,28.320000525052134],[112.0124991986357,28.320000512386425],[111.94999928765343,28.320000538151422],[111.94999928765343,27.820001470590466]]]}"
000000000000000006bd,538,7,36424.0,11873.285714285714,7121.0,5532.0,83113.0,"{""type"":""Polygon"",""coordinates"":[[[112.44999830829926,27.82000152621909],[112.51249872542826,27.82000148358068],[112.57499913573395,27.820001491309405],[112.63749959462092,27.8200014785494],[112.70000006661674,27.820001474439785],[112.76250042539426,27.820001523634655],[112.82500090837965,27.82000152301208],[112.88750129843872,27.820001532494025],[112.95000174215942,27.82000146409109],[112.95000174215942,28.32000046559599],[112.88750129843874,28.32000054348304],[112.82500090837965,28.32000053439017],[112.76250042539426,28.32000052721672],[112.70000006661674,28.320000462428435],[112.63749959462092,28.320000528650773],[112.57499913573393,28.3200005129991],[112.51249872542826,28.320000471476803],[112.44999830829926,28.32000047565311],[112.44999830829926,27.82000152621909]]]}"
000000000000000006be,539,34,397602.0,42731.470588235294,11652.0,5529.0,1452870.0,"{""type"":""Polygon"",""coordinates"":[[[112.95000174215942,27.82000146409109],[113.01250165895986,27.820001525747365],[113.07500155915373,27.820001481059286],[113.13750140764363,27.820001526346463],[113.20000126025225,27.820001503816542],[113.26250117281332,27.82000150858188],[113.32500101945124,27.820001498880497],[113.3875008560576,27.820001484895194],[113.45000073852206,27.820001476387862],[113.45000073852206,28.32000049303331],[113.3875008560576,28.320000527254212],[113.32500101945124,28.32000046721035],[113.26250117281332,28.320000472317925],[113.20000126025225,28.320000533434488],[113.13750140764363,28.320000524355706],[113.07500155915373,28.320000519525127],[113.01250165895985,28.3200005088143],[112.95000174215942,28.32000046559599],[112.95000174215942,27.82000146409109]]]}"
000000000000000006bf,540,292,1458652.0,28144.95205479452,11241.147727272728,5526.0,8218326.0,"{""type"":""Polygon"",""coordinates"":[[[113.45000073852206,27.820001476387862],[113.51250063189646,27.820001499010562],[113.57500050125826,27.820001493948173],[113.63750040251857,27.82000147006348],[113.70000030076775,27.820001452250253],[113.76250016111256,27.82000146516896],[113.82500003945233,27.820001516701193],[113.88749990088554,27.820001462707918],[113.94999980127372,27.82000147867257],[113.94999980127372,28.320000474395048],[113.88749990088554,28.320000469508102],[113.82500003945235,28.320000512269136],[113.76250016111256,28.320000512543448],[113.70000030076775,28.320000530934237],[113.63750040251857,28.320000476547193],[113.57500050125826,28.320000493443473],[113.51250063189647,28.320000473547992],[113.45000073852206,28.32000049303331],[113.45000073852206,27.820001476387862]]]}"
000000000000000006c0,541,49,78150.0,15885.469387755102,10263.0,5526.0,778388.0,"{""type"":""Polygon"",""coordinates"":[[[113.94999980127372,27.82000147867257],[114.01249961494779,27.820001520686205],[114.07499948848324,27.82000149470717],[114.13749938691707,27.82000150772577],[114.19999927528013,27.82000149847421],[114.26249911859477,27.82000148949191],[114.32499906323218,27.82000146924645],[114.3874988927758,27.820001493462605],[114.44999875351041,27.82000146611141],[114.44999875351041,28.320000486763703],[114.3874988927758,28.320000480025815],[114.32499906323218,28.320000476686957],[114.26249911859477,28.320000490122922],[114.19999927528013,28.320000465001524],[114.13749938691707,28.320000497807396],[114.07499948848324,28.320000483079813],[114.01249961494779,28.32000048265425],[113.94999980127372,28.320000474395048],[113.94999980127372,27.82000147867257]]]}"
000000000000000006c1,542,98,131099.0,14322.918367346938,9474.75,4337.0,1403646.0,"{""type"":""Polygon"",""coordinates"":[[[114.44999875351041,27.82000146611141],[114.51249861031246,27.820001492419546],[114.57499851865737,27.82000149258824],[114.63749835271804,27.820001504575682],[114.69999825847623,27.820001514697324],[114.76249811002621,27.820001476698504],[114.82499805317266,27.82000145986168],[114.8874978713726,27.82000151845898],[114.94999780081427,27.82000145275102],[114.94999780081427,28.320000526592164],[114.8874978713726,28.320000485192022],[114.82499805317266,28.320000534148953],[114.76249811002621,28.320000540507003],[114.69999825847623,28.3200005338129],[114.63749835271804,28.320000529747446],[114.57499851865737,28.32000049146055],[114.51249861031246,28.32000051743391],[114.44999875351041,28.320000486763703],[114.44999875351041,27.82000146611141]]]}"
000000000000000006c2,543,60,145371.0,17468.3,8688.5,5526.0,1048098.0,"{""type"":""Polygon"",""coordinates"":[[[114.94999780081427,27.82000145275102],[115.01249816795351,27.82000154652082],[115.0749986654598,27.820001452448512],[115.13749907662935,27.82000147481193],[115.19999954668145,27.820001513408165],[115.26249994931185,27.820001520396556],[115.32500033907466,27.820001496121765],[115.38750077038793,27.820001523921924],[115.45000120714293,27.820001537595363],[115.45000120714293,28.320000482854358],[115.38750077038793,28.32000051407567],[115.32500033907466,28.320000488475262],[115.26249994931185,28.32000047284991],[115.19999954668145,28.32000046837666],[115.13749907662935,28.32000047581338],[115.0749986654598,28.320000460132583],[115.01249816795351,28.320000522538404],[114.94999780081427,28.320000526592164],[114.94999780081427,27.82000145275102]]]}"
000000000000000006c3,544,6,10307.0,8323.666666666666,8719.0,5547.0,49942.0,"{""type"":""Polygon"",""coordinates"":[[[115.45000120714293,27.820001537595363],[115.51250107096507,27.820001494280373],[115.57500095838192,27.820001536825494],[115.63750083301515,27.820001514994438],[115.70000074871464,27.820001510404197],[115.76250057859622,27.82000147364438],[115.82500046656986,27.82000146768925],[115.887500375804,27.820001507777427],[115.95000026937656,27.820001525775755],[115.95000026937656,28.320000472610108],[115.887500375804,28.32000045707911],[115.82500046656986,28.320000535506804],[115.76250057859622,28.320000527757994],[115.70000074871464,28.3200005023704],[115.63750083301515,28.32000048090128],[115.57500095838192,28.320000513239485],[115.51250107096507,28.320000519097704],[115.45000120714293,28.320000482854358],[115.45000120714293,27.820001537595363]]]}"
000000000000000006c4,545,8,16629.0,8804.5,6734.0,5534.0,70436.0,"{""type"":""Polygon"",""coordinates"":[[[115.95000026937656,27.820001525775755],[116.01250011027291,27.82000153655381],[116.07499995156216,27.820001536537575],[116.13749984612735,27.820001521740807],[116.1999997565261,27.820001506071733],[116.26249964521116,27.820001503210428],[116.32499947452831,27.820001526608976],[116.38749938684246,27.820001469675002],[116.44999925409569,27.820001529510616],[116.44999925409569,28.320000533778096],[116.38749938684246,28.320000495996478],[116.32499947452831,28.32000051731011],[116.26249964521116,28.320000484430892],[116.1999997565261,28.3200005050883],[116.13749984612735,28.32000048390734],[116.07499995156216,28.320000490900156],[116.01250011027291,28.320000513072603],[115.95000026937656,28.320000472610108],[115.95000026937656,27.820001525775755]]]}"
000000000000000006c5,546,7,11880.0,7799.571428571428,6328.0,5541.0,54597.0,"{""type"":""Polygon"",""coordinates"":[[[116.44999925409569,27.820001529510616],[116.51249912824201,27.820001534384687],[116.57499897102883,27.820001496658215],[116.63749883404937,27.820001492647354],[116.69999876867364,27.820001515360545],[116.76249864621,27.820001512086748],[116.82499851772049,27.820001475385055],[116.8874983441674,27.820001498898932],[116.94999826605553,27.82000147291231],[116.94999826605553,28.320000513021146],[116.8874983441674,28.320000477529042],[116.82499851772049,28.32000049211433],[116.76249864621,28.320000502677054],[116.69999876867364,28.320000499182846],[116.63749883404937,28.320000490217474],[116.57499897102883,28.320000528984092],[116.51249912824201,28.320000458304378],[116.44999925409569,28.320000533778096],[116.44999925409569,27.820001529510616]]]}"
000000000000000006c6,547,30,52201.0,13632.533333333333,9893.5,5527.0,408976.0,"{""type"":""Polygon"",""coordinates"":[[[116.94999826605553,27.82000147291231],[117.01249869297735,27.820001478413865],[117.07499913599196,27.820001454091663],[117.1374995553392,27.82000149229667],[117.20000000084326,27.820001500943302],[117.26250043236597,27.820001489243005],[117.32500080961704,27.820001466185175],[117.38750127144553,27.820001484630144],[117.45000168746127,27.82000148957301],[117.45000168746127,28.320000519652407],[117.38750127144553,28.32000051800448],[117.32500080961702,28.320000512144365],[117.26250043236597,28.32000047529188],[117.20000000084326,28.320000520720285],[117.1374995553392,28.320000475771625],[117.07499913599196,28.32000049683107],[117.01249869297735,28.32000051220167],[116.94999826605553,28.320000513021146],[116.94999826605553,27.82000147291231]]]}"
000000000000000006c7,548,6,17383.0,10105.666666666666,9483.0,5532.0,60634.0,"{""type"":""Polygon"",""coordinates"":[[[117.45000168746127,27.82000148957301],[117.51250156887173,27.820001503134876],[117.57500141246646,27.820001500563382],[117.6375013560503,27.82000145077309],[117.70000117902012,27.820001481951945],[117.76250110819338,27.820001460619622],[117.82500092265155,27.8200015145075],[117.88750084859045,27.82000150935879],[117.9500006647658,27.820001490305554],[117.9500006647658,28.320000546529045],[117.88750084859045,28.32000053163005],[117.82500092265155,28.320000503923847],[117.76250110819338,28.320000500794382],[117.70000117902012,28.320000493887004],[117.6375013560503,28.320000520258986],[117.57500141246646,28.320000468518636],[117.51250156887173,28.32000053961776],[117.45000168746127,28.320000519652407],[117.45000168746127,27.82000148957301]]]}"
000000000000000006c8,549,28,33243.0,10766.714285714286,8708.0,5530.0,301468.0,"{""type"":""Polygon"",""coordinates"":[[[117.9500006647658,27.820001490305554],[118.01250059673546,27.820001486638777],[118.07500042291933,27.82000154300515],[118.13750027893767,27.820001543312518],[118.20000021071498,27.820001472793585],[118.26250008541567,27.820001519847242],[118.32499994851155,27.820001505093565],[118.38749984514642,27.820001494772292],[118.44999973101154,27.820001492648128],[118.44999973101154,28.32000047117249],[118.38749984514642,28.320000472240416],[118.32499994851155,28.320000473661246],[118.26250008541567,28.320000472620272],[118.20000021071498,28.320000486075138],[118.13750027893767,28.320000530589272],[118.07500042291933,28.320000500668637],[118.01250059673546,28.32000049416449],[117.9500006647658,28.320000546529045],[117.9500006647658,27.820001490305554]]]}"
000000000000000006c9,550,244,131181.0,15542.295081967213,8710.8,5526.0,3792320.0,"{""type"":""Polygon"",""coordinates"":[[[118.44999973101154,27.820001492648128],[118.51249956159542,27.820001502273108],[118.57499947028623,27.82000148694802],[118.63749932293841,27.82000146959913],[118.69999916329995,27.82000151465487],[118.76249903476817,27.820001522586058],[118.82499898038535,27.82000147529537],[118.88749886507792,27.820001476433752],[118.9499987313784,27.820001507298592],[118.94999873137841,28.320000488007775],[118.88749886507792,28.32000047693969],[118.82499898038535,28.32000047891111],[118.76249903476817,28.320000513817863],[118.69999916329995,28.320000478932226],[118.63749932293841,28.32000047512358],[118.57499947028623,28.320000521392256],[118.51249956159542,28.320000473059444],[118.44999973101154,28.32000047117249],[118.44999973101154,27.820001492648128]]]}"
000000000000000006ca,551,425,204556.0,14351.028235294118,9497.851851851852,4931.0,6099187.0,"{""type"":""Polygon"",""coordinates"":[[[118.9499987313784,27.820001507298592],[119.01249915429268,27.820001508415995],[119.07499955357449,27.82000152048062],[119.13749997075175,27.820001523772433],[119.20000044697548,27.820001498189875],[119.26250084569612,27.820001464259807],[119.32500129614436,27.82000146225273],[119.38750174984433,27.820001491550304],[119.45000215807949,27.820001469981356],[119.45000215807949,28.32000051837559],[119.38750174984433,28.320000491718837],[119.32500129614436,28.32000046988229],[119.26250084569612,28.32000053589544],[119.20000044697548,28.320000528876584],[119.13749997075175,28.320000491415342],[119.07499955357449,28.320000485051203],[119.01249915429268,28.32000053118555],[118.94999873137841,28.320000488007775],[118.9499987313784,27.820001507298592]]]}"
000000000000000006cb,552,616,1298775.0,20648.56168831169,11476.536231884058,4630.0,1.2719514E7,"{""type"":""Polygon"",""coordinates"":[[[119.45000215807949,27.820001469981356],[119.51250202934987,27.820001500020737],[119.57500193431872,27.820001517419655],[119.63750182330921,27.820001520489114],[119.70000164639437,27.820001507340038],[119.7625015301001,27.820001515355838],[119.82500142375648,27.8200014607409],[119.88750127643594,27.820001502970346],[119.95000112518373,27.820001536835257],[119.95000112518373,28.320000486267023],[119.88750127643594,28.320000488074204],[119.82500142375648,28.320000527463044],[119.7625015301001,28.320000467823984],[119.70000164639437,28.320000474890236],[119.63750182330921,28.320000471335106],[119.57500193431869,28.32000050251052],[119.51250202934987,28.32000049025779],[119.45000215807949,28.32000051837559],[119.45000215807949,27.820001469981356]]]}"
000000000000000006cc,553,447,418398.0,19769.140939597317,9075.333333333334,4931.0,8836806.0,"{""type"":""Polygon"",""coordinates"":[[[119.95000112518373,27.820001536835257],[120.01250100662233,27.820001537936086],[120.07500086879638,27.820001502574918],[120.13750074759342,27.820001486717942],[120.20000067846723,27.820001464888563],[120.262500520381,27.820001534546208],[120.32500039614503,27.820001486659667],[120.38750025207365,27.820001477843377],[120.45000012210245,27.82000148131749],[120.45000012210248,28.320000518982717],[120.38750025207365,28.32000047064442],[120.32500039614503,28.32000047053195],[120.262500520381,28.320000466047123],[120.20000067846723,28.320000463419362],[120.13750074759342,28.320000511410903],[120.07500086879638,28.320000513481865],[120.01250100662233,28.320000496325616],[119.95000112518373,28.320000486267023],[119.95000112518373,27.820001536835257]]]}"
000000000000000006cd,554,345,1522186.0,60714.953623188405,11809.0,5526.0,2.0946659E7,"{""type"":""Polygon"",""coordinates"":[[[120.45000012210245,27.82000148131749],[120.51250003971631,27.820001469940458],[120.57499995013146,27.820001518351972],[120.63749979827895,27.82000145878558],[120.69999970425633,27.820001483855588],[120.76249952447415,27.820001527364443],[120.82499937814268,27.820001539072393],[120.88749929623037,27.820001489841594],[120.94999913413275,27.82000147403554],[120.94999913413275,28.320000487165373],[120.88749929623037,28.320000536789507],[120.82499937814268,28.320000485260476],[120.76249952447415,28.320000480294013],[120.69999970425633,28.32000047200838],[120.63749979827895,28.32000051222701],[120.57499995013146,28.320000506714972],[120.51250003971631,28.320000506516454],[120.45000012210248,28.320000518982717],[120.45000012210245,27.82000148131749]]]}"
000000000000000006ce,555,8,44218.0,13623.625,9475.0,5535.0,108989.0,"{""type"":""Polygon"",""coordinates"":[[[120.94999913413275,27.82000147403554],[121.01249900963809,27.82000152072544],[121.07499895241493,27.820001519184938],[121.13749881682102,27.82000148248218],[121.19999863182602,27.82000154074072],[121.26249851323058,27.820001480221123],[121.32499840160763,27.82000153230539],[121.38749832444573,27.820001504478114],[121.44999813437167,27.82000148886833],[121.44999813437167,28.32000052906114],[121.38749832444573,28.320000497341002],[121.32499840160763,28.320000493790864],[121.26249851323058,28.320000507440735],[121.19999863182602,28.320000491333428],[121.13749881682102,28.320000456178136],[121.07499895241493,28.32000045652843],[121.01249900963809,28.32000052444822],[120.94999913413275,28.320000487165373],[120.94999913413275,27.82000147403554]]]}"
000000000000000006d9,582,256,94688.0,13250.96875,8671.5,5500.0,3392248.0,"{""type"":""Polygon"",""coordinates"":[[[97.95000050266914,28.32000047801825],[98.01250036495357,28.320000469922856],[98.07500027878137,28.32000053309983],[98.13750014641614,28.320000477906618],[98.20000003821951,28.320000458931542],[98.2624998594054,28.320000463330004],[98.32499976711529,28.320000462894473],[98.38749966969705,28.320000532829457],[98.44999956043617,28.32000047749944],[98.44999956043617,28.819999523106063],[98.38749966969705,28.81999947532411],[98.32499976711529,28.81999949794284],[98.2624998594054,28.81999952146087],[98.20000003821951,28.819999471035736],[98.13750014641614,28.8199994634375],[98.07500027878137,28.81999951162868],[98.01250036495357,28.819999461786495],[97.95000050266914,28.819999503131065],[97.95000050266914,28.32000047801825]]]}"
000000000000000006da,583,487,165385.0,14651.76386036961,8657.620689655172,5216.0,7135409.0,"{""type"":""Polygon"",""coordinates"":[[[98.44999956043617,28.32000047749944],[98.51249943413173,28.320000455158745],[98.57499928708933,28.320000535253637],[98.63749911711376,28.32000052148985],[98.69999900747618,28.320000477488918],[98.76249887512004,28.3200004772387],[98.82499880641362,28.320000495252813],[98.88749863693162,28.320000522116448],[98.94999854015231,28.320000526352775],[98.94999854015231,28.819999541078325],[98.88749863693162,28.81999946926275],[98.82499880641363,28.819999479763133],[98.76249887512003,28.81999951621193],[98.69999900747618,28.81999949988849],[98.63749911711376,28.819999544728375],[98.57499928708933,28.81999948891447],[98.51249943413173,28.819999534039574],[98.44999956043617,28.819999523106063],[98.44999956043617,28.32000047749944]]]}"
000000000000000006db,584,0,,,,,0.0,"{""type"":""Polygon"",""coordinates"":[[[98.94999854015231,28.320000526352775],[99.01249894448146,28.320000459130398],[99.07499935293878,28.320000509232955],[99.13749985949617,28.32000047282331],[99.2000002217807,28.320000522159468],[99.26250070551194,28.320000529963664],[99.32500115540873,28.320000485602126],[99.38750158649148,28.3200004551908],[99.45000201518567,28.32000050453036],[99.45000201518567,28.819999482035616],[99.38750158649148,28.819999505495755],[99.32500115540873,28.819999535029936],[99.26250070551194,28.8199995052937],[99.2000002217807,28.819999526880984],[99.13749985949617,28.819999522406818],[99.07499935293878,28.81999953114027],[99.01249894448146,28.819999469505408],[98.94999854015231,28.819999541078325],[98.94999854015231,28.320000526352775]]]}"
000000000000000006dc,585,0,,,,,0.0,"{""type"":""Polygon"",""coordinates"":[[[99.45000201518567,28.32000050453036],[99.5125018654743,28.320000475637507],[99.57500174951721,28.320000481164858],[99.63750160295518,28.320000503722575],[99.70000144757573,28.320000519745673],[99.76250139162286,28.320000499269856],[99.82500120435228,28.320000524781804],[99.88750108168577,28.320000471406356],[99.95000096556808,28.320000497189156],[99.95000096556808,28.8199994807948],[99.88750108168577,28.819999507895776],[99.82500120435228,28.819999538332],[99.76250139162286,28.819999502758392],[99.70000144757573,28.819999526162206],[99.63750160295518,28.81999952635338],[99.57500174951721,28.819999533600466],[99.5125018654743,28.81999948362676],[99.45000201518567,28.819999482035616],[99.45000201518567,28.32000050453036]]]}"
000000000000000006dd,586,0,,,,,0.0,"{""type"":""Polygon"",""coordinates"":[[[99.95000096556808,28.320000497189156],[100.01250088437155,28.320000488925615],[100.07500069700846,28.32000052230627],[100.13750060505761,28.32000047105478],[100.20000046983237,28.320000498624825],[100.26250032462947,28.320000490879693],[100.32500020405068,28.32000050980048],[100.38750014399517,28.320000528830725],[100.45000001014012,28.320000534309834],[100.45000001014012,28.819999507965278],[100.38750014399517,28.81999946638674],[100.32500020405068,28.819999509365243],[100.26250032462946,28.819999474841367],[100.20000046983237,28.819999477544876],[100.13750060505761,28.819999543978522],[100.07500069700846,28.819999524390077],[100.01250088437155,28.81999951984552],[99.95000096556808,28.8199994807948],[99.95000096556808,28.320000497189156]]]}"
000000000000000006de,587,0,,,,,0.0,"{""type"":""Polygon"",""coordinates"":[[[100.45000001014012,28.320000534309834],[100.5124998406031,28.320000499319434],[100.57499976065216,28.320000478067648],[100.63749963926456,28.320000456303717],[100.69999951819264,28.32000049435817],[100.76249935439841,28.320000482808794],[100.8249992780695,28.320000474565234],[100.88749907622298,28.320000461579866],[100.94999896751168,28.32000048924878],[100.94999896751168,28.819999462533733],[100.88749907622298,28.81999950505443],[100.8249992780695,28.81999950779085],[100.76249935439841,28.81999951385314],[100.69999951819264,28.819999531337718],[100.63749963926456,28.81999950795748],[100.57499976065216,28.819999465193845],[100.5124998406031,28.81999951899342],[100.45000001014012,28.819999507965278],[100.45000001014012,28.320000534309834]]]}"
000000000000000006df,588,0,,,,,0.0,"{""type"":""Polygon"",""coordinates"":[[[100.94999896751168,28.32000048924878],[101.01249882717765,28.32000054221189],[101.07499870389056,28.32000050298004],[101.13749864753342,28.32000051785447],[101.19999844987971,28.32000049009204],[101.26249833570857,28.320000463237164],[101.32499827178705,28.320000501786197],[101.38749813924753,28.32000050135123],[101.44999799327965,28.32000051887139],[101.44999799327965,28.819999517472613],[101.38749813924753,28.819999520879296],[101.32499827178705,28.81999945948212],[101.26249833570857,28.81999954007946],[101.19999844987971,28.81999951601855],[101.13749864753342,28.81999949873355],[101.07499870389056,28.819999533178873],[101.01249882717767,28.819999540350906],[100.94999896751168,28.819999462533733],[100.94999896751168,28.32000048924878]]]}"
000000000000000006e0,589,1,14194.0,14194.0,14194.0,14194.0,14194.0,"{""type"":""Polygon"",""coordinates"":[[[101.44999799327965,28.32000051887139],[101.51249841049612,28.32000047867893],[101.57499884204752,28.32000048806097],[101.63749925963809,28.320000522449764],[101.6999997227788,28.32000046168087],[101.7625001182872,28.320000464076333],[101.8250005946132,28.320000489279902],[101.88750104047836,28.320000519335043],[101.95000143238939,28.320000528587233],[101.95000143238939,28.819999493741914],[101.88750104047836,28.819999478319648],[101.8250005946132,28.819999532098315],[101.7625001182872,28.81999950575745],[101.6999997227788,28.819999505008685],[101.63749925963809,28.81999948296071],[101.57499884204752,28.819999544937044],[101.51249841049612,28.819999460505677],[101.44999799327965,28.819999517472613],[101.44999799327965,28.32000051887139]]]}"
000000000000000006e1,590,23,39386.0,13089.478260869566,7886.0,5515.0,301058.0,"{""type"":""Polygon"",""coordinates"":[[[101.95000143238939,28.320000528587233],[102.01250131215058,28.32000052990458],[102.07500118037697,28.320000539041647],[102.13750110367965,28.320000521763458],[102.2000009752185,28.320000459218047],[102.26250086349057,28.320000492251452],[102.32500066333235,28.32000051386101],[102.38750053252556,28.320000480783786],[102.45000045517783,28.320000540790762],[102.45000045517783,28.819999512337414],[102.38750053252556,28.81999952784059],[102.32500066333235,28.819999548014906],[102.26250086349057,28.819999513350307],[102.20000097521849,28.81999946754732],[102.13750110367965,28.81999951751009],[102.07500118037699,28.819999523261004],[102.01250131215058,28.819999503814323],[101.95000143238939,28.819999493741914],[101.95000143238939,28.320000528587233]]]}"
000000000000000006e2,591,74,85782.0,15922.364864864865,10233.25,5501.0,1178255.0,"{""type"":""Polygon"",""coordinates"":[[[102.45000045517783,28.320000540790762],[102.51250032874732,28.320000498555903],[102.57500022649201,28.32000049336789],[102.63750004749501,28.320000505028748],[102.69999995447873,28.320000488568997],[102.76249984827193,28.320000510991655],[102.82499971810891,28.320000455575652],[102.88749955406026,28.32000046834795],[102.94999943487058,28.320000511329305],[102.94999943487058,28.819999515305007],[102.88749955406026,28.819999478264585],[102.82499971810891,28.819999467716904],[102.76249984827193,28.819999522013592],[102.69999995447873,28.81999949592742],[102.63750004749501,28.81999950618976],[102.57500022649201,28.819999486238434],[102.51250032874732,28.819999481497128],[102.45000045517783,28.819999512337414],[102.45000045517783,28.320000540790762]]]}"
000000000000000006e3,592,440,851394.0,26228.975,9997.268041237114,5417.0,1.1540749E7,"{""type"":""Polygon"",""coordinates"":[[[102.94999943487058,28.320000511329305],[103.01249935240315,28.320000467017763],[103.07499921140636,28.32000048904752],[103.13749909321939,28.32000053860258],[103.19999899214639,28.320000497524813],[103.26249881522786,28.320000518789765],[103.3249987344573,28.320000466488178],[103.38749857035549,28.320000501754187],[103.44999840847325,28.32000049683315],[103.44999840847325,28.819999541789816],[103.38749857035549,28.819999507613286],[103.3249987344573,28.819999513940637],[103.26249881522786,28.819999514145096],[103.19999899214639,28.81999952225703],[103.13749909321939,28.819999499835852],[103.07499921140635,28.819999469226854],[103.01249935240315,28.819999461317813],[102.94999943487058,28.819999515305007],[102.94999943487058,28.320000511329305]]]}"
000000000000000006e4,593,1904,864432.0,23772.561974789915,10001.41081081081,238.0,4.5262958E7,"{""type"":""Polygon"",""coordinates"":[[[103.44999840847325,28.32000049683315],[103.51249886474936,28.320000532923604],[103.57499932114563,28.32000046433488],[103.6374997774681,28.32000052117663],[103.70000014592347,28.320000504972768],[103.762500604532,28.320000539862612],[103.8250010670569,28.320000514317083],[103.88750144784625,28.320000491588978],[103.95000192741529,28.32000050726535],[103.95000192741529,28.819999481870855],[103.88750144784625,28.819999496046545],[103.8250010670569,28.81999953845048],[103.762500604532,28.819999487122168],[103.70000014592347,28.81999954074203],[103.6374997774681,28.81999946213539],[103.57499932114563,28.81999947690984],[103.51249886474936,28.8199995216624],[103.44999840847325,28.819999541789816],[103.44999840847325,28.32000049683315]]]}"
000000000000000006e5,594,922,429041.0,21570.84381778742,11066.798076923076,3838.0,1.9888318E7,"{""type"":""Polygon"",""coordinates"":[[[103.95000192741529,28.32000050726535],[104.01250180165823,28.320000513856765],[104.07500169504861,28.32000050070741],[104.13750152472561,28.320000530134525],[104.2000013857669,28.320000470987473],[104.2625012853988,28.320000463021792],[104.32500114279593,28.32000048054316],[104.38750105528894,28.32000047877149],[104.450000943384,28.320000518844072],[104.450000943384,28.819999464583034],[104.38750105528894,28.81999946088593],[104.32500114279593,28.81999948566737],[104.2625012853988,28.81999947827462],[104.2000013857669,28.8199994839247],[104.13750152472561,28.81999952853276],[104.07500169504861,28.81999947318964],[104.01250180165823,28.819999536304312],[103.95000192741529,28.819999481870855],[103.95000192741529,28.32000050726535]]]}"
000000000000000006e6,595,16,270516.0,31255.6875,7495.5,5522.0,500091.0,"{""type"":""Polygon"",""coordinates"":[[[104.450000943384,28.320000518844072],[104.512500817009,28.32000047772607],[104.57500068678307,28.32000049380091],[104.6375005640113,28.320000530695815],[104.70000037169314,28.320000474366136],[104.76250030042463,28.320000529977648],[104.825000185528,28.32000050556907],[104.88750004089037,28.320000538114712],[104.94999988105903,28.320000502898736],[104.94999988105903,28.819999497794264],[104.88750004089037,28.819999517253542],[104.825000185528,28.819999539244844],[104.76250030042463,28.8199995148459],[104.70000037169314,28.819999481711434],[104.6375005640113,28.819999457611544],[104.57500068678307,28.81999949949589],[104.512500817009,28.819999460607715],[104.450000943384,28.819999464583034],[104.450000943384,28.320000518844072]]]}"
000000000000000006e7,596,61,249037.0,20293.852459016394,8683.0,5507.0,1237925.0,"{""type"":""Polygon"",""coordinates"":[[[104.94999988105903,28.320000502898736],[105.01249981039842,28.320000526268664],[105.07499966646854,28.32000050289375],[105.1374995548915,28.320000471477265],[105.19999940353478,28.320000490455115],[105.26249931936047,28.32000051075614],[105.3249991420986,28.320000513522817],[105.38749906929306,28.32000052590099],[105.44999894178211,28.320000528633866],[105.44999894178211,28.81999951000233],[105.38749906929306,28.819999468830137],[105.3249991420986,28.819999484406896],[105.26249931936047,28.819999489428103],[105.19999940353478,28.81999954437258],[105.1374995548915,28.8199994947114],[105.07499966646854,28.8199994767434],[105.01249981039842,28.81999951935791],[104.94999988105903,28.819999497794264],[104.94999988105903,28.320000502898736]]]}"
000000000000000006e8,597,19,28361.0,10072.263157894737,7878.0,5514.0,191373.0,"{""type"":""Polygon"",""coordinates"":[[[105.44999894178211,28.320000528633866],[105.51249877961354,28.320000481843778],[105.57499869290272,28.320000508808462],[105.63749852402003,28.320000502877622],[105.69999838424833,28.32000049982208],[105.76249829603358,28.320000458567073],[105.82499819282427,28.320000522059953],[105.88749800852842,28.32000048570366],[105.94999794643947,28.32000046010284],[105.94999794643948,28.81999947690283],[105.88749800852842,28.819999471305913],[105.82499819282427,28.819999538579644],[105.76249829603358,28.81999948270941],[105.69999838424833,28.819999508041395],[105.63749852402003,28.81999947240599],[105.57499869290272,28.819999503920695],[105.51249877961354,28.819999480942066],[105.44999894178211,28.81999951000233],[105.44999894178211,28.320000528633866]]]}"
000000000000000006e9,598,27,38562.0,11282.37037037037,7870.0,5508.0,304624.0,"{""type"":""Polygon"",""coordinates"":[[[105.94999794643947,28.32000046010284],[106.01249839000212,28.320000533560535],[106.07499873697631,28.320000478069563],[106.13749919243547,28.320000489841412],[106.19999960320456,28.32000054755726],[106.26250008579031,28.320000510468883],[106.32500048791435,28.32000053047764],[106.3875009271412,28.320000466298445],[106.45000134194315,28.320000545043875],[106.45000134194315,28.81999947906195],[106.3875009271412,28.81999949502259],[106.32500048791435,28.819999538981907],[106.26250008579031,28.81999947127836],[106.19999960320456,28.819999519945494],[106.13749919243547,28.81999953380391],[106.07499873697631,28.819999480892047],[106.01249839000212,28.819999469157715],[105.94999794643948,28.81999947690283],[105.94999794643947,28.32000046010284]]]}"
000000000000000006ea,599,31,125074.0,25532.83870967742,11819.0,5504.0,791518.0,"{""type"":""Polygon"",""coordinates"":[[[106.45000134194315,28.320000545043875],[106.51250122173896,28.320000529313326],[106.57500113489608,28.320000481774134],[106.63750102130584,28.320000455478798],[106.70000091124314,28.320000492033365],[106.76250074549382,28.32000047087447],[106.82500064529452,28.32000050830854],[106.88750046233555,28.32000049468524],[106.95000040889545,28.3200005341762],[106.95000040889545,28.819999460757277],[106.88750046233555,28.819999499114687],[106.82500064529452,28.81999947174486],[106.76250074549382,28.81999953452917],[106.70000091124314,28.81999953816467],[106.63750102130584,28.819999540034544],[106.57500113489608,28.819999488063818],[106.51250122173896,28.819999514025127],[106.45000134194315,28.81999947906195],[106.45000134194315,28.320000545043875]]]}"
000000000000000006eb,600,180,131466.0,20050.344444444443,11019.75,4413.0,3609062.0,"{""type"":""Polygon"",""coordinates"":[[[106.95000040889545,28.3200005341762],[107.01250024745117,28.320000528232395],[107.07500010115805,28.32000050535201],[107.13750000360176,28.320000505077147],[107.19999989867381,28.320000491808837],[107.2624997306418,28.32000051624849],[107.32499962457192,28.320000519025832],[107.38749952560921,28.320000463882653],[107.44999937926345,28.320000487141684],[107.44999937926345,28.81999946851612],[107.38749952560921,28.819999540547148],[107.32499962457192,28.81999948222449],[107.26249973064182,28.81999950251706],[107.19999989867381,28.81999946577116],[107.13750000360176,28.819999518114773],[107.07500010115805,28.81999952325325],[107.01250024745117,28.819999517086455],[106.95000040889545,28.819999460757277],[106.95000040889545,28.3200005341762]]]}"
000000000000000006ec,601,56,72415.0,13489.07142857143,10253.0,5502.0,755388.0,"{""type"":""Polygon"",""coordinates"":[[[107.44999937926345,28.320000487141684],[107.51249922168424,28.32000054031634],[107.57499908946542,28.32000048831919],[107.63749901963907,28.320000540972327],[107.69999886898934,28.320000500327154],[107.76249876564697,28.320000477380322],[107.8249986574864,28.320000520523443],[107.88749849272108,28.320000505557548],[107.94999840073855,28.32000045614788],[107.94999840073855,28.819999538224515],[107.88749849272108,28.81999947731447],[107.82499865748639,28.819999513056317],[107.76249876564697,28.81999953677111],[107.69999886898934,28.81999950076916],[107.63749901963907,28.819999529224678],[107.57499908946542,28.819999512297276],[107.51249922168424,28.81999947552987],[107.44999937926345,28.81999946851612],[107.44999937926345,28.320000487141684]]]}"
000000000000000006ed,602,344,86704.0,11936.764534883721,8666.862068965518,5501.0,4106247.0,"{""type"":""Polygon"",""coordinates"":[[[107.94999840073855,28.32000045614788],[108.01249878272381,28.32000053085372],[108.07499922645421,28.32000048105115],[108.13749968162853,28.32000052620979],[108.20000009826589,28.3200005410575],[108.26250051721281,28.320000473893497],[108.32500097969988,28.32000053086678],[108.387501436792,28.320000499981813],[108.45000183986016,28.320000513335412],[108.45000183986016,28.819999535417633],[108.387501436792,28.819999501520922],[108.3250009796999,28.819999466583024],[108.26250051721281,28.819999470986406],[108.20000009826589,28.81999946915583],[108.13749968162853,28.81999951369674],[108.07499922645421,28.819999485137643],[108.01249878272381,28.819999508825052],[107.94999840073855,28.819999538224515],[107.94999840073855,28.32000045614788]]]}"
000000000000000006ee,603,457,104802.0,14766.321663019693,10291.272727272728,3294.0,6748209.0,"{""type"":""Polygon"",""coordinates"":[[[108.45000183986016,28.320000513335412],[108.51250168769621,28.320000508103934],[108.57500156618424,28.320000527729714],[108.63750142769644,28.32000053146384],[108.70000131552,28.320000465630994],[108.76250118265287,28.32000054680768],[108.8250010730305,28.32000046301062],[108.88750094026051,28.32000051616341],[108.95000082890888,28.320000479706803],[108.95000082890888,28.819999520173766],[108.88750094026051,28.819999489210012],[108.8250010730305,28.819999490196746],[108.76250118265287,28.81999949286574],[108.70000131552,28.819999539263907],[108.63750142769644,28.81999951283946],[108.57500156618424,28.81999954084068],[108.51250168769621,28.819999506085036],[108.45000183986016,28.819999535417633],[108.45000183986016,28.320000513335412]]]}"
000000000000000006ef,604,589,403912.0,19749.0220713073,9265.61971830986,5500.0,1.1632174E7,"{""type"":""Polygon"",""coordinates"":[[[108.95000082890888,28.320000479706803],[109.01250069317662,28.320000483249746],[109.07500057824282,28.320000471424713],[109.13750043888552,28.320000487468132],[109.20000032087941,28.32000047546587],[109.26250017956323,28.320000478158743],[109.32500006128967,28.320000524786042],[109.38749992194201,28.32000048616461],[109.44999980843326,28.320000476662788],[109.44999980843326,28.819999471892242],[109.38749992194201,28.819999492483547],[109.32500006128967,28.819999487388095],[109.26250017956323,28.819999514196734],[109.20000032087941,28.819999531341292],[109.13750043888552,28.819999510338786],[109.07500057824282,28.819999494594324],[109.01250069317662,28.819999540590313],[108.95000082890888,28.819999520173766],[108.95000082890888,28.320000479706803]]]}"
000000000000000006f0,605,953,1007601.0,15352.363064008394,9971.130434782608,5007.0,1.4630802E7,"{""type"":""Polygon"",""coordinates"":[[[109.44999980843326,28.320000476662788],[109.51249967717493,28.32000053795617],[109.57499957562284,28.320000526800115],[109.63749946070045,28.320000484435973],[109.69999938038876,28.320000523877102],[109.76249920127421,28.32000052826651],[109.82499906265927,28.320000510917787],[109.88749892244346,28.320000511994103],[109.94999882960636,28.320000472195336],[109.94999882960634,28.8199994711786],[109.88749892244346,28.819999469509593],[109.82499906265929,28.819999537883287],[109.76249920127421,28.819999480382002],[109.69999938038876,28.81999951334544],[109.63749946070045,28.81999953918284],[109.57499957562284,28.81999950405855],[109.51249967717493,28.81999946667904],[109.44999980843326,28.819999471892242],[109.44999980843326,28.320000476662788]]]}"
000000000000000006f1,606,0,,,,,0.0,"{""type"":""Polygon"",""coordinates"":[[[109.94999882960636,28.320000472195336],[110.01249874251052,28.320000516627786],[110.07499861973156,28.32000051380492],[110.13749851093976,28.320000489099495],[110.19999837515131,28.320000481439425],[110.26249826248451,28.320000515520036],[110.32499813237996,28.320000459018942],[110.38749794447425,28.32000052082371],[110.44999784043416,28.32000053994965],[110.44999784043416,28.819999521831175],[110.38749794447425,28.81999953536549],[110.32499813237996,28.81999952654173],[110.26249826248451,28.81999948665185],[110.19999837515131,28.819999463262747],[110.13749851093975,28.819999503814348],[110.07499861973156,28.81999949928716],[110.01249874251052,28.819999496582366],[109.94999882960634,28.8199994711786],[109.94999882960636,28.320000472195336]]]}"
000000000000000006f2,607,3,11836.0,8154.333333333333,7102.0,5525.0,24463.0,"{""type"":""Polygon"",""coordinates"":[[[110.44999784043416,28.32000053994965],[110.5124982349368,28.3200004829024],[110.57499872458666,28.320000528533665],[110.63749917888184,28.320000472379263],[110.69999955841789,28.320000521837436],[110.76250000585576,28.320000514425868],[110.82500048216698,28.320000486426583],[110.88750085753801,28.320000488393244],[110.95000127517433,28.320000527218973],[110.95000127517433,28.819999465625358],[110.88750085753803,28.819999492088968],[110.82500048216698,28.819999485254],[110.76250000585576,28.81999952411834],[110.69999955841789,28.81999947373277],[110.63749917888184,28.81999946839349],[110.57499872458666,28.819999501211363],[110.5124982349368,28.81999953594989],[110.44999784043416,28.819999521831175],[110.44999784043416,28.32000053994965]]]}"
000000000000000006f3,608,648,1599180.0,22756.027777777777,11588.264957264957,5500.0,1.4745906E7,"{""type"":""Polygon"",""coordinates"":[[[110.95000127517433,28.320000527218973],[111.012501150796,28.320000470705057],[111.07500108272143,28.320000507841474],[111.13750094178911,28.320000518144337],[111.2000007809136,28.320000521815743],[111.26250065316744,28.320000538639874],[111.3250005208042,28.32000051786605],[111.38750043719087,28.32000047865955],[111.45000027388987,28.320000469621203],[111.45000027388987,28.819999519513562],[111.38750043719087,28.81999949826297],[111.3250005208042,28.819999516557083],[111.26250065316742,28.819999526353364],[111.2000007809136,28.819999509380384],[111.13750094178911,28.819999516867913],[111.07500108272143,28.81999952992103],[111.012501150796,28.81999952922408],[110.95000127517433,28.819999465625358],[110.95000127517433,28.320000527218973]]]}"
000000000000000006f4,609,678,1214296.0,24090.961651917405,11114.40975609756,4941.0,1.6333672E7,"{""type"":""Polygon"",""coordinates"":[[[111.45000027388987,28.320000469621203],[111.51250017551725,28.320000494391007],[111.57500001390144,28.32000051621831],[111.63749993392162,28.320000538026303],[111.69999980765746,28.320000522685007],[111.76249968925852,28.32000048756736],[111.82499954201671,28.320000464840707],[111.8874994203104,28.32000047118044],[111.94999928765343,28.320000538151422],[111.94999928765343,28.819999485286306],[111.8874994203104,28.81999950894636],[111.82499954201671,28.81999951214917],[111.76249968925852,28.819999463993003],[111.69999980765746,28.81999951774532],[111.63749993392162,28.819999472890974],[111.57500001390144,28.81999948209581],[111.51250017551725,28.819999498253868],[111.45000027388987,28.819999519513562],[111.45000027388987,28.320000469621203]]]}"
000000000000000006f5,610,157,635804.0,20610.43312101911,9780.952380952382,5504.0,3235838.0,"{""type"":""Polygon"",""coordinates"":[[[111.94999928765343,28.320000538151422],[112.0124991986357,28.320000512386425],[112.07499902601046,28.320000525052134],[112.13749891553334,28.320000491570163],[112.19999883111501,28.320000527045558],[112.26249864580134,28.320000508091933],[112.3249985965618,28.320000502728455],[112.38749846565608,28.320000487258913],[112.44999830829926,28.32000047565311],[112.44999830829926,28.819999496927366],[112.38749846565608,28.81999951303489],[112.32499859656178,28.819999530614904],[112.26249864580134,28.819999536623875],[112.19999883111501,28.8199994705592],[112.13749891553334,28.81999951897709],[112.07499902601046,28.819999467887822],[112.0124991986357,28.819999456307862],[111.94999928765343,28.819999485286306],[111.94999928765343,28.320000538151422]]]}"
000000000000000006f6,611,2,5525.0,5305.0,5305.0,5085.0,10610.0,"{""type"":""Polygon"",""coordinates"":[[[112.44999830829926,28.32000047565311],[112.51249872542826,28.320000471476803],[112.57499913573393,28.3200005129991],[112.63749959462092,28.320000528650773],[112.70000006661674,28.320000462428435],[112.76250042539426,28.32000052721672],[112.82500090837965,28.32000053439017],[112.88750129843874,28.32000054348304],[112.95000174215942,28.32000046559599],[112.95000174215942,28.81999951188674],[112.88750129843874,28.819999474495184],[112.82500090837965,28.819999509763658],[112.76250042539426,28.819999539392217],[112.70000006661674,28.819999504244766],[112.63749959462092,28.819999509591433],[112.57499913573395,28.819999511924536],[112.51249872542826,28.8199994836163],[112.44999830829926,28.819999496927366],[112.44999830829926,28.32000047565311]]]}"
000000000000000006f7,612,13,44880.0,12544.538461538461,9452.0,5518.0,163079.0,"{""type"":""Polygon"",""coordinates"":[[[112.95000174215942,28.32000046559599],[113.01250165895985,28.3200005088143],[113.07500155915373,28.320000519525127],[113.13750140764363,28.320000524355706],[113.20000126025225,28.320000533434488],[113.26250117281332,28.320000472317925],[113.32500101945124,28.32000046721035],[113.3875008560576,28.320000527254212],[113.45000073852206,28.32000049303331],[113.45000073852206,28.81999947948439],[113.3875008560576,28.819999494220415],[113.32500101945124,28.819999483820798],[113.26250117281332,28.819999524352145],[113.20000126025225,28.81999952369138],[113.13750140764363,28.819999524301753],[113.07500155915373,28.81999951743082],[113.01250165895985,28.819999493899694],[112.95000174215942,28.81999951188674],[112.95000174215942,28.32000046559599]]]}"
000000000000000006f8,613,423,222104.0,18853.179669030735,10656.095238095239,4829.0,7974895.0,"{""type"":""Polygon"",""coordinates"":[[[113.45000073852206,28.32000049303331],[113.51250063189647,28.320000473547992],[113.57500050125826,28.320000493443473],[113.63750040251857,28.320000476547193],[113.70000030076775,28.320000530934237],[113.76250016111256,28.320000512543448],[113.82500003945235,28.320000512269136],[113.88749990088554,28.320000469508102],[113.94999980127372,28.320000474395048],[113.94999980127372,28.819999485658148],[113.88749990088554,28.8199995258864],[113.82500003945233,28.819999508505745],[113.76250016111256,28.819999511894473],[113.70000030076775,28.819999513560013],[113.63750040251857,28.81999950756163],[113.57500050125826,28.819999470793984],[113.51250063189646,28.81999946371844],[113.45000073852206,28.81999947948439],[113.45000073852206,28.32000049303331]]]}"
000000000000000006f9,614,1671,1185228.0,18800.85158587672,11330.241635687733,5401.0,3.1416223E7,"{""type"":""Polygon"",""coordinates"":[[[113.94999980127372,28.320000474395048],[114.01249961494779,28.32000048265425],[114.07499948848324,28.320000483079813],[114.13749938691707,28.320000497807396],[114.19999927528013,28.320000465001524],[114.26249911859477,28.320000490122922],[114.32499906323218,28.320000476686957],[114.3874988927758,28.320000480025815],[114.44999875351041,28.320000486763703],[114.44999875351041,28.819999522271235],[114.3874988927758,28.81999951089394],[114.32499906323218,28.819999474758806],[114.26249911859477,28.819999511892902],[114.19999927528013,28.819999483949914],[114.13749938691707,28.819999488353087],[114.07499948848324,28.81999950422151],[114.01249961494779,28.81999951043979],[113.94999980127372,28.819999485658148],[113.94999980127372,28.320000474395048]]]}"
000000000000000006fa,615,1479,469365.0,21747.796484110884,11106.549549549549,4040.0,3.2164991E7,"{""type"":""Polygon"",""coordinates"":[[[114.44999875351041,28.320000486763703],[114.51249861031246,28.32000051743391],[114.57499851865737,28.32000049146055],[114.63749835271804,28.320000529747446],[114.69999825847623,28.3200005338129],[114.76249811002621,28.320000540507003],[114.82499805317266,28.320000534148953],[114.8874978713726,28.320000485192022],[114.94999780081427,28.320000526592164],[114.94999780081427,28.81999948656986],[114.8874978713726,28.819999529303143],[114.82499805317266,28.819999460526276],[114.76249811002621,28.819999481968587],[114.69999825847623,28.819999540238786],[114.63749835271804,28.81999948568809],[114.57499851865737,28.819999531978212],[114.51249861031246,28.819999528631524],[114.44999875351041,28.819999522271235],[114.44999875351041,28.320000486763703]]]}"
000000000000000006fb,616,368,297086.0,18692.57608695652,11181.354838709678,5229.0,6878868.0,"{""type"":""Polygon"",""coordinates"":[[[114.94999780081427,28.320000526592164],[115.01249816795351,28.320000522538404],[115.0749986654598,28.320000460132583],[115.13749907662935,28.32000047581338],[115.19999954668145,28.32000046837666],[115.26249994931185,28.32000047284991],[115.32500033907466,28.320000488475262],[115.38750077038793,28.32000051407567],[115.45000120714293,28.320000482854358],[115.45000120714293,28.81999947550318],[115.38750077038793,28.819999487672753],[115.32500033907466,28.81999948414588],[115.26249994931185,28.819999532381697],[115.19999954668145,28.81999946856014],[115.13749907662935,28.819999460511866],[115.0749986654598,28.81999947390015],[115.01249816795351,28.819999527853007],[114.94999780081427,28.81999948656986],[114.94999780081427,28.320000526592164]]]}"
000000000000000006fc,617,0,,,,,0.0,"{""type"":""Polygon"",""coordinates"":[[[115.45000120714293,28.320000482854358],[115.51250107096507,28.320000519097704],[115.57500095838192,28.320000513239485],[115.63750083301515,28.32000048090128],[115.70000074871464,28.3200005023704],[115.76250057859622,28.320000527757994],[115.82500046656986,28.320000535506804],[115.887500375804,28.32000045707911],[115.95000026937656,28.320000472610108],[115.95000026937656,28.81999950156519],[115.887500375804,28.819999502586555],[115.82500046656986,28.819999465364457],[115.76250057859622,28.81999954209446],[115.70000074871464,28.81999947090823],[115.63750083301515,28.819999523031164],[115.57500095838192,28.81999950028516],[115.51250107096507,28.81999948934975],[115.45000120714293,28.81999947550318],[115.45000120714293,28.320000482854358]]]}"
000000000000000006fd,618,0,,,,,0.0,"{""type"":""Polygon"",""coordinates"":[[[115.95000026937656,28.320000472610108],[116.01250011027291,28.320000513072603],[116.07499995156216,28.320000490900156],[116.13749984612735,28.32000048390734],[116.1999997565261,28.3200005050883],[116.26249964521116,28.320000484430892],[116.32499947452831,28.32000051731011],[116.38749938684246,28.320000495996478],[116.44999925409569,28.320000533778096],[116.44999925409569,28.81999953102589],[116.38749938684246,28.819999523947967],[116.32499947452831,28.81999951925876],[116.26249964521116,28.819999487060446],[116.1999997565261,28.81999953618647],[116.13749984612735,28.819999489798235],[116.07499995156216,28.8199995011339],[116.01250011027291,28.81999947544372],[115.95000026937656,28.81999950156519],[115.95000026937656,28.320000472610108]]]}"
000000000000000006fe,619,2,13372.0,9446.5,9446.5,5521.0,18893.0,"{""type"":""Polygon"",""coordinates"":[[[116.44999925409569,28.320000533778096],[116.51249912824201,28.320000458304378],[116.57499897102883,28.320000528984092],[116.63749883404937,28.320000490217474],[116.69999876867364,28.320000499182846],[116.76249864621,28.320000502677054],[116.82499851772049,28.32000049211433],[116.8874983441674,28.320000477529042],[116.94999826605553,28.320000513021146],[116.94999826605553,28.81999950028364],[116.8874983441674,28.819999489204765],[116.82499851772049,28.819999463440727],[116.76249864621,28.819999452686858],[116.69999876867364,28.819999530164672],[116.63749883404937,28.819999540956275],[116.57499897102883,28.819999538649082],[116.51249912824201,28.819999532418286],[116.44999925409569,28.81999953102589],[116.44999925409569,28.320000533778096]]]}"
000000000000000006ff,620,19,14978.0,7869.9473684210525,6309.0,5502.0,149529.0,"{""type"":""Polygon"",""coordinates"":[[[116.94999826605553,28.320000513021146],[117.01249869297735,28.32000051220167],[117.07499913599196,28.32000049683107],[117.1374995553392,28.320000475771625],[117.20000000084326,28.320000520720285],[117.26250043236597,28.32000047529188],[117.32500080961702,28.320000512144365],[117.38750127144553,28.32000051800448],[117.45000168746127,28.320000519652407],[117.45000168746127,28.819999495369785],[117.38750127144553,28.81999949475559],[117.32500080961704,28.819999499871276],[117.26250043236597,28.819999484647862],[117.20000000084326,28.819999481410306],[117.1374995553392,28.819999483030205],[117.07499913599196,28.81999948215656],[117.01249869297735,28.81999949055322],[116.94999826605553,28.81999950028364],[116.94999826605553,28.320000513021146]]]}"
00000000000000000700,621,24,19674.0,8634.708333333334,8258.5,5500.0,207233.0,"{""type"":""Polygon"",""coordinates"":[[[117.45000168746127,28.320000519652407],[117.51250156887173,28.32000053961776],[117.57500141246646,28.320000468518636],[117.6375013560503,28.320000520258986],[117.70000117902012,28.320000493887004],[117.76250110819338,28.320000500794382],[117.82500092265155,28.320000503923847],[117.88750084859045,28.32000053163005],[117.9500006647658,28.320000546529045],[117.9500006647658,28.81999950991231],[117.88750084859045,28.819999535043014],[117.82500092265155,28.819999467465305],[117.76250110819338,28.81999950834299],[117.70000117902012,28.819999467574494],[117.6375013560503,28.81999946425466],[117.57500141246646,28.819999470947682],[117.51250156887173,28.819999524645162],[117.45000168746127,28.819999495369785],[117.45000168746127,28.320000519652407]]]}"
00000000000000000701,622,9,15771.0,9536.666666666666,9430.0,5508.0,85830.0,"{""type"":""Polygon"",""coordinates"":[[[117.9500006647658,28.320000546529045],[118.01250059673546,28.32000049416449],[118.07500042291933,28.320000500668637],[118.13750027893767,28.320000530589272],[118.20000021071498,28.320000486075138],[118.26250008541567,28.320000472620272],[118.32499994851155,28.320000473661246],[118.38749984514642,28.320000472240416],[118.44999973101154,28.32000047117249],[118.44999973101154,28.819999528232785],[118.38749984514642,28.81999951455568],[118.32499994851155,28.819999494157607],[118.26250008541567,28.819999465167925],[118.20000021071498,28.81999952729711],[118.13750027893767,28.81999953514476],[118.07500042291933,28.81999954735415],[118.01250059673546,28.81999949945786],[117.9500006647658,28.81999950991231],[117.9500006647658,28.320000546529045]]]}"
00000000000000000702,623,277,320056.0,14560.888086642599,8979.066666666668,4819.0,4033366.0,"{""type"":""Polygon"",""coordinates"":[[[118.44999973101154,28.32000047117249],[118.51249956159542,28.320000473059444],[118.57499947028623,28.320000521392256],[118.63749932293841,28.32000047512358],[118.69999916329995,28.320000478932226],[118.76249903476817,28.320000513817863],[118.82499898038535,28.32000047891111],[118.88749886507792,28.32000047693969],[118.94999873137841,28.320000488007775],[118.94999873137841,28.819999520872962],[118.88749886507792,28.819999509842276],[118.82499898038535,28.81999949599226],[118.76249903476817,28.819999500399312],[118.69999916329995,28.81999950259925],[118.63749932293841,28.819999523160703],[118.57499947028623,28.819999500873518],[118.51249956159542,28.81999953684684],[118.44999973101154,28.819999528232785],[118.44999973101154,28.32000047117249]]]}"
00000000000000000703,624,1190,293629.0,15544.853781512606,9193.075862068965,5092.0,1.8498376E7,"{""type"":""Polygon"",""coordinates"":[[[118.94999873137841,28.320000488007775],[119.01249915429268,28.32000053118555],[119.07499955357449,28.320000485051203],[119.13749997075175,28.320000491415342],[119.20000044697548,28.320000528876584],[119.26250084569612,28.32000053589544],[119.32500129614436,28.32000046988229],[119.38750174984433,28.320000491718837],[119.45000215807949,28.32000051837559],[119.45000215807949,28.819999479138474],[119.38750174984433,28.819999459662576],[119.32500129614436,28.81999950122744],[119.26250084569612,28.81999952564362],[119.20000044697548,28.819999535444246],[119.13749997075175,28.819999493649824],[119.07499955357449,28.81999954342101],[119.01249915429268,28.819999463969513],[118.94999873137841,28.819999520872962],[118.94999873137841,28.320000488007775]]]}"
00000000000000000704,625,2116,794229.0,17687.92485822306,9925.294930875576,5402.0,3.7427649E7,"{""type"":""Polygon"",""coordinates"":[[[119.45000215807949,28.32000051837559],[119.51250202934987,28.32000049025779],[119.57500193431869,28.32000050251052],[119.63750182330921,28.320000471335106],[119.70000164639437,28.320000474890236],[119.7625015301001,28.320000467823984],[119.82500142375648,28.320000527463044],[119.88750127643594,28.320000488074204],[119.95000112518373,28.320000486267023],[119.95000112518373,28.819999501938668],[119.88750127643594,28.819999507253367],[119.82500142375648,28.819999515898868],[119.7625015301001,28.819999473659816],[119.70000164639437,28.81999946609827],[119.63750182330921,28.81999949788961],[119.57500193431869,28.819999535062383],[119.51250202934987,28.81999950063403],[119.45000215807949,28.819999479138474],[119.45000215807949,28.32000051837559]]]}"
00000000000000000705,626,380,167659.0,15707.068421052632,8656.272727272728,5204.0,5968686.0,"{""type"":""Polygon"",""coordinates"":[[[119.95000112518373,28.320000486267023],[120.01250100662233,28.320000496325616],[120.07500086879638,28.320000513481865],[120.13750074759342,28.320000511410903],[120.20000067846723,28.320000463419362],[120.262500520381,28.320000466047123],[120.32500039614503,28.32000047053195],[120.38750025207365,28.32000047064442],[120.45000012210248,28.320000518982717],[120.45000012210248,28.819999504431735],[120.38750025207365,28.81999953389299],[120.32500039614503,28.819999487347232],[120.262500520381,28.819999474483218],[120.20000067846723,28.819999502594708],[120.13750074759342,28.81999954144044],[120.07500086879638,28.819999495416546],[120.01250100662233,28.819999473039857],[119.95000112518373,28.819999501938668],[119.95000112518373,28.320000486267023]]]}"
00000000000000000706,627,85,40155.0,9364.835294117647,7871.428571428572,5501.0,796011.0,"{""type"":""Polygon"",""coordinates"":[[[120.45000012210248,28.320000518982717],[120.51250003971631,28.320000506516454],[120.57499995013146,28.320000506714972],[120.63749979827895,28.32000051222701],[120.69999970425633,28.32000047200838],[120.76249952447415,28.320000480294013],[120.82499937814268,28.320000485260476],[120.88749929623037,28.320000536789507],[120.94999913413275,28.320000487165373],[120.94999913413275,28.819999543815207],[120.88749929623037,28.819999502040616],[120.82499937814268,28.819999546670505],[120.76249952447415,28.8199995051941],[120.69999970425633,28.81999948953474],[120.63749979827895,28.819999472800813],[120.57499995013146,28.819999522312145],[120.51250003971631,28.819999530084836],[120.45000012210248,28.819999504431735],[120.45000012210248,28.320000518982717]]]}"
00000000000000000707,628,51,36227.0,10530.333333333334,7877.0,5500.0,537047.0,"{""type"":""Polygon"",""coordinates"":[[[120.94999913413275,28.320000487165373],[121.01249900963809,28.32000052444822],[121.07499895241493,28.32000045652843],[121.13749881682102,28.320000456178136],[121.19999863182602,28.320000491333428],[121.26249851323058,28.320000507440735],[121.32499840160763,28.320000493790864],[121.38749832444573,28.320000497341002],[121.44999813437167,28.32000052906114],[121.44999813437167,28.81999952207254],[121.38749832444573,28.819999471511586],[121.32499840160763,28.819999465876247],[121.26249851323058,28.819999495015587],[121.19999863182602,28.81999951350996],[121.13749881682102,28.819999533140102],[121.07499895241493,28.81999953000003],[121.01249900963806,28.81999953736634],[120.94999913413275,28.819999543815207],[120.94999913413275,28.320000487165373]]]}"
00000000000000000709,647,48,192460.0,16841.166666666668,8235.5,5482.0,808376.0,"{""type"":""Polygon"",""coordinates"":[[[92.95000155859528,28.81999950327815],[93.01250143368392,28.819999459681735],[93.07500131282357,28.81999953481641],[93.13750123617739,28.819999543272896],[93.20000109400037,28.819999480637932],[93.26250093261072,28.819999516438212],[93.32500087852127,28.8199994627236],[93.38750075422621,28.819999494038253],[93.45000061548112,28.8199995127276],[93.45000061548112,29.319998470349624],[93.38750075422621,29.319998499795435],[93.32500087852127,29.319998460382433],[93.26250093261072,29.31999853807691],[93.20000109400037,29.319998470409725],[93.13750123617739,29.31999853337654],[93.07500131282357,29.319998469573843],[93.01250143368392,29.319998460526286],[92.95000155859528,29.319998514059435],[92.95000155859528,28.81999950327815]]]}"
0000000000000000070a,648,213,87786.0,13470.084507042253,9412.555555555555,5475.0,2869128.0,"{""type"":""Polygon"",""coordinates"":[[[93.45000061548112,28.8199995127276],[93.51250044422612,28.819999511624367],[93.57500037977225,28.819999479301927],[93.63750025580825,28.819999500934383],[93.70000006298494,28.819999479981924],[93.76249994986544,28.81999949298138],[93.82499983581359,28.819999533728808],[93.88749972037452,28.819999504952236],[93.94999960593937,28.819999486716736],[93.94999960593937,29.319998500415892],[93.88749972037452,29.319998489389285],[93.82499983581359,29.31999852028504],[93.76249994986544,29.3199985134126],[93.70000006298494,29.319998477337283],[93.63750025580825,29.31999850680997],[93.57500037977225,29.319998525707522],[93.51250044422612,29.31999854184287],[93.45000061548112,29.319998470349624],[93.45000061548112,28.8199995127276]]]}"
00000000000000000712,656,67,29058.0,10362.253731343284,7848.833333333333,5478.0,694271.0,"{""type"":""Polygon"",""coordinates"":[[[97.45000149410335,28.819999477268478],[97.51250139054343,28.819999536311393],[97.57500126430105,28.81999947942201],[97.63750117042193,28.81999946307577],[97.7000010001831,28.819999476053876],[97.76250089490264,28.81999949280122],[97.8250007491285,28.819999501675994],[97.88750062481778,28.819999481294204],[97.95000050266914,28.819999503131065],[97.95000050266914,29.319998498807646],[97.88750062481778,29.319998511019843],[97.8250007491285,29.31999849799514],[97.76250089490264,29.31999847674392],[97.7000010001831,29.31999846885782],[97.63750117042193,29.31999848608024],[97.57500126430105,29.31999846612565],[97.51250139054343,29.319998508386757],[97.45000149410335,29.31999854527173],[97.45000149410335,28.819999477268478]]]}"
00000000000000000713,657,191,175438.0,13720.738219895287,8625.6,5474.0,2620661.0,"{""type"":""Polygon"",""coordinates"":[[[97.95000050266914,28.819999503131065],[98.01250036495357,28.819999461786495],[98.07500027878137,28.81999951162868],[98.13750014641614,28.8199994634375],[98.20000003821951,28.819999471035736],[98.2624998594054,28.81999952146087],[98.32499976711529,28.81999949794284],[98.38749966969705,28.81999947532411],[98.44999956043617,28.819999523106063],[98.44999956043617,29.319998525728405],[98.38749966969705,29.3199985305017],[98.32499976711529,29.319998536359698],[98.2624998594054,29.31999847423494],[98.20000003821951,29.31999853367071],[98.13750014641614,29.319998479440464],[98.07500027878137,29.31999850060742],[98.01250036495357,29.319998532175333],[97.95000050266914,29.319998498807646],[97.95000050266914,28.819999503131065]]]}"
00000000000000000714,658,276,112284.0,15135.641304347826,9409.555555555555,5475.0,4177437.0,"{""type"":""Polygon"",""coordinates"":[[[98.44999956043617,28.819999523106063],[98.51249943413173,28.819999534039574],[98.57499928708933,28.81999948891447],[98.63749911711376,28.819999544728375],[98.69999900747618,28.81999949988849],[98.76249887512003,28.81999951621193],[98.82499880641363,28.819999479763133],[98.88749863693162,28.81999946926275],[98.94999854015231,28.819999541078325],[98.94999854015231,29.3199985110513],[98.88749863693162,29.319998525521033],[98.82499880641362,29.31999846307852],[98.76249887512004,29.31999853164128],[98.69999900747618,29.319998477028484],[98.63749911711376,29.319998501044438],[98.57499928708933,29.319998530519236],[98.51249943413173,29.319998502882964],[98.44999956043617,29.319998525728405],[98.44999956043617,28.819999523106063]]]}"
00000000000000000715,659,96,64998.0,12630.489583333334,8622.5,5477.0,1212527.0,"{""type"":""Polygon"",""coordinates"":[[[98.94999854015231,28.819999541078325],[99.01249894448146,28.819999469505408],[99.07499935293878,28.81999953114027],[99.13749985949617,28.819999522406818],[99.2000002217807,28.819999526880984],[99.26250070551194,28.8199995052937],[99.32500115540873,28.819999535029936],[99.38750158649148,28.819999505495755],[99.45000201518567,28.819999482035616],[99.45000201518567,29.31999851258029],[99.38750158649148,29.319998496760924],[99.32500115540873,29.31999850177811],[99.26250070551194,29.319998462787826],[99.2000002217807,29.319998490310404],[99.13749985949617,29.319998507330734],[99.07499935293878,29.319998465650382],[99.01249894448146,29.31999854558674],[98.94999854015231,29.3199985110513],[98.94999854015231,28.819999541078325]]]}"
00000000000000000716,660,0,,,,,0.0,"{""type"":""Polygon"",""coordinates"":[[[99.45000201518567,28.819999482035616],[99.5125018654743,28.81999948362676],[99.57500174951721,28.819999533600466],[99.63750160295518,28.81999952635338],[99.70000144757573,28.819999526162206],[99.76250139162286,28.819999502758392],[99.82500120435228,28.819999538332],[99.88750108168577,28.819999507895776],[99.95000096556808,28.8199994807948],[99.95000096556808,29.319998539017494],[99.88750108168577,29.31999850564968],[99.82500120435228,29.319998488161254],[99.76250139162286,29.31999850540328],[99.70000144757573,29.319998506969196],[99.63750160295518,29.3199984987144],[99.57500174951723,29.319998511202286],[99.5125018654743,29.319998480666058],[99.45000201518567,29.31999851258029],[99.45000201518567,28.819999482035616]]]}"
00000000000000000717,661,0,,,,,0.0,"{""type"":""Polygon"",""coordinates"":[[[99.95000096556808,28.8199994807948],[100.01250088437155,28.81999951984552],[100.07500069700846,28.819999524390077],[100.13750060505761,28.819999543978522],[100.20000046983237,28.819999477544876],[100.26250032462946,28.819999474841367],[100.32500020405068,28.819999509365243],[100.38750014399517,28.81999946638674],[100.45000001014012,28.819999507965278],[100.45000001014012,29.31999850251977],[100.38750014399517,29.31999848587669],[100.32500020405068,29.319998476201686],[100.26250032462946,29.31999848738137],[100.20000046983237,29.319998546487067],[100.13750060505761,29.319998504922115],[100.07500069700846,29.319998476739418],[100.01250088437155,29.319998475162606],[99.95000096556808,29.319998539017494],[99.95000096556808,28.8199994807948]]]}"
00000000000000000718,662,0,,,,,0.0,"{""type"":""Polygon"",""coordinates"":[[[100.45000001014012,28.819999507965278],[100.5124998406031,28.81999951899342],[100.57499976065216,28.819999465193845],[100.63749963926456,28.81999950795748],[100.69999951819264,28.819999531337718],[100.76249935439841,28.81999951385314],[100.8249992780695,28.81999950779085],[100.88749907622298,28.81999950505443],[100.94999896751168,28.819999462533733],[100.94999896751168,29.319998503178876],[100.88749907622298,29.319998499530406],[100.8249992780695,29.31999846387922],[100.76249935439841,29.31999852731736],[100.69999951819264,29.319998522891687],[100.63749963926456,29.31999848648673],[100.57499976065216,29.31999852736807],[100.5124998406031,29.31999849869032],[100.45000001014012,29.31999850251977],[100.45000001014012,28.819999507965278]]]}"
00000000000000000719,663,0,,,,,0.0,"{""type"":""Polygon"",""coordinates"":[[[100.94999896751168,28.819999462533733],[101.01249882717767,28.819999540350906],[101.07499870389056,28.819999533178873],[101.13749864753342,28.81999949873355],[101.19999844987971,28.81999951601855],[101.26249833570857,28.81999954007946],[101.32499827178705,28.81999945948212],[101.38749813924753,28.819999520879296],[101.44999799327965,28.819999517472613],[101.44999799327965,29.31999846769418],[101.38749813924753,29.31999846189588],[101.32499827178705,29.319998484141273],[101.26249833570857,29.319998478640493],[101.19999844987971,29.31999846204282],[101.13749864753342,29.319998458273467],[101.07499870389056,29.319998512732216],[101.01249882717765,29.31999854675004],[100.94999896751168,29.319998503178876],[100.94999896751168,28.819999462533733]]]}"
0000000000000000071a,664,0,,,,,0.0,"{""type"":""Polygon"",""coordinates"":[[[101.44999799327965,28.819999517472613],[101.51249841049612,28.819999460505677],[101.57499884204752,28.819999544937044],[101.63749925963809,28.81999948296071],[101.6999997227788,28.819999505008685],[101.7625001182872,28.81999950575745],[101.8250005946132,28.819999532098315],[101.88750104047836,28.819999478319648],[101.95000143238939,28.819999493741914],[101.95000143238939,29.319998483320386],[101.88750104047836,29.31999851745677],[101.8250005946132,29.319998535787516],[101.7625001182872,29.319998477094913],[101.6999997227788,29.319998534316387],[101.63749925963809,29.319998486533],[101.57499884204753,29.319998526276244],[101.51249841049612,29.31999851166956],[101.44999799327965,29.31999846769418],[101.44999799327965,28.819999517472613]]]}"
0000000000000000071b,665,8,15662.0,8619.25,7048.0,5492.0,68954.0,"{""type"":""Polygon"",""coordinates"":[[[101.95000143238939,28.819999493741914],[102.01250131215058,28.819999503814323],[102.07500118037699,28.819999523261004],[102.13750110367965,28.81999951751009],[102.20000097521849,28.81999946754732],[102.26250086349057,28.819999513350307],[102.32500066333235,28.819999548014906],[102.38750053252556,28.81999952784059],[102.45000045517783,28.819999512337414],[102.45000045517783,29.319998507103435],[102.38750053252556,29.319998477121107],[102.32500066333235,29.31999853856583],[102.26250086349057,29.319998458033073],[102.20000097521849,29.319998541353353],[102.13750110367965,29.319998459074704],[102.07500118037699,29.319998508375097],[102.01250131215058,29.31999853392605],[101.95000143238939,29.319998483320386],[101.95000143238939,28.819999493741914]]]}"
0000000000000000071c,666,41,43957.0,10988.731707317073,7832.0,5475.0,450538.0,"{""type"":""Polygon"",""coordinates"":[[[102.45000045517783,28.819999512337414],[102.51250032874732,28.819999481497128],[102.57500022649201,28.819999486238434],[102.63750004749501,28.81999950618976],[102.69999995447873,28.81999949592742],[102.76249984827193,28.819999522013592],[102.82499971810891,28.819999467716904],[102.88749955406026,28.819999478264585],[102.94999943487058,28.819999515305007],[102.94999943487058,29.319998468073315],[102.88749955406026,29.319998488977447],[102.82499971810891,29.31999853291735],[102.76249984827193,29.31999846436515],[102.69999995447873,29.319998487371343],[102.63750004749501,29.319998544439553],[102.57500022649201,29.31999848229643],[102.51250032874732,29.319998521118777],[102.45000045517783,29.319998507103435],[102.45000045517783,28.819999512337414]]]}"
0000000000000000071d,667,759,722036.0,22362.64558629776,10023.531914893618,3439.0,1.6973248E7,"{""type"":""Polygon"",""coordinates"":[[[102.94999943487058,28.819999515305007],[103.01249935240315,28.819999461317813],[103.07499921140635,28.819999469226854],[103.13749909321939,28.819999499835852],[103.19999899214639,28.81999952225703],[103.26249881522786,28.819999514145096],[103.3249987344573,28.819999513940637],[103.38749857035549,28.819999507613286],[103.44999840847325,28.819999541789816],[103.44999840847325,29.319998475667116],[103.38749857035549,29.319998539736073],[103.3249987344573,29.319998463817],[103.26249881522786,29.319998462852382],[103.19999899214639,29.319998463995308],[103.13749909321939,29.319998516588154],[103.07499921140636,29.319998469114438],[103.01249935240315,29.31999852681519],[102.94999943487058,29.319998468073315],[102.94999943487058,28.819999515305007]]]}"
0000000000000000071e,668,1351,1020327.0,19354.321983715767,9973.671232876712,1377.0,2.6147689E7,"{""type"":""Polygon"",""coordinates"":[[[103.44999840847325,28.819999541789816],[103.51249886474936,28.8199995216624],[103.57499932114563,28.81999947690984],[103.6374997774681,28.81999946213539],[103.70000014592347,28.81999954074203],[103.762500604532,28.819999487122168],[103.8250010670569,28.81999953845048],[103.88750144784625,28.819999496046545],[103.95000192741529,28.819999481870855],[103.95000192741529,29.319998474888028],[103.88750144784625,29.319998480081384],[103.8250010670569,29.319998503606783],[103.762500604532,29.319998511442144],[103.70000014592347,29.319998528174906],[103.6374997774681,29.319998491435385],[103.57499932114563,29.3199985398916],[103.51249886474936,29.31999852367686],[103.44999840847325,29.319998475667116],[103.44999840847325,28.819999541789816]]]}"
0000000000000000071f,669,86,209646.0,23406.337209302324,9683.888888888889,5493.0,2012945.0,"{""type"":""Polygon"",""coordinates"":[[[103.95000192741529,28.819999481870855],[104.01250180165823,28.819999536304312],[104.07500169504861,28.81999947318964],[104.13750152472561,28.81999952853276],[104.2000013857669,28.8199994839247],[104.2625012853988,28.81999947827462],[104.32500114279593,28.81999948566737],[104.38750105528894,28.81999946088593],[104.450000943384,28.819999464583034],[104.450000943384,29.319998486128586],[104.38750105528894,29.31999847807372],[104.32500114279593,29.319998485436827],[104.2625012853988,29.319998534806448],[104.2000013857669,29.319998498346337],[104.13750152472561,29.319998488914546],[104.07500169504861,29.319998542064962],[104.01250180165823,29.319998528914795],[103.95000192741529,29.319998474888028],[103.95000192741529,28.819999481870855]]]}"
00000000000000000720,670,10,18855.0,9655.6,8235.5,6280.0,96556.0,"{""type"":""Polygon"",""coordinates"":[[[104.450000943384,28.819999464583034],[104.512500817009,28.819999460607715],[104.57500068678307,28.81999949949589],[104.6375005640113,28.819999457611544],[104.70000037169314,28.819999481711434],[104.76250030042463,28.8199995148459],[104.825000185528,28.819999539244844],[104.88750004089037,28.819999517253542],[104.94999988105903,28.819999497794264],[104.94999988105903,29.319998467798698],[104.88750004089037,29.319998515716446],[104.825000185528,29.319998463104614],[104.76250030042463,29.319998521443857],[104.70000037169314,29.31999846893749],[104.6375005640113,29.319998496717357],[104.57500068678307,29.319998489003602],[104.512500817009,29.319998473127637],[104.450000943384,29.319998486128586],[104.450000943384,28.819999464583034]]]}"
00000000000000000721,671,0,,,,,0.0,"{""type"":""Polygon"",""coordinates"":[[[104.94999988105903,28.819999497794264],[105.01249981039842,28.81999951935791],[105.07499966646854,28.8199994767434],[105.1374995548915,28.8199994947114],[105.19999940353478,28.81999954437258],[105.26249931936047,28.819999489428103],[105.3249991420986,28.819999484406896],[105.38749906929306,28.819999468830137],[105.44999894178211,28.81999951000233],[105.44999894178211,29.319998469084663],[105.38749906929306,29.319998518160798],[105.3249991420986,29.31999851735737],[105.26249931936047,29.319998486198426],[105.19999940353478,29.319998485741912],[105.1374995548915,29.31999853515924],[105.07499966646854,29.319998511457506],[105.01249981039842,29.31999853025445],[104.94999988105903,29.319998467798698],[104.94999988105903,28.819999497794264]]]}"
00000000000000000722,672,0,,,,,0.0,"{""type"":""Polygon"",""coordinates"":[[[105.44999894178211,28.81999951000233],[105.51249877961354,28.819999480942066],[105.57499869290272,28.819999503920695],[105.63749852402003,28.81999947240599],[105.69999838424833,28.819999508041395],[105.76249829603358,28.81999948270941],[105.82499819282427,28.819999538579644],[105.88749800852842,28.819999471305913],[105.94999794643948,28.81999947690283],[105.94999794643947,29.319998490379955],[105.88749800852842,29.31999849360334],[105.82499819282427,29.31999845907199],[105.76249829603358,29.319998537479417],[105.69999838424833,29.319998501288012],[105.63749852402003,29.31999846812865],[105.57499869290272,29.31999847987902],[105.51249877961354,29.31999850233101],[105.44999894178211,29.319998469084663],[105.44999894178211,28.81999951000233]]]}"
00000000000000000723,673,2,11780.0,9801.5,9801.5,7823.0,19603.0,"{""type"":""Polygon"",""coordinates"":[[[105.94999794643948,28.81999947690283],[106.01249839000212,28.819999469157715],[106.07499873697631,28.819999480892047],[106.13749919243547,28.81999953380391],[106.19999960320456,28.819999519945494],[106.26250008579031,28.81999947127836],[106.32500048791435,28.819999538981907],[106.3875009271412,28.81999949502259],[106.45000134194315,28.81999947906195],[106.45000134194315,29.3199985326625],[106.3875009271412,29.319998508059975],[106.32500048791435,29.31999848360976],[106.26250008579031,29.319998492838774],[106.19999960320456,29.319998505243305],[106.13749919243547,29.319998542727127],[106.07499873697631,29.31999848792381],[106.01249839000212,29.319998534909534],[105.94999794643947,29.319998490379955],[105.94999794643948,28.81999947690283]]]}"
00000000000000000724,674,3,20404.0,13080.333333333334,11771.0,7066.0,39241.0,"{""type"":""Polygon"",""coordinates"":[[[106.45000134194315,28.81999947906195],[106.51250122173896,28.819999514025127],[106.57500113489608,28.819999488063818],[106.63750102130584,28.819999540034544],[106.70000091124314,28.81999953816467],[106.76250074549382,28.81999953452917],[106.82500064529452,28.81999947174486],[106.88750046233555,28.819999499114687],[106.95000040889545,28.819999460757277],[106.95000040889545,29.31999847466156],[106.88750046233555,29.319998539682626],[106.82500064529452,29.319998507150817],[106.76250074549382,29.319998533334427],[106.70000091124314,29.319998469633703],[106.63750102130584,29.31999846003237],[106.57500113489608,29.319998539154845],[106.51250122173896,29.319998494576357],[106.45000134194315,29.3199985326625],[106.45000134194315,28.81999947906195]]]}"
00000000000000000725,675,84,66653.0,16353.797619047618,12160.5,5481.0,1373719.0,"{""type"":""Polygon"",""coordinates"":[[[106.95000040889545,28.819999460757277],[107.01250024745117,28.819999517086455],[107.07500010115805,28.81999952325325],[107.13750000360176,28.819999518114773],[107.19999989867381,28.81999946577116],[107.26249973064182,28.81999950251706],[107.32499962457192,28.81999948222449],[107.38749952560921,28.819999540547148],[107.44999937926345,28.81999946851612],[107.44999937926345,29.319998522903436],[107.38749952560921,29.31999846503287],[107.32499962457192,29.319998498827218],[107.26249973064182,29.319998489679254],[107.19999989867381,29.3199984745085],[107.13750000360176,29.319998513863876],[107.07500010115804,29.31999847228679],[107.01250024745117,29.319998471922535],[106.95000040889545,29.31999847466156],[106.95000040889545,28.819999460757277]]]}"
00000000000000000726,676,14,12522.0,8331.857142857143,8214.0,5484.0,116646.0,"{""type"":""Polygon"",""coordinates"":[[[107.44999937926345,28.81999946851612],[107.51249922168424,28.81999947552987],[107.57499908946542,28.819999512297276],[107.63749901963907,28.819999529224678],[107.69999886898934,28.81999950076916],[107.76249876564697,28.81999953677111],[107.82499865748639,28.819999513056317],[107.88749849272108,28.81999947731447],[107.94999840073855,28.819999538224515],[107.94999840073855,29.319998526233885],[107.88749849272108,29.319998471796485],[107.8249986574864,29.319998473254348],[107.76249876564697,29.31999850876405],[107.69999886898934,29.31999853127554],[107.63749901963907,29.319998493545658],[107.57499908946542,29.31999854411539],[107.51249922168425,29.319998537225754],[107.44999937926345,29.319998522903436],[107.44999937926345,28.81999946851612]]]}"
00000000000000000727,677,7,11785.0,7062.571428571428,6281.0,5494.0,49438.0,"{""type"":""Polygon"",""coordinates"":[[[107.94999840073855,28.819999538224515],[108.01249878272381,28.819999508825052],[108.07499922645421,28.819999485137643],[108.13749968162853,28.81999951369674],[108.20000009826589,28.81999946915583],[108.26250051721281,28.819999470986406],[108.3250009796999,28.819999466583024],[108.387501436792,28.819999501520922],[108.45000183986016,28.819999535417633],[108.45000183986016,29.319998488332374],[108.387501436792,29.31999846194808],[108.3250009796999,29.319998475372604],[108.26250051721281,29.319998483822],[108.20000009826589,29.31999852788303],[108.13749968162853,29.319998489495443],[108.07499922645421,29.319998506958896],[108.01249878272381,29.319998534521503],[107.94999840073855,29.319998526233885],[107.94999840073855,28.819999538224515]]]}"
00000000000000000728,678,158,1127875.0,30173.259493670885,10993.613636363636,5474.0,4767375.0,"{""type"":""Polygon"",""coordinates"":[[[108.45000183986016,28.819999535417633],[108.51250168769621,28.819999506085036],[108.57500156618424,28.81999954084068],[108.63750142769644,28.81999951283946],[108.70000131552,28.819999539263907],[108.76250118265287,28.81999949286574],[108.8250010730305,28.819999490196746],[108.88750094026051,28.819999489210012],[108.95000082890888,28.819999520173766],[108.95000082890888,29.319998535764533],[108.88750094026051,29.319998548480097],[108.8250010730305,29.319998543621843],[108.76250118265287,29.319998491667285],[108.70000131552,29.319998520397967],[108.63750142769644,29.319998514337968],[108.57500156618424,29.31999851541497],[108.51250168769621,29.31999849292034],[108.45000183986016,29.319998488332374],[108.45000183986016,28.819999535417633]]]}"
00000000000000000729,679,424,403852.0,20948.365566037737,9182.140625,5474.0,8882107.0,"{""type"":""Polygon"",""coordinates"":[[[108.95000082890888,28.819999520173766],[109.01250069317662,28.819999540590313],[109.07500057824282,28.819999494594324],[109.13750043888552,28.819999510338786],[109.20000032087941,28.819999531341292],[109.26250017956323,28.819999514196734],[109.32500006128967,28.819999487388095],[109.38749992194201,28.819999492483547],[109.44999980843326,28.819999471892242],[109.44999980843326,29.31999850733034],[109.38749992194201,29.319998476478972],[109.32500006128967,29.319998536138254],[109.26250017956323,29.31999848890645],[109.20000032087941,29.319998464218738],[109.13750043888552,29.319998519666065],[109.07500057824282,29.31999852858273],[109.01250069317662,29.319998547935967],[108.95000082890888,29.319998535764533],[108.95000082890888,28.819999520173766]]]}"
0000000000000000072a,680,1192,425814.0,11909.079697986577,6931.257831325302,5207.0,1.4195623E7,"{""type"":""Polygon"",""coordinates"":[[[109.44999980843326,28.819999471892242],[109.51249967717493,28.81999946667904],[109.57499957562284,28.81999950405855],[109.63749946070045,28.81999953918284],[109.69999938038876,28.81999951334544],[109.76249920127421,28.819999480382002],[109.82499906265929,28.819999537883287],[109.88749892244346,28.819999469509593],[109.94999882960634,28.8199994711786],[109.94999882960634,29.319998511134894],[109.88749892244346,29.319998488211084],[109.82499906265929,29.319998475905823],[109.76249920127421,29.31999853469411],[109.69999938038876,29.31999845569288],[109.63749946070045,29.31999848265516],[109.57499957562284,29.31999847725669],[109.51249967717493,29.319998498773],[109.44999980843326,29.31999850733034],[109.44999980843326,28.819999471892242]]]}"
0000000000000000072b,681,0,,,,,0.0,"{""type"":""Polygon"",""coordinates"":[[[109.94999882960634,28.8199994711786],[110.01249874251052,28.819999496582366],[110.07499861973156,28.81999949928716],[110.13749851093975,28.819999503814348],[110.19999837515131,28.819999463262747],[110.26249826248451,28.81999948665185],[110.32499813237996,28.81999952654173],[110.38749794447425,28.81999953536549],[110.44999784043416,28.819999521831175],[110.44999784043416,29.319998482662417],[110.38749794447425,29.319998545785193],[110.32499813237996,29.31999852229412],[110.26249826248451,29.319998489272106],[110.19999837515131,29.319998494723883],[110.13749851093976,29.319998501635514],[110.07499861973156,29.319998486952382],[110.01249874251052,29.319998498009134],[109.94999882960634,29.319998511134894],[109.94999882960634,28.8199994711786]]]}"
0000000000000000072c,682,0,,,,,0.0,"{""type"":""Polygon"",""coordinates"":[[[110.44999784043416,28.819999521831175],[110.5124982349368,28.81999953594989],[110.57499872458666,28.819999501211363],[110.63749917888184,28.81999946839349],[110.69999955841789,28.81999947373277],[110.76250000585576,28.81999952411834],[110.82500048216698,28.819999485254],[110.88750085753803,28.819999492088968],[110.95000127517433,28.819999465625358],[110.95000127517434,29.319998513149077],[110.88750085753803,29.31999853415991],[110.82500048216698,29.319998537098385],[110.76250000585576,29.319998517077977],[110.69999955841789,29.319998509259175],[110.63749917888184,29.319998478788214],[110.57499872458666,29.319998504461125],[110.5124982349368,29.319998550752025],[110.44999784043416,29.319998482662417],[110.44999784043416,28.819999521831175]]]}"
0000000000000000072d,683,442,86345.0,12269.282805429864,8629.037037037036,5475.0,5423023.0,"{""type"":""Polygon"",""coordinates"":[[[110.95000127517433,28.819999465625358],[111.012501150796,28.81999952922408],[111.07500108272143,28.81999952992103],[111.13750094178911,28.819999516867913],[111.2000007809136,28.819999509380384],[111.26250065316742,28.819999526353364],[111.3250005208042,28.819999516557083],[111.38750043719087,28.81999949826297],[111.45000027388987,28.819999519513562],[111.45000027388987,29.319998492836223],[111.38750043719087,29.31999853712654],[111.3250005208042,29.319998546262863],[111.26250065316742,29.319998472694266],[111.2000007809136,29.319998467944636],[111.13750094178911,29.319998499267093],[111.07500108272143,29.319998464116996],[111.012501150796,29.319998513112214],[110.95000127517434,29.319998513149077],[110.95000127517433,28.819999465625358]]]}"
0000000000000000072e,684,460,131990.0,13115.730434782608,8621.56,3537.0,6033236.0,"{""type"":""Polygon"",""coordinates"":[[[111.45000027388987,28.819999519513562],[111.51250017551725,28.819999498253868],[111.57500001390144,28.81999948209581],[111.63749993392162,28.819999472890974],[111.69999980765746,28.81999951774532],[111.76249968925852,28.819999463993003],[111.82499954201671,28.81999951214917],[111.8874994203104,28.81999950894636],[111.94999928765343,28.819999485286306],[111.94999928765343,29.319998533081645],[111.8874994203104,29.319998486603957],[111.82499954201671,29.31999850784422],[111.76249968925852,29.31999848244872],[111.69999980765746,29.319998479775236],[111.63749993392162,29.319998469129448],[111.57500001390144,29.319998519287832],[111.51250017551725,29.31999849934685],[111.45000027388987,29.319998492836223],[111.45000027388987,28.819999519513562]]]}"
0000000000000000072f,685,1,5490.0,5490.0,5490.0,5490.0,5490.0,"{""type"":""Polygon"",""coordinates"":[[[111.94999928765343,28.819999485286306],[112.0124991986357,28.819999456307862],[112.07499902601046,28.819999467887822],[112.13749891553334,28.81999951897709],[112.19999883111501,28.8199994705592],[112.26249864580134,28.819999536623875],[112.32499859656178,28.819999530614904],[112.38749846565608,28.81999951303489],[112.44999830829926,28.819999496927366],[112.44999830829926,29.319998482950666],[112.38749846565608,29.319998508544316],[112.3249985965618,29.319998533634017],[112.26249864580134,29.319998546098695],[112.19999883111501,29.319998485842508],[112.13749891553334,29.31999854016268],[112.07499902601046,29.319998496166672],[112.0124991986357,29.319998493095554],[111.94999928765343,29.319998533081645],[111.94999928765343,28.819999485286306]]]}"
00000000000000000730,686,0,,,,,0.0,"{""type"":""Polygon"",""coordinates"":[[[112.44999830829926,28.819999496927366],[112.51249872542826,28.8199994836163],[112.57499913573395,28.819999511924536],[112.63749959462092,28.819999509591433],[112.70000006661674,28.819999504244766],[112.76250042539426,28.819999539392217],[112.82500090837965,28.819999509763658],[112.88750129843874,28.819999474495184],[112.95000174215942,28.81999951188674],[112.95000174215942,29.319998497253586],[112.88750129843872,29.319998514651616],[112.82500090837965,29.319998512398854],[112.76250042539426,29.319998497350582],[112.70000006661674,29.319998494665985],[112.63749959462092,29.319998526806597],[112.57499913573395,29.31999855084637],[112.51249872542826,29.31999853991429],[112.44999830829926,29.319998482950666],[112.44999830829926,28.819999496927366]]]}"
00000000000000000731,687,11,54760.0,13446.09090909091,7850.0,5495.0,147907.0,"{""type"":""Polygon"",""coordinates"":[[[112.95000174215942,28.81999951188674],[113.01250165895985,28.819999493899694],[113.07500155915373,28.81999951743082],[113.13750140764363,28.819999524301753],[113.20000126025225,28.81999952369138],[113.26250117281332,28.819999524352145],[113.32500101945124,28.819999483820798],[113.3875008560576,28.819999494220415],[113.45000073852206,28.81999947948439],[113.45000073852206,29.319998489832862],[113.3875008560576,29.319998483643598],[113.32500101945124,29.319998521467028],[113.2625011728133,29.31999851284317],[113.20000126025225,29.319998534130796],[113.13750140764363,29.319998460797063],[113.07500155915373,29.319998536147253],[113.01250165895985,29.319998500836768],[112.95000174215942,29.319998497253586],[112.95000174215942,28.81999951188674]]]}"
00000000000000000732,688,118,135722.0,14034.254237288136,9412.0,5476.0,1656042.0,"{""type"":""Polygon"",""coordinates"":[[[113.45000073852206,28.81999947948439],[113.51250063189646,28.81999946371844],[113.57500050125826,28.819999470793984],[113.63750040251857,28.81999950756163],[113.70000030076775,28.819999513560013],[113.76250016111256,28.819999511894473],[113.82500003945233,28.819999508505745],[113.88749990088554,28.8199995258864],[113.94999980127372,28.819999485658148],[113.94999980127372,29.319998465085902],[113.88749990088554,29.319998461768837],[113.82500003945233,29.319998463415843],[113.76250016111256,29.31999846576054],[113.70000030076775,29.319998530553033],[113.63750040251857,29.319998485915622],[113.57500050125826,29.3199984764732],[113.51250063189646,29.31999847974345],[113.45000073852206,29.319998489832862],[113.45000073852206,28.81999947948439]]]}"
00000000000000000733,689,910,190595.0,18117.67142857143,10972.74358974359,4791.0,1.6487081E7,"{""type"":""Polygon"",""coordinates"":[[[113.94999980127372,28.819999485658148],[114.01249961494779,28.81999951043979],[114.07499948848324,28.81999950422151],[114.13749938691707,28.819999488353087],[114.19999927528013,28.819999483949914],[114.26249911859477,28.819999511892902],[114.32499906323218,28.819999474758806],[114.3874988927758,28.81999951089394],[114.44999875351041,28.819999522271235],[114.44999875351041,29.31999849843351],[114.3874988927758,29.319998473903322],[114.32499906323218,29.319998480262967],[114.26249911859477,29.319998533317943],[114.19999927528013,29.319998495388184],[114.13749938691707,29.319998464806115],[114.07499948848324,29.319998504776535],[114.01249961494779,29.31999851172471],[113.94999980127372,29.319998465085902],[113.94999980127372,28.819999485658148]]]}"
00000000000000000734,690,1504,1754908.0,25117.353723404256,11436.629955947137,3327.0,3.77765E7,"{""type"":""Polygon"",""coordinates"":[[[114.44999875351041,28.819999522271235],[114.51249861031246,28.819999528631524],[114.57499851865737,28.819999531978212],[114.63749835271804,28.81999948568809],[114.69999825847623,28.819999540238786],[114.76249811002621,28.819999481968587],[114.82499805317266,28.819999460526276],[114.8874978713726,28.819999529303143],[114.94999780081427,28.81999948656986],[114.94999780081427,29.31999847214613],[114.8874978713726,29.31999850342867],[114.82499805317266,29.31999847183697],[114.76249811002621,29.31999849706274],[114.69999825847623,29.31999852612581],[114.63749835271804,29.31999849411585],[114.57499851865738,29.319998531542957],[114.51249861031246,29.319998489613702],[114.44999875351041,29.31999849843351],[114.44999875351041,28.819999522271235]]]}"
00000000000000000735,691,1602,1.0044213E7,30301.338327091136,15558.795514511874,4323.0,4.8542744E7,"{""type"":""Polygon"",""coordinates"":[[[114.94999780081427,28.81999948656986],[115.01249816795351,28.819999527853007],[115.0749986654598,28.81999947390015],[115.13749907662935,28.819999460511866],[115.19999954668145,28.81999946856014],[115.26249994931185,28.819999532381697],[115.32500033907466,28.81999948414588],[115.38750077038793,28.819999487672753],[115.45000120714293,28.81999947550318],[115.45000120714293,29.319998524595334],[115.38750077038793,29.3199985019561],[115.32500033907466,29.319998504975796],[115.26249994931185,29.3199985189887],[115.19999954668145,29.31999846447597],[115.13749907662935,29.31999850985027],[115.0749986654598,29.31999845576378],[115.01249816795351,29.31999848821242],[114.94999780081427,29.31999847214613],[114.94999780081427,28.81999948656986]]]}"
00000000000000000736,692,313,624448.0,21795.09265175719,10038.555555555555,5474.0,6821864.0,"{""type"":""Polygon"",""coordinates"":[[[115.45000120714293,28.81999947550318],[115.51250107096507,28.81999948934975],[115.57500095838192,28.81999950028516],[115.63750083301515,28.819999523031164],[115.70000074871464,28.81999947090823],[115.76250057859622,28.81999954209446],[115.82500046656986,28.819999465364457],[115.887500375804,28.819999502586555],[115.95000026937656,28.81999950156519],[115.95000026937656,29.319998483290092],[115.887500375804,29.31999848103097],[115.82500046656986,29.319998474591518],[115.76250057859622,29.31999853403437],[115.70000074871464,29.31999848161903],[115.63750083301515,29.319998506527014],[115.57500095838192,29.319998494313754],[115.51250107096507,29.319998532504922],[115.45000120714293,29.319998524595334],[115.45000120714293,28.81999947550318]]]}"
00000000000000000737,693,1,15649.0,15649.0,15649.0,15649.0,15649.0,"{""type"":""Polygon"",""coordinates"":[[[115.95000026937656,28.81999950156519],[116.01250011027291,28.81999947544372],[116.07499995156216,28.8199995011339],[116.13749984612735,28.819999489798235],[116.1999997565261,28.81999953618647],[116.26249964521116,28.819999487060446],[116.32499947452831,28.81999951925876],[116.38749938684246,28.819999523947967],[116.44999925409569,28.81999953102589],[116.44999925409569,29.319998492085293],[116.38749938684246,29.31999849186051],[116.32499947452831,29.319998520403463],[116.26249964521116,29.31999846622383],[116.1999997565261,29.319998521463035],[116.13749984612735,29.319998510688137],[116.07499995156216,29.319998505159237],[116.01250011027291,29.319998493609752],[115.95000026937656,29.319998483290092],[115.95000026937656,28.81999950156519]]]}"
00000000000000000738,694,3,7044.0,6006.0,5488.0,5486.0,18018.0,"{""type"":""Polygon"",""coordinates"":[[[116.44999925409569,28.81999953102589],[116.51249912824201,28.819999532418286],[116.57499897102883,28.819999538649082],[116.63749883404937,28.819999540956275],[116.69999876867364,28.819999530164672],[116.76249864621,28.819999452686858],[116.82499851772049,28.819999463440727],[116.8874983441674,28.819999489204765],[116.94999826605553,28.81999950028364],[116.94999826605553,29.319998494704812],[116.8874983441674,29.3199984801918],[116.82499851772049,29.319998469136824],[116.76249864621,29.319998492572758],[116.69999876867364,29.319998460216325],[116.63749883404937,29.319998547055334],[116.57499897102883,29.319998478729115],[116.51249912824201,29.319998511886627],[116.44999925409569,29.319998492085293],[116.44999925409569,28.81999953102589]]]}"
00000000000000000739,695,25,32997.0,9130.48,7052.0,5480.0,228262.0,"{""type"":""Polygon"",""coordinates"":[[[116.94999826605553,28.81999950028364],[117.01249869297735,28.81999949055322],[117.07499913599196,28.81999948215656],[117.1374995553392,28.819999483030205],[117.20000000084326,28.819999481410306],[117.26250043236597,28.819999484647862],[117.32500080961704,28.819999499871276],[117.38750127144553,28.81999949475559],[117.45000168746127,28.819999495369785],[117.45000168746127,29.319998473091637],[117.38750127144553,29.319998523380942],[117.32500080961702,29.319998508079706],[117.26250043236597,29.319998483548844],[117.20000000084326,29.31999848346414],[117.1374995553392,29.319998501619974],[117.07499913599196,29.319998531587867],[117.01249869297735,29.31999850433046],[116.94999826605553,29.319998494704812],[116.94999826605553,28.81999950028364]]]}"
0000000000000000073a,696,55,36911.0,10579.927272727273,7850.0,4499.0,581896.0,"{""type"":""Polygon"",""coordinates"":[[[117.45000168746127,28.819999495369785],[117.51250156887173,28.819999524645162],[117.57500141246646,28.819999470947682],[117.6375013560503,28.81999946425466],[117.70000117902012,28.819999467574494],[117.76250110819338,28.81999950834299],[117.82500092265155,28.819999467465305],[117.88750084859045,28.819999535043014],[117.9500006647658,28.81999950991231],[117.9500006647658,29.319998504645973],[117.88750084859045,29.319998533434223],[117.82500092265155,29.319998472148978],[117.76250110819338,29.319998521718453],[117.70000117902012,29.319998494355556],[117.6375013560503,29.31999850916322],[117.57500141246646,29.31999854052757],[117.51250156887173,29.319998462318303],[117.45000168746127,29.319998473091637],[117.45000168746127,28.819999495369785]]]}"
0000000000000000073b,697,38,31285.0,9729.473684210527,7840.5,5476.0,369720.0,"{""type"":""Polygon"",""coordinates"":[[[117.9500006647658,28.81999950991231],[118.01250059673546,28.81999949945786],[118.07500042291933,28.81999954735415],[118.13750027893767,28.81999953514476],[118.20000021071498,28.81999952729711],[118.26250008541567,28.819999465167925],[118.32499994851155,28.819999494157607],[118.38749984514642,28.81999951455568],[118.44999973101154,28.819999528232785],[118.44999973101154,29.31999851829313],[118.38749984514642,29.319998530633764],[118.32499994851155,29.319998529825355],[118.26250008541567,29.319998514934717],[118.20000021071498,29.319998505248012],[118.13750027893767,29.319998519653108],[118.07500042291933,29.31999853595826],[118.01250059673546,29.31999849109431],[117.9500006647658,29.319998504645973],[117.9500006647658,28.81999950991231]]]}"
0000000000000000073c,698,40,121993.0,12458.175,7444.5,4769.0,498327.0,"{""type"":""Polygon"",""coordinates"":[[[118.44999973101154,28.819999528232785],[118.51249956159542,28.81999953684684],[118.57499947028623,28.819999500873518],[118.63749932293841,28.819999523160703],[118.69999916329995,28.81999950259925],[118.76249903476817,28.819999500399312],[118.82499898038535,28.81999949599226],[118.88749886507792,28.819999509842276],[118.94999873137841,28.819999520872962],[118.9499987313784,29.31999850722686],[118.88749886507792,29.319998532148393],[118.82499898038535,29.319998458083834],[118.76249903476817,29.319998550326364],[118.69999916329995,29.319998546078786],[118.63749932293841,29.319998466978618],[118.57499947028623,29.319998496564207],[118.51249956159542,29.319998493523954],[118.44999973101154,29.31999851829313],[118.44999973101154,28.819999528232785]]]}"
0000000000000000073d,699,282,71970.0,11249.882978723404,8623.181818181818,5474.0,3172467.0,"{""type"":""Polygon"",""coordinates"":[[[118.94999873137841,28.819999520872962],[119.01249915429268,28.819999463969513],[119.07499955357449,28.81999954342101],[119.13749997075175,28.819999493649824],[119.20000044697548,28.819999535444246],[119.26250084569612,28.81999952564362],[119.32500129614436,28.81999950122744],[119.38750174984433,28.819999459662576],[119.45000215807949,28.819999479138474],[119.45000215807949,29.31999853240432],[119.38750174984433,29.31999847042467],[119.32500129614436,29.31999852593864],[119.26250084569612,29.31999854125487],[119.20000044697548,29.31999851985305],[119.13749997075175,29.3199985072483],[119.07499955357449,29.319998485166938],[119.01249915429268,29.31999847736897],[118.9499987313784,29.31999850722686],[118.94999873137841,28.819999520872962]]]}"
0000000000000000073e,700,966,219965.0,14532.74016563147,9721.430107526881,3327.0,1.4038627E7,"{""type"":""Polygon"",""coordinates"":[[[119.45000215807949,28.819999479138474],[119.51250202934987,28.81999950063403],[119.57500193431869,28.819999535062383],[119.63750182330921,28.81999949788961],[119.70000164639437,28.81999946609827],[119.7625015301001,28.819999473659816],[119.82500142375648,28.819999515898868],[119.88750127643594,28.819999507253367],[119.95000112518373,28.819999501938668],[119.95000112518373,29.31999854501403],[119.88750127643594,29.31999849938403],[119.82500142375648,29.319998504090915],[119.7625015301001,29.319998506440974],[119.70000164639437,29.31999851225622],[119.63750182330921,29.319998527161342],[119.57500193431869,29.319998518835227],[119.51250202934987,29.31999849213484],[119.45000215807949,29.31999853240432],[119.45000215807949,28.819999479138474]]]}"
0000000000000000073f,701,323,177639.0,17466.76160990712,9911.25,3439.0,5641764.0,"{""type"":""Polygon"",""coordinates"":[[[119.95000112518373,28.819999501938668],[120.01250100662233,28.819999473039857],[120.07500086879638,28.819999495416546],[120.13750074759342,28.81999954144044],[120.20000067846723,28.819999502594708],[120.262500520381,28.819999474483218],[120.32500039614503,28.819999487347232],[120.38750025207365,28.81999953389299],[120.45000012210248,28.819999504431735],[120.45000012210248,29.31999849306166],[120.38750025207365,29.319998540552735],[120.32500039614503,29.319998469325714],[120.262500520381,29.319998470271816],[120.20000067846723,29.31999847145732],[120.13750074759342,29.31999852461708],[120.07500086879638,29.319998535201318],[120.01250100662233,29.319998532395708],[119.95000112518373,29.31999854501403],[119.95000112518373,28.819999501938668]]]}"
00000000000000000740,702,74,97815.0,10006.486486486487,7843.222222222223,5477.0,740480.0,"{""type"":""Polygon"",""coordinates"":[[[120.45000012210248,28.819999504431735],[120.51250003971631,28.819999530084836],[120.57499995013146,28.819999522312145],[120.63749979827895,28.819999472800813],[120.69999970425633,28.81999948953474],[120.76249952447415,28.8199995051941],[120.82499937814268,28.819999546670505],[120.88749929623037,28.819999502040616],[120.94999913413275,28.819999543815207],[120.94999913413275,29.319998540287337],[120.88749929623037,29.31999850307322],[120.82499937814268,29.319998499684097],[120.76249952447415,29.319998518734074],[120.69999970425633,29.31999851330268],[120.63749979827895,29.319998538207606],[120.57499995013146,29.319998501199287],[120.51250003971631,29.319998536423125],[120.45000012210248,29.31999849306166],[120.45000012210248,28.819999504431735]]]}"
00000000000000000741,703,71,41473.0,11221.30985915493,7829.4,2064.0,796713.0,"{""type"":""Polygon"",""coordinates"":[[[120.94999913413275,28.819999543815207],[121.01249900963806,28.81999953736634],[121.07499895241493,28.81999953000003],[121.13749881682102,28.819999533140102],[121.19999863182602,28.81999951350996],[121.26249851323058,28.819999495015587],[121.32499840160763,28.819999465876247],[121.38749832444573,28.819999471511586],[121.44999813437167,28.81999952207254],[121.44999813437167,29.3199985147038],[121.38749832444573,29.319998455552597],[121.32499840160763,29.319998538326107],[121.26249851323058,29.3199985147177],[121.19999863182602,29.319998500088474],[121.13749881682102,29.319998507280324],[121.07499895241493,29.319998514167192],[121.01249900963809,29.319998475494966],[120.94999913413275,29.319998540287337],[120.94999913413275,28.819999543815207]]]}"
00000000000000000745,722,0,,,,,0.0,"{""type"":""Polygon"",""coordinates"":[[[92.44999810524074,29.319998515966933],[92.51249852914931,29.3199985193811],[92.57499898485804,29.31999854567098],[92.63749941016613,29.319998501715276],[92.69999989764378,29.31999846837896],[92.76250031589893,29.31999853081472],[92.82500068828625,29.319998505352228],[92.88750119390302,29.319998470452294],[92.95000155859528,29.319998514059435],[92.95000155859528,29.820001937420187],[92.88750119390302,29.82000193527531],[92.82500068828625,29.82000195602617],[92.76250031589893,29.820002000271458],[92.69999989764378,29.820001989957696],[92.63749941016613,29.820001931694986],[92.57499898485804,29.820002005413933],[92.51249852914931,29.82000195412616],[92.44999810524074,29.820001958936498],[92.44999810524074,29.319998515966933]]]}"
00000000000000000746,723,17,18767.0,8912.882352941177,6255.0,5452.0,151519.0,"{""type"":""Polygon"",""coordinates"":[[[92.95000155859528,29.319998514059435],[93.01250143368392,29.319998460526286],[93.07500131282357,29.319998469573843],[93.13750123617739,29.31999853337654],[93.20000109400037,29.319998470409725],[93.26250093261072,29.31999853807691],[93.32500087852127,29.319998460382433],[93.38750075422621,29.319998499795435],[93.45000061548112,29.319998470349624],[93.45000061548112,29.820001943516374],[93.38750075422621,29.820001930628088],[93.32500087852127,29.820001969501142],[93.26250093261072,29.820001980926605],[93.20000109400037,29.820001968027295],[93.13750123617739,29.82000194130825],[93.07500131282357,29.820001997262985],[93.01250143368392,29.82000196392901],[92.95000155859528,29.820001937420187],[92.95000155859528,29.319998514059435]]]}"
00000000000000000747,724,85,130017.0,14765.258823529412,8571.25,5447.0,1255047.0,"{""type"":""Polygon"",""coordinates"":[[[93.45000061548112,29.319998470349624],[93.51250044422612,29.31999854184287],[93.57500037977225,29.319998525707522],[93.63750025580825,29.31999850680997],[93.70000006298494,29.319998477337283],[93.76249994986544,29.3199985134126],[93.82499983581359,29.31999852028504],[93.88749972037452,29.319998489389285],[93.94999960593937,29.319998500415892],[93.94999960593937,29.82000195791755],[93.88749972037452,29.82000200376174],[93.82499983581359,29.820001946374656],[93.76249994986544,29.820001970985764],[93.70000006298494,29.820001998063034],[93.63750025580825,29.8200019457158],[93.57500037977225,29.820002002818338],[93.51250044422612,29.820002000863568],[93.45000061548112,29.820001943516374],[93.45000061548112,29.319998470349624]]]}"
00000000000000000748,725,225,257861.0,13151.906666666666,8589.842105263158,5449.0,2959179.0,"{""type"":""Polygon"",""coordinates"":[[[93.94999960593937,29.319998500415892],[94.01249949773391,29.319998544329874],[94.07499932581992,29.319998525759193],[94.13749925693915,29.319998518962958],[94.19999907051182,29.319998521409218],[94.26249893896392,29.319998518330735],[94.32499888152411,29.319998499441972],[94.38749868483447,29.31999846189847],[94.44999860844463,29.319998475841793],[94.44999860844463,29.820001976716945],[94.38749868483447,29.820001949294035],[94.32499888152411,29.820002003543593],[94.26249893896392,29.820001981663363],[94.19999907051182,29.820001974654303],[94.13749925693915,29.820001992897907],[94.07499932581992,29.820001963141543],[94.01249949773391,29.8200019760857],[93.94999960593937,29.82000195791755],[93.94999960593937,29.319998500415892]]]}"
00000000000000000749,726,30,68767.0,16179.666666666666,12092.0,5457.0,485390.0,"{""type"":""Polygon"",""coordinates"":[[[94.44999860844463,29.319998475841793],[94.51249899438173,29.319998519548403],[94.57499948033731,29.319998506142937],[94.63749986253082,29.3199985206696],[94.70000033333426,29.319998546064497],[94.76250077256014,29.31999848746333],[94.82500122016097,29.31999850956419],[94.88750163959361,29.319998514383947],[94.95000207588929,29.31999848926961],[94.95000207588929,29.820001942353425],[94.88750163959361,29.82000197974244],[94.82500122016097,29.820001928565986],[94.76250077256014,29.82000197779334],[94.70000033333426,29.820001960864875],[94.63749986253082,29.820001978133615],[94.57499948033731,29.82000194797969],[94.51249899438173,29.820001975745246],[94.44999860844463,29.820001976716945],[94.44999860844463,29.319998475841793]]]}"
0000000000000000074c,729,0,,,,,0.0,"{""type"":""Polygon"",""coordinates"":[[[95.95000002904636,29.319998547532343],[96.0124999376128,29.319998520978903],[96.0749998024979,29.3199985091822],[96.13749971327046,29.319998494286153],[96.1999995190427,29.31999846927496],[96.26249939459098,29.319998500276878],[96.32499927405166,29.31999848779633],[96.38749917454423,29.319998504875635],[96.44999903397962,29.3199985399344],[96.44999903397962,29.82000194268676],[96.38749917454423,29.82000196439188],[96.32499927405166,29.820001941673777],[96.26249939459098,29.82000197414791],[96.1999995190427,29.820001989219318],[96.13749971327046,29.82000199820586],[96.0749998024979,29.820001935478572],[96.0124999376128,29.820001984054084],[95.95000002904636,29.820001985997905],[95.95000002904636,29.319998547532343]]]}"
0000000000000000074d,730,0,,,,,0.0,"{""type"":""Polygon"",""coordinates"":[[[96.44999903397962,29.3199985399344],[96.51249895477366,29.319998485114535],[96.57499879736615,29.3199985088337],[96.63749866822066,29.319998502692474],[96.69999859455561,29.31999853837044],[96.7624984422432,29.319998519085214],[96.82499832387141,29.31999851197516],[96.88749819066588,29.319998503925717],[96.94999807748074,29.31999847741725],[96.94999807748074,29.820001973911676],[96.88749819066588,29.820001947022842],[96.82499832387141,29.820001925786066],[96.7624984422432,29.820001927883382],[96.69999859455561,29.820001966545625],[96.63749866822066,29.82000197514114],[96.57499879736615,29.82000196229647],[96.51249895477366,29.82000194469481],[96.44999903397962,29.82000194268676],[96.44999903397962,29.3199985399344]]]}"
0000000000000000074e,731,6,17139.0,9993.333333333334,7787.5,6228.0,59960.0,"{""type"":""Polygon"",""coordinates"":[[[96.94999807748074,29.31999847741725],[97.01249851320925,29.31999847694336],[97.07499896351545,29.3199985139998],[97.13749938684082,29.31999848644804],[97.19999982553391,29.31999846388114],[97.26250024159937,29.31999852000535],[97.32500068108597,29.319998459421498],[97.38750110952894,29.31999853162297],[97.45000149410335,29.31999854527173],[97.45000149410335,29.820001989319188],[97.38750110952894,29.820002001011556],[97.32500068108597,29.820001976841223],[97.26250024159937,29.82000193200678],[97.19999982553391,29.82000196937275],[97.13749938684082,29.820001932563535],[97.07499896351544,29.82000192396943],[97.01249851320925,29.820001962339706],[96.94999807748074,29.820001973911676],[96.94999807748074,29.31999847741725]]]}"
0000000000000000074f,732,27,24989.0,10303.592592592593,7804.0,3447.0,278197.0,"{""type"":""Polygon"",""coordinates"":[[[97.45000149410335,29.31999854527173],[97.51250139054343,29.319998508386757],[97.57500126430105,29.31999846612565],[97.63750117042193,29.31999848608024],[97.7000010001831,29.31999846885782],[97.76250089490264,29.31999847674392],[97.8250007491285,29.31999849799514],[97.88750062481778,29.319998511019843],[97.95000050266914,29.319998498807646],[97.95000050266914,29.820001999821777],[97.88750062481778,29.820001952783663],[97.8250007491285,29.820001989057317],[97.76250089490264,29.820001950308964],[97.7000010001831,29.820001946075028],[97.63750117042193,29.820001988196694],[97.57500126430105,29.820001927151452],[97.51250139054343,29.820001949890752],[97.45000149410335,29.820001989319188],[97.45000149410335,29.31999854527173]]]}"
00000000000000000750,733,94,53159.0,12351.734042553191,8584.75,5458.0,1161063.0,"{""type"":""Polygon"",""coordinates"":[[[97.95000050266914,29.319998498807646],[98.01250036495357,29.319998532175333],[98.07500027878137,29.31999850060742],[98.13750014641614,29.319998479440464],[98.20000003821951,29.31999853367071],[98.2624998594054,29.31999847423494],[98.32499976711529,29.319998536359698],[98.38749966969705,29.3199985305017],[98.44999956043617,29.319998525728405],[98.44999956043615,29.82000199070298],[98.38749966969705,29.82000195419728],[98.32499976711529,29.82000193764553],[98.2624998594054,29.820001960143912],[98.20000003821951,29.82000194767488],[98.13750014641614,29.820001929266294],[98.07500027878137,29.820002005792055],[98.01250036495357,29.820001937324122],[97.95000050266914,29.820001999821777],[97.95000050266914,29.319998498807646]]]}"
00000000000000000751,734,76,62518.0,12331.526315789473,9374.0,5460.0,937196.0,"{""type"":""Polygon"",""coordinates"":[[[98.44999956043617,29.319998525728405],[98.51249943413173,29.319998502882964],[98.57499928708933,29.319998530519236],[98.63749911711376,29.319998501044438],[98.69999900747618,29.319998477028484],[98.76249887512004,29.31999853164128],[98.82499880641362,29.31999846307852],[98.88749863693162,29.319998525521033],[98.94999854015231,29.3199985110513],[98.94999854015231,29.820001992343265],[98.88749863693162,29.820001998611264],[98.82499880641363,29.82000194506733],[98.76249887512004,29.82000195171564],[98.69999900747618,29.82000194056909],[98.63749911711376,29.8200019378347],[98.57499928708933,29.82000195838229],[98.51249943413173,29.82000194018346],[98.44999956043615,29.82000199070298],[98.44999956043617,29.319998525728405]]]}"
00000000000000000752,735,72,180148.0,18705.930555555555,9760.7,5452.0,1346827.0,"{""type"":""Polygon"",""coordinates"":[[[98.94999854015231,29.3199985110513],[99.01249894448146,29.31999854558674],[99.07499935293878,29.319998465650382],[99.13749985949617,29.319998507330734],[99.2000002217807,29.319998490310404],[99.26250070551194,29.319998462787826],[99.32500115540873,29.31999850177811],[99.38750158649148,29.319998496760924],[99.45000201518567,29.31999851258029],[99.45000201518567,29.820001931950124],[99.3875015864915,29.820001957754336],[99.32500115540873,29.820001931626948],[99.26250070551194,29.820001964258157],[99.2000002217807,29.82000199102494],[99.13749985949617,29.820001935265125],[99.07499935293878,29.820001924554543],[99.01249894448146,29.820001963510766],[98.94999854015231,29.820001992343265],[98.94999854015231,29.3199985110513]]]}"
00000000000000000753,736,82,182637.0,18570.60975609756,9743.75,5452.0,1522790.0,"{""type"":""Polygon"",""coordinates"":[[[99.45000201518567,29.31999851258029],[99.5125018654743,29.319998480666058],[99.57500174951723,29.319998511202286],[99.63750160295518,29.3199984987144],[99.70000144757573,29.319998506969196],[99.76250139162286,29.31999850540328],[99.82500120435228,29.319998488161254],[99.88750108168577,29.31999850564968],[99.95000096556808,29.319998539017494],[99.95000096556808,29.820001955932433],[99.88750108168577,29.82000194248254],[99.82500120435228,29.820001957463354],[99.76250139162286,29.820001932447013],[99.70000144757573,29.82000199255488],[99.63750160295518,29.820001968776996],[99.57500174951721,29.820001979402196],[99.5125018654743,29.820001961184364],[99.45000201518567,29.820001931950124],[99.45000201518567,29.31999851258029]]]}"
00000000000000000754,737,13,28038.0,10734.615384615385,7010.0,5449.0,139550.0,"{""type"":""Polygon"",""coordinates"":[[[99.95000096556808,29.319998539017494],[100.01250088437155,29.319998475162606],[100.07500069700846,29.319998476739418],[100.13750060505761,29.319998504922115],[100.20000046983237,29.319998546487067],[100.26250032462946,29.31999848738137],[100.32500020405068,29.319998476201686],[100.38750014399517,29.31999848587669],[100.45000001014012,29.31999850251977],[100.45000001014012,29.82000191839078],[100.38750014399517,29.820001918484653],[100.32500020405068,29.820001935886445],[100.26250032462947,29.82000198458905],[100.20000046983237,29.820002004548485],[100.13750060505761,29.820001935352277],[100.07500069700846,29.820001978372645],[100.01250088437155,29.820001972179114],[99.95000096556808,29.820001955932433],[99.95000096556808,29.319998539017494]]]}"
00000000000000000755,738,13,149089.0,23713.846153846152,11702.0,5463.0,308280.0,"{""type"":""Polygon"",""coordinates"":[[[100.45000001014012,29.31999850251977],[100.5124998406031,29.31999849869032],[100.57499976065216,29.31999852736807],[100.63749963926456,29.31999848648673],[100.69999951819264,29.319998522891687],[100.76249935439841,29.31999852731736],[100.8249992780695,29.31999846387922],[100.88749907622298,29.319998499530406],[100.94999896751168,29.319998503178876],[100.94999896751168,29.820001944697577],[100.88749907622298,29.820001973742055],[100.8249992780695,29.820001978625907],[100.76249935439841,29.82000200330128],[100.69999951819264,29.820001968689745],[100.63749963926456,29.820001998287417],[100.57499976065216,29.820001939414567],[100.5124998406031,29.820001995216693],[100.45000001014012,29.82000191839078],[100.45000001014012,29.31999850251977]]]}"
00000000000000000756,739,0,,,,,0.0,"{""type"":""Polygon"",""coordinates"":[[[100.94999896751168,29.319998503178876],[101.01249882717765,29.31999854675004],[101.07499870389056,29.319998512732216],[101.13749864753342,29.319998458273467],[101.19999844987971,29.31999846204282],[101.26249833570857,29.319998478640493],[101.32499827178705,29.319998484141273],[101.38749813924753,29.31999846189588],[101.44999799327965,29.31999846769418],[101.44999799327965,29.820001978846353],[101.38749813924753,29.82000195458571],[101.32499827178705,29.820001963537553],[101.26249833570857,29.820001950499474],[101.19999844987971,29.820001932250264],[101.13749864753342,29.82000193292111],[101.07499870389056,29.820001998343102],[101.01249882717767,29.820001962995256],[100.94999896751168,29.820001944697577],[100.94999896751168,29.319998503178876]]]}"
00000000000000000757,740,0,,,,,0.0,"{""type"":""Polygon"",""coordinates"":[[[101.44999799327965,29.31999846769418],[101.51249841049612,29.31999851166956],[101.57499884204753,29.319998526276244],[101.63749925963809,29.319998486533],[101.6999997227788,29.319998534316387],[101.7625001182872,29.319998477094913],[101.8250005946132,29.319998535787516],[101.88750104047836,29.31999851745677],[101.95000143238939,29.319998483320386],[101.95000143238939,29.82000193721532],[101.88750104047836,29.820001923512898],[101.8250005946132,29.820001983692965],[101.7625001182872,29.82000197005853],[101.6999997227788,29.82000198802918],[101.63749925963809,29.82000199207548],[101.57499884204753,29.82000200013495],[101.51249841049612,29.820001958289097],[101.44999799327965,29.820001978846353],[101.44999799327965,29.31999846769418]]]}"
00000000000000000758,741,18,17910.0,9736.611111111111,8962.0,5452.0,175259.0,"{""type"":""Polygon"",""coordinates"":[[[101.95000143238939,29.319998483320386],[102.01250131215058,29.31999853392605],[102.07500118037699,29.319998508375097],[102.13750110367965,29.319998459074704],[102.20000097521849,29.319998541353353],[102.26250086349057,29.319998458033073],[102.32500066333235,29.31999853856583],[102.38750053252556,29.319998477121107],[102.45000045517783,29.319998507103435],[102.45000045517783,29.820001962853784],[102.38750053252556,29.820001963814637],[102.32500066333235,29.82000196864022],[102.26250086349057,29.820001918897184],[102.20000097521849,29.820001946069933],[102.13750110367965,29.82000198290731],[102.07500118037699,29.820001978181388],[102.01250131215058,29.820001951212923],[101.95000143238939,29.82000193721532],[101.95000143238939,29.319998483320386]]]}"
00000000000000000759,742,32,34376.0,10381.625,7515.0,5464.0,332212.0,"{""type"":""Polygon"",""coordinates"":[[[102.45000045517783,29.319998507103435],[102.51250032874732,29.319998521118777],[102.57500022649201,29.31999848229643],[102.63750004749501,29.319998544439553],[102.69999995447873,29.319998487371343],[102.76249984827193,29.31999846436515],[102.82499971810891,29.31999853291735],[102.88749955406026,29.319998488977447],[102.94999943487058,29.319998468073315],[102.94999943487058,29.820001971857184],[102.88749955406026,29.820001951966866],[102.82499971810891,29.82000195174191],[102.76249984827193,29.820001923422204],[102.69999995447873,29.82000198392489],[102.63750004749501,29.820001989457058],[102.57500022649201,29.8200019611944],[102.51250032874732,29.820001945426807],[102.45000045517783,29.820001962853784],[102.45000045517783,29.319998507103435]]]}"
0000000000000000075a,743,1465,629435.0,14034.836860068259,9902.910979228487,4752.0,2.0561036E7,"{""type"":""Polygon"",""coordinates"":[[[102.94999943487058,29.319998468073315],[103.01249935240315,29.31999852681519],[103.07499921140636,29.319998469114438],[103.13749909321939,29.319998516588154],[103.19999899214639,29.319998463995308],[103.26249881522786,29.319998462852382],[103.3249987344573,29.319998463817],[103.38749857035549,29.319998539736073],[103.44999840847325,29.319998475667116],[103.44999840847325,29.820001970114514],[103.38749857035549,29.82000194603683],[103.3249987344573,29.820001949495563],[103.26249881522786,29.8200019351923],[103.19999899214639,29.82000191733693],[103.13749909321939,29.820001945728894],[103.07499921140635,29.820001956372572],[103.01249935240315,29.82000198070074],[102.94999943487058,29.820001971857184],[102.94999943487058,29.319998468073315]]]}"
0000000000000000075b,744,541,315408.0,18059.349353049907,9273.02380952381,3800.0,9770108.0,"{""type"":""Polygon"",""coordinates"":[[[103.44999840847325,29.319998475667116],[103.51249886474936,29.31999852367686],[103.57499932114563,29.3199985398916],[103.6374997774681,29.319998491435385],[103.70000014592347,29.319998528174906],[103.762500604532,29.319998511442144],[103.8250010670569,29.319998503606783],[103.88750144784625,29.319998480081384],[103.95000192741529,29.319998474888028],[103.95000192741529,29.82000195790521],[103.88750144784625,29.820001940905968],[103.8250010670569,29.82000193251283],[103.76250060453198,29.820001986067407],[103.70000014592347,29.820001953209808],[103.6374997774681,29.820001945232285],[103.57499932114563,29.820001927780975],[103.51249886474936,29.820001925006785],[103.44999840847325,29.820001970114514],[103.44999840847325,29.319998475667116]]]}"
0000000000000000075c,745,228,368157.0,22287.004385964912,9379.138888888889,5456.0,5081437.0,"{""type"":""Polygon"",""coordinates"":[[[103.95000192741529,29.319998474888028],[104.01250180165823,29.319998528914795],[104.07500169504861,29.319998542064962],[104.13750152472561,29.319998488914546],[104.2000013857669,29.319998498346337],[104.2625012853988,29.319998534806448],[104.32500114279593,29.319998485436827],[104.38750105528894,29.31999847807372],[104.450000943384,29.319998486128586],[104.450000943384,29.820001934833556],[104.38750105528894,29.820001994670978],[104.32500114279593,29.82000197066246],[104.2625012853988,29.820001976005383],[104.2000013857669,29.820001970331834],[104.13750152472561,29.820001979974577],[104.07500169504861,29.820001954292852],[104.01250180165823,29.82000193837907],[103.95000192741529,29.82000195790521],[103.95000192741529,29.319998474888028]]]}"
0000000000000000075d,746,77,170696.0,16168.701298701299,10913.0,5458.0,1244990.0,"{""type"":""Polygon"",""coordinates"":[[[104.450000943384,29.319998486128586],[104.512500817009,29.319998473127637],[104.57500068678307,29.319998489003602],[104.6375005640113,29.319998496717357],[104.70000037169314,29.31999846893749],[104.76250030042463,29.319998521443857],[104.825000185528,29.319998463104614],[104.88750004089037,29.319998515716446],[104.94999988105903,29.319998467798698],[104.94999988105903,29.820001983095718],[104.88750004089037,29.820001957850714],[104.825000185528,29.82000198870423],[104.76250030042463,29.820001941705545],[104.70000037169314,29.82000194150344],[104.6375005640113,29.820001919800784],[104.57500068678307,29.82000193462328],[104.512500817009,29.820001927182446],[104.450000943384,29.820001934833556],[104.450000943384,29.319998486128586]]]}"
0000000000000000075e,747,3,9341.0,8073.0,9339.0,5539.0,24219.0,"{""type"":""Polygon"",""coordinates"":[[[104.94999988105903,29.319998467798698],[105.01249981039842,29.31999853025445],[105.07499966646854,29.319998511457506],[105.1374995548915,29.31999853515924],[105.19999940353478,29.319998485741912],[105.26249931936047,29.319998486198426],[105.3249991420986,29.31999851735737],[105.38749906929306,29.319998518160798],[105.44999894178211,29.319998469084663],[105.44999894178211,29.8200019268042],[105.38749906929306,29.820001963216367],[105.3249991420986,29.820001930087226],[105.26249931936047,29.820001933245447],[105.19999940353478,29.820001948164386],[105.1374995548915,29.82000199413692],[105.07499966646854,29.820001949205967],[105.01249981039842,29.820001928921712],[104.94999988105903,29.820001983095718],[104.94999988105903,29.319998467798698]]]}"
0000000000000000075f,748,273,87257.0,11066.300366300366,7793.565217391304,5451.0,3021100.0,"{""type"":""Polygon"",""coordinates"":[[[105.44999894178211,29.319998469084663],[105.51249877961354,29.31999850233101],[105.57499869290272,29.31999847987902],[105.63749852402003,29.31999846812865],[105.69999838424833,29.319998501288012],[105.76249829603358,29.319998537479417],[105.82499819282427,29.31999845907199],[105.88749800852842,29.31999849360334],[105.94999794643947,29.319998490379955],[105.94999794643947,29.820001964091013],[105.88749800852842,29.820001958841527],[105.82499819282427,29.820001978120242],[105.76249829603358,29.820002000893687],[105.69999838424833,29.820001972807972],[105.63749852402003,29.820001925424094],[105.57499869290272,29.820001987066476],[105.51249877961354,29.82000195211884],[105.44999894178211,29.8200019268042],[105.44999894178211,29.319998469084663]]]}"
00000000000000000760,749,11,28035.0,11479.454545454546,7815.0,5450.0,126274.0,"{""type"":""Polygon"",""coordinates"":[[[105.94999794643947,29.319998490379955],[106.01249839000212,29.319998534909534],[106.07499873697631,29.31999848792381],[106.13749919243547,29.319998542727127],[106.19999960320456,29.319998505243305],[106.26250008579031,29.319998492838774],[106.32500048791435,29.31999848360976],[106.3875009271412,29.319998508059975],[106.45000134194315,29.3199985326625],[106.45000134194315,29.820001931447816],[106.3875009271412,29.820001934031605],[106.32500048791435,29.820001995153422],[106.26250008579031,29.820001976871772],[106.19999960320456,29.820001935322768],[106.13749919243547,29.82000197847839],[106.07499873697631,29.820001990101527],[106.01249839000212,29.820001991943716],[105.94999794643947,29.820001964091013],[105.94999794643947,29.319998490379955]]]}"
00000000000000000761,750,3,18724.0,16127.666666666666,17163.0,12496.0,48383.0,"{""type"":""Polygon"",""coordinates"":[[[106.45000134194315,29.3199985326625],[106.51250122173896,29.319998494576357],[106.57500113489608,29.319998539154845],[106.63750102130584,29.31999846003237],[106.70000091124314,29.319998469633703],[106.76250074549382,29.319998533334427],[106.82500064529452,29.319998507150817],[106.88750046233555,29.319998539682626],[106.95000040889545,29.31999847466156],[106.95000040889545,29.820001986125433],[106.88750046233555,29.82000197240305],[106.82500064529452,29.82000200108367],[106.76250074549382,29.820001971674806],[106.70000091124314,29.820001993532326],[106.63750102130584,29.820001953636034],[106.57500113489608,29.82000197261824],[106.51250122173896,29.820001925133386],[106.45000134194315,29.820001931447816],[106.45000134194315,29.3199985326625]]]}"
00000000000000000762,751,11,92893.0,20007.454545454544,7037.0,5452.0,220082.0,"{""type"":""Polygon"",""coordinates"":[[[106.95000040889545,29.31999847466156],[107.01250024745117,29.319998471922535],[107.07500010115804,29.31999847228679],[107.13750000360176,29.319998513863876],[107.19999989867381,29.3199984745085],[107.26249973064182,29.319998489679254],[107.32499962457192,29.319998498827218],[107.38749952560921,29.31999846503287],[107.44999937926345,29.319998522903436],[107.44999937926345,29.82000197943294],[107.38749952560921,29.82000194285156],[107.32499962457192,29.820001962014125],[107.2624997306418,29.820001988764478],[107.19999989867381,29.820001974759446],[107.13750000360176,29.820001981079756],[107.07500010115805,29.82000195877277],[107.01250024745117,29.820001944365984],[106.95000040889545,29.820001986125433],[106.95000040889545,29.31999847466156]]]}"
00000000000000000763,752,163,203915.0,15793.558282208589,9800.5625,5453.0,2574350.0,"{""type"":""Polygon"",""coordinates"":[[[107.44999937926345,29.319998522903436],[107.51249922168425,29.319998537225754],[107.57499908946542,29.31999854411539],[107.63749901963907,29.319998493545658],[107.69999886898934,29.31999853127554],[107.76249876564697,29.31999850876405],[107.8249986574864,29.319998473254348],[107.88749849272108,29.319998471796485],[107.94999840073855,29.319998526233885],[107.94999840073855,29.82000191776823],[107.88749849272108,29.820001933109452],[107.82499865748639,29.820001964041637],[107.76249876564697,29.820001989568308],[107.69999886898934,29.82000196322383],[107.63749901963907,29.820001923815816],[107.57499908946542,29.820001934718935],[107.51249922168424,29.820001936423097],[107.44999937926345,29.82000197943294],[107.44999937926345,29.319998522903436]]]}"
00000000000000000764,753,27,45206.0,11513.407407407407,8572.0,5450.0,310862.0,"{""type"":""Polygon"",""coordinates"":[[[107.94999840073855,29.319998526233885],[108.01249878272381,29.319998534521503],[108.07499922645421,29.319998506958896],[108.13749968162853,29.319998489495443],[108.20000009826589,29.31999852788303],[108.26250051721281,29.319998483822],[108.3250009796999,29.319998475372604],[108.387501436792,29.31999846194808],[108.45000183986016,29.319998488332374],[108.45000183986016,29.82000194202919],[108.387501436792,29.820001984962715],[108.32500097969988,29.82000193800511],[108.26250051721281,29.8200019274307],[108.20000009826589,29.820001994196655],[108.13749968162853,29.82000193601867],[108.07499922645421,29.82000197666921],[108.01249878272381,29.820001985705115],[107.94999840073855,29.82000191776823],[107.94999840073855,29.319998526233885]]]}"
00000000000000000765,754,88,456143.0,27398.920454545456,10402.469230769231,5449.0,2411105.0,"{""type"":""Polygon"",""coordinates"":[[[108.45000183986016,29.319998488332374],[108.51250168769621,29.31999849292034],[108.57500156618424,29.31999851541497],[108.63750142769644,29.319998514337968],[108.70000131552,29.319998520397967],[108.76250118265287,29.319998491667285],[108.8250010730305,29.319998543621843],[108.88750094026051,29.319998548480097],[108.95000082890888,29.319998535764533],[108.95000082890888,29.82000198968047],[108.88750094026051,29.82000193594386],[108.8250010730305,29.82000198570872],[108.76250118265287,29.820001940141616],[108.70000131551998,29.82000192705645],[108.63750142769644,29.820002002279566],[108.57500156618424,29.82000195271156],[108.51250168769621,29.820002003854466],[108.45000183986016,29.82000194202919],[108.45000183986016,29.319998488332374]]]}"
00000000000000000766,755,285,313403.0,22005.277192982456,11413.541666666666,4275.0,6271504.0,"{""type"":""Polygon"",""coordinates"":[[[108.95000082890888,29.319998535764533],[109.01250069317662,29.319998547935967],[109.07500057824282,29.31999852858273],[109.13750043888552,29.319998519666065],[109.20000032087941,29.319998464218738],[109.26250017956323,29.31999848890645],[109.32500006128967,29.319998536138254],[109.38749992194201,29.319998476478972],[109.44999980843326,29.31999850733034],[109.44999980843326,29.820001931104763],[109.38749992194201,29.82000199262541],[109.32500006128967,29.82000200565425],[109.26250017956323,29.820001943897207],[109.20000032087941,29.82000193690105],[109.13750043888552,29.820001957829863],[109.07500057824282,29.820001965904744],[109.01250069317662,29.820001933618634],[108.95000082890888,29.82000198968047],[108.95000082890888,29.319998535764533]]]}"
00000000000000000767,756,57,46757.0,10375.438596491229,7035.0,5450.0,591400.0,"{""type"":""Polygon"",""coordinates"":[[[109.44999980843326,29.31999850733034],[109.51249967717493,29.319998498773],[109.57499957562284,29.31999847725669],[109.63749946070045,29.31999848265516],[109.69999938038876,29.31999845569288],[109.76249920127421,29.31999853469411],[109.82499906265929,29.319998475905823],[109.88749892244346,29.319998488211084],[109.94999882960634,29.319998511134894],[109.94999882960636,29.82000198688654],[109.88749892244346,29.82000199974622],[109.82499906265929,29.82000196441567],[109.76249920127421,29.820001941861342],[109.69999938038876,29.820001978693245],[109.63749946070045,29.82000197977957],[109.57499957562284,29.820001977112618],[109.51249967717493,29.820001945686613],[109.44999980843326,29.820001931104763],[109.44999980843326,29.31999850733034]]]}"
00000000000000000768,757,15,15609.0,8163.266666666666,6248.0,5450.0,122449.0,"{""type"":""Polygon"",""coordinates"":[[[109.94999882960634,29.319998511134894],[110.01249874251052,29.319998498009134],[110.07499861973156,29.319998486952382],[110.13749851093976,29.319998501635514],[110.19999837515131,29.319998494723883],[110.26249826248451,29.319998489272106],[110.32499813237996,29.31999852229412],[110.38749794447425,29.319998545785193],[110.44999784043416,29.319998482662417],[110.44999784043416,29.82000194012994],[110.38749794447425,29.82000193860388],[110.32499813237996,29.820001955867372],[110.26249826248451,29.82000198523961],[110.19999837515131,29.82000199056448],[110.13749851093975,29.820001935464546],[110.07499861973156,29.820001966928672],[110.01249874251052,29.82000196347435],[109.94999882960636,29.82000198688654],[109.94999882960634,29.319998511134894]]]}"
00000000000000000769,758,0,,,,,0.0,"{""type"":""Polygon"",""coordinates"":[[[110.44999784043416,29.319998482662417],[110.5124982349368,29.319998550752025],[110.57499872458666,29.319998504461125],[110.63749917888184,29.319998478788214],[110.69999955841789,29.319998509259175],[110.76250000585576,29.319998517077977],[110.82500048216698,29.319998537098385],[110.88750085753803,29.31999853415991],[110.95000127517434,29.319998513149077],[110.95000127517434,29.82000196181836],[110.88750085753803,29.8200019463189],[110.82500048216698,29.820001928083713],[110.76250000585576,29.820001987629936],[110.69999955841789,29.82000199167464],[110.63749917888184,29.82000199043214],[110.57499872458666,29.820001978993904],[110.5124982349368,29.820002006944677],[110.44999784043416,29.82000194012994],[110.44999784043416,29.319998482662417]]]}"
0000000000000000076a,759,25,32055.0,12465.2,8601.0,5453.0,311630.0,"{""type"":""Polygon"",""coordinates"":[[[110.95000127517434,29.319998513149077],[111.012501150796,29.319998513112214],[111.07500108272143,29.319998464116996],[111.13750094178911,29.319998499267093],[111.2000007809136,29.319998467944636],[111.26250065316742,29.319998472694266],[111.3250005208042,29.319998546262863],[111.38750043719087,29.31999853712654],[111.45000027388987,29.319998492836223],[111.45000027388987,29.820001955736174],[111.38750043719087,29.820001948196083],[111.3250005208042,29.820001999772416],[111.26250065316742,29.82000197937551],[111.2000007809136,29.820001954648482],[111.13750094178911,29.820001977731327],[111.07500108272143,29.820001947245288],[111.012501150796,29.820001929847884],[110.95000127517434,29.82000196181836],[110.95000127517434,29.319998513149077]]]}"
0000000000000000076b,760,132,71077.0,12037.401515151516,7807.727272727273,4100.0,1588937.0,"{""type"":""Polygon"",""coordinates"":[[[111.45000027388987,29.319998492836223],[111.51250017551725,29.31999849934685],[111.57500001390144,29.319998519287832],[111.63749993392162,29.319998469129448],[111.69999980765746,29.319998479775236],[111.76249968925852,29.31999848244872],[111.82499954201671,29.31999850784422],[111.8874994203104,29.319998486603957],[111.94999928765343,29.319998533081645],[111.94999928765343,29.82000200453006],[111.8874994203104,29.82000193767124],[111.82499954201671,29.820001942432892],[111.76249968925852,29.820001989469905],[111.69999980765746,29.82000198081278],[111.63749993392162,29.820001970468606],[111.57500001390144,29.820001943771206],[111.51250017551725,29.820001938770687],[111.45000027388987,29.820001955736174],[111.45000027388987,29.319998492836223]]]}"
0000000000000000076c,761,12,37412.0,11431.916666666666,6624.0,5455.0,137183.0,"{""type"":""Polygon"",""coordinates"":[[[111.94999928765343,29.319998533081645],[112.0124991986357,29.319998493095554],[112.07499902601046,29.319998496166672],[112.13749891553334,29.31999854016268],[112.19999883111501,29.319998485842508],[112.26249864580134,29.319998546098695],[112.3249985965618,29.319998533634017],[112.38749846565608,29.319998508544316],[112.44999830829926,29.319998482950666],[112.44999830829926,29.820001927107672],[112.38749846565608,29.820001925598337],[112.3249985965618,29.820001921850842],[112.26249864580134,29.820001988450194],[112.19999883111501,29.820001981980425],[112.13749891553334,29.82000200659188],[112.07499902601046,29.82000193431853],[112.0124991986357,29.820001988479458],[111.94999928765343,29.82000200453006],[111.94999928765343,29.319998533081645]]]}"
0000000000000000076d,762,4,7794.0,6236.25,5847.0,5457.0,24945.0,"{""type"":""Polygon"",""coordinates"":[[[112.44999830829926,29.319998482950666],[112.51249872542826,29.31999853991429],[112.57499913573395,29.31999855084637],[112.63749959462092,29.319998526806597],[112.70000006661674,29.319998494665985],[112.76250042539426,29.319998497350582],[112.82500090837965,29.319998512398854],[112.88750129843872,29.319998514651616],[112.95000174215942,29.319998497253586],[112.95000174215942,29.820001990812322],[112.88750129843874,29.820001940639358],[112.82500090837965,29.820001946399362],[112.76250042539426,29.82000193254596],[112.70000006661674,29.820001924379785],[112.63749959462092,29.82000194563281],[112.57499913573395,29.820001953965882],[112.51249872542826,29.82000200695142],[112.44999830829926,29.820001927107672],[112.44999830829926,29.319998482950666]]]}"
0000000000000000076e,763,102,213050.0,14686.28431372549,7807.307692307692,4561.0,1498001.0,"{""type"":""Polygon"",""coordinates"":[[[112.95000174215942,29.319998497253586],[113.01250165895985,29.319998500836768],[113.07500155915373,29.319998536147253],[113.13750140764363,29.319998460797063],[113.20000126025225,29.319998534130796],[113.2625011728133,29.31999851284317],[113.32500101945124,29.319998521467028],[113.3875008560576,29.319998483643598],[113.45000073852206,29.319998489832862],[113.45000073852206,29.820001991548125],[113.3875008560576,29.820002007362415],[113.32500101945124,29.82000196949143],[113.2625011728133,29.820001955367815],[113.20000126025225,29.820001958696913],[113.13750140764363,29.820001939243145],[113.07500155915373,29.820001973597062],[113.01250165895985,29.82000197106259],[112.95000174215942,29.820001990812322],[112.95000174215942,29.319998497253586]]]}"
0000000000000000076f,764,285,152410.0,17447.21052631579,9634.166666666666,5456.0,4972455.0,"{""type"":""Polygon"",""coordinates"":[[[113.45000073852206,29.319998489832862],[113.51250063189646,29.31999847974345],[113.57500050125826,29.3199984764732],[113.63750040251857,29.319998485915622],[113.70000030076775,29.319998530553033],[113.76250016111256,29.31999846576054],[113.82500003945233,29.319998463415843],[113.88749990088554,29.319998461768837],[113.94999980127372,29.319998465085902],[113.94999980127372,29.820001937019413],[113.88749990088554,29.82000193088641],[113.82500003945235,29.820001992203593],[113.76250016111256,29.820001951421204],[113.70000030076775,29.820001953901617],[113.63750040251857,29.820001995703016],[113.57500050125826,29.820001972111477],[113.51250063189647,29.820001944608723],[113.45000073852206,29.820001991548125],[113.45000073852206,29.319998489832862]]]}"
00000000000000000770,765,197,190976.0,15804.680203045686,9742.52,5449.0,3113522.0,"{""type"":""Polygon"",""coordinates"":[[[113.94999980127372,29.319998465085902],[114.01249961494779,29.31999851172471],[114.07499948848324,29.319998504776535],[114.13749938691707,29.319998464806115],[114.19999927528013,29.319998495388184],[114.26249911859477,29.319998533317943],[114.32499906323218,29.319998480262967],[114.3874988927758,29.319998473903322],[114.44999875351041,29.31999849843351],[114.44999875351041,29.82000198628397],[114.3874988927758,29.820001986719344],[114.32499906323218,29.82000199073771],[114.26249911859477,29.820001932354728],[114.19999927528013,29.820001923416903],[114.13749938691707,29.820001980301214],[114.07499948848324,29.820002000752638],[114.01249961494779,29.820001965225376],[113.94999980127372,29.820001937019413],[113.94999980127372,29.319998465085902]]]}"
00000000000000000771,766,1189,881752.0,21037.804037005888,10029.077821011673,5460.0,2.5013949E7,"{""type"":""Polygon"",""coordinates"":[[[114.44999875351041,29.31999849843351],[114.51249861031246,29.319998489613702],[114.57499851865738,29.319998531542957],[114.63749835271804,29.31999849411585],[114.69999825847623,29.31999852612581],[114.76249811002621,29.31999849706274],[114.82499805317266,29.31999847183697],[114.8874978713726,29.31999850342867],[114.94999780081427,29.31999847214613],[114.94999780081427,29.820001924760636],[114.8874978713726,29.820001980152917],[114.82499805317266,29.82000193865253],[114.76249811002621,29.820002003762013],[114.69999825847623,29.820001957504072],[114.63749835271804,29.820001984659324],[114.57499851865737,29.82000196755015],[114.51249861031246,29.82000200750887],[114.44999875351041,29.82000198628397],[114.44999875351041,29.31999849843351]]]}"
00000000000000000772,767,548,294548.0,20733.049270072992,11240.361111111111,5463.0,1.1361711E7,"{""type"":""Polygon"",""coordinates"":[[[114.94999780081427,29.31999847214613],[115.01249816795351,29.31999848821242],[115.0749986654598,29.31999845576378],[115.13749907662935,29.31999850985027],[115.19999954668145,29.31999846447597],[115.26249994931185,29.3199985189887],[115.32500033907466,29.319998504975796],[115.38750077038793,29.3199985019561],[115.45000120714293,29.319998524595334],[115.45000120714293,29.82000193328932],[115.38750077038793,29.8200019913514],[115.32500033907466,29.820001951626892],[115.26249994931185,29.820001965160387],[115.19999954668145,29.820001953782537],[115.13749907662935,29.82000192133674],[115.0749986654598,29.820001917285342],[115.01249816795351,29.82000196321309],[114.94999780081427,29.820001924760636],[114.94999780081427,29.31999847214613]]]}"
00000000000000000773,768,221,137484.0,20904.782805429862,11723.0,5466.0,4619957.0,"{""type"":""Polygon"",""coordinates"":[[[115.45000120714293,29.319998524595334],[115.51250107096507,29.319998532504922],[115.57500095838192,29.319998494313754],[115.63750083301515,29.319998506527014],[115.70000074871464,29.31999848161903],[115.76250057859622,29.31999853403437],[115.82500046656986,29.319998474591518],[115.887500375804,29.31999848103097],[115.95000026937656,29.319998483290092],[115.95000026937656,29.82000198567233],[115.887500375804,29.8200019281463],[115.82500046656986,29.82000198282282],[115.76250057859622,29.820001973684317],[115.70000074871464,29.820001971133696],[115.63750083301515,29.820002000540462],[115.57500095838192,29.8200019483413],[115.51250107096507,29.82000198517566],[115.45000120714293,29.82000193328932],[115.45000120714293,29.319998524595334]]]}"
00000000000000000774,769,108,37493.0,9925.907407407407,7802.25,5459.0,1071998.0,"{""type"":""Polygon"",""coordinates"":[[[115.95000026937656,29.319998483290092],[116.01250011027291,29.319998493609752],[116.07499995156216,29.319998505159237],[116.13749984612735,29.319998510688137],[116.1999997565261,29.319998521463035],[116.26249964521116,29.31999846622383],[116.32499947452831,29.319998520403463],[116.38749938684246,29.31999849186051],[116.44999925409569,29.319998492085293],[116.44999925409569,29.82000199106556],[116.38749938684246,29.820001943086613],[116.32499947452831,29.820001950388626],[116.26249964521116,29.82000198448464],[116.1999997565261,29.820001992193834],[116.13749984612735,29.820001963521864],[116.07499995156216,29.820001970364746],[116.01250011027291,29.820002002358066],[115.95000026937656,29.82000198567233],[115.95000026937656,29.319998483290092]]]}"
00000000000000000775,770,69,105410.0,15772.536231884058,9382.0,5454.0,1088305.0,"{""type"":""Polygon"",""coordinates"":[[[116.44999925409569,29.319998492085293],[116.51249912824201,29.319998511886627],[116.57499897102883,29.319998478729115],[116.63749883404937,29.319998547055334],[116.69999876867364,29.319998460216325],[116.76249864621,29.319998492572758],[116.82499851772049,29.319998469136824],[116.8874983441674,29.3199984801918],[116.94999826605553,29.319998494704812],[116.94999826605553,29.820001984306117],[116.8874983441674,29.82000199087739],[116.82499851772049,29.820001937551716],[116.76249864621,29.820001938383047],[116.69999876867364,29.82000198608621],[116.63749883404937,29.820001928915218],[116.57499897102883,29.820001985033333],[116.51249912824201,29.82000192020459],[116.44999925409569,29.82000199106556],[116.44999925409569,29.319998492085293]]]}"
00000000000000000776,771,51,34303.0,9426.35294117647,7796.0,5457.0,480744.0,"{""type"":""Polygon"",""coordinates"":[[[116.94999826605553,29.319998494704812],[117.01249869297735,29.31999850433046],[117.07499913599196,29.319998531587867],[117.1374995553392,29.319998501619974],[117.20000000084326,29.31999848346414],[117.26250043236597,29.319998483548844],[117.32500080961702,29.319998508079706],[117.38750127144553,29.319998523380942],[117.45000168746127,29.319998473091637],[117.45000168746127,29.820001926804874],[117.38750127144553,29.82000196767252],[117.32500080961704,29.820001953930376],[117.26250043236597,29.820001942388416],[117.20000000084326,29.82000196805535],[117.1374995553392,29.82000194403338],[117.07499913599196,29.820001946358765],[117.01249869297735,29.820001989050226],[116.94999826605553,29.820001984306117],[116.94999826605553,29.319998494704812]]]}"
00000000000000000777,772,83,51401.0,11290.66265060241,8581.5,5451.0,937125.0,"{""type"":""Polygon"",""coordinates"":[[[117.45000168746127,29.319998473091637],[117.51250156887173,29.319998462318303],[117.57500141246646,29.31999854052757],[117.6375013560503,29.31999850916322],[117.70000117902012,29.319998494355556],[117.76250110819338,29.319998521718453],[117.82500092265155,29.319998472148978],[117.88750084859045,29.319998533434223],[117.9500006647658,29.319998504645973],[117.9500006647658,29.820001979919503],[117.88750084859045,29.820001949489793],[117.82500092265155,29.820001994500572],[117.76250110819338,29.820001990586587],[117.70000117902012,29.820001996108456],[117.6375013560503,29.82000196751733],[117.57500141246646,29.820001962314198],[117.51250156887173,29.820001936558732],[117.45000168746127,29.820001926804874],[117.45000168746127,29.319998473091637]]]}"
00000000000000000778,773,197,249056.0,16501.705583756346,8587.190476190477,5450.0,3250836.0,"{""type"":""Polygon"",""coordinates"":[[[117.9500006647658,29.319998504645973],[118.01250059673546,29.31999849109431],[118.07500042291933,29.31999853595826],[118.13750027893767,29.319998519653108],[118.20000021071498,29.319998505248012],[118.26250008541567,29.319998514934717],[118.32499994851155,29.319998529825355],[118.38749984514642,29.319998530633764],[118.44999973101154,29.31999851829313],[118.44999973101154,29.820001937334325],[118.38749984514642,29.820001990695896],[118.32499994851155,29.82000194391961],[118.26250008541567,29.820001959002113],[118.20000021071498,29.820001975390596],[118.13750027893767,29.82000201311579],[118.07500042291933,29.820001969557797],[118.01250059673546,29.820001945303847],[117.9500006647658,29.820001979919503],[117.9500006647658,29.319998504645973]]]}"
00000000000000000779,774,71,183910.0,13716.535211267606,8588.833333333334,5451.0,973874.0,"{""type"":""Polygon"",""coordinates"":[[[118.44999973101154,29.31999851829313],[118.51249956159542,29.319998493523954],[118.57499947028623,29.319998496564207],[118.63749932293841,29.319998466978618],[118.69999916329995,29.319998546078786],[118.76249903476817,29.319998550326364],[118.82499898038535,29.319998458083834],[118.88749886507792,29.319998532148393],[118.9499987313784,29.31999850722686],[118.94999873137841,29.820001977671716],[118.88749886507792,29.82000196947044],[118.82499898038535,29.820001928605947],[118.76249903476817,29.820001959266214],[118.69999916329995,29.82000196169317],[118.63749932293841,29.82000195877468],[118.57499947028623,29.820001973004224],[118.51249956159539,29.82000194556025],[118.44999973101154,29.820001937334325],[118.44999973101154,29.31999851829313]]]}"
0000000000000000077a,775,479,255312.0,14387.350730688935,9693.792452830188,4777.0,6891541.0,"{""type"":""Polygon"",""coordinates"":[[[118.9499987313784,29.31999850722686],[119.01249915429268,29.31999847736897],[119.07499955357449,29.319998485166938],[119.13749997075175,29.3199985072483],[119.20000044697548,29.31999851985305],[119.26250084569612,29.31999854125487],[119.32500129614436,29.31999852593864],[119.38750174984433,29.31999847042467],[119.45000215807949,29.31999853240432],[119.45000215807949,29.820001989803064],[119.38750174984433,29.82000197448196],[119.32500129614436,29.820001972244093],[119.26250084569612,29.820001987809096],[119.20000044697548,29.82000194513148],[119.13749997075175,29.820001971703505],[119.07499955357449,29.820001969436916],[119.01249915429268,29.820001963249947],[118.94999873137841,29.820001977671716],[118.9499987313784,29.31999850722686]]]}"
0000000000000000077b,776,348,117875.0,15365.939655172413,9368.78947368421,4100.0,5347347.0,"{""type"":""Polygon"",""coordinates"":[[[119.45000215807949,29.31999853240432],[119.51250202934987,29.31999849213484],[119.57500193431869,29.319998518835227],[119.63750182330921,29.319998527161342],[119.70000164639437,29.31999851225622],[119.7625015301001,29.319998506440974],[119.82500142375648,29.319998504090915],[119.88750127643594,29.31999849938403],[119.95000112518373,29.31999854501403],[119.95000112518373,29.820001940805994],[119.88750127643594,29.82000192962144],[119.82500142375648,29.820001935767664],[119.7625015301001,29.82000198823747],[119.70000164639437,29.820001933298048],[119.63750182330921,29.820001938077436],[119.57500193431869,29.820001972000863],[119.51250202934987,29.820001960566774],[119.45000215807949,29.820001989803064],[119.45000215807949,29.31999853240432]]]}"
0000000000000000077c,777,145,217279.0,20984.78620689655,9737.307692307691,5465.0,3042794.0,"{""type"":""Polygon"",""coordinates"":[[[119.95000112518373,29.31999854501403],[120.01250100662233,29.319998532395708],[120.07500086879638,29.319998535201318],[120.13750074759342,29.31999852461708],[120.20000067846723,29.31999847145732],[120.262500520381,29.319998470271816],[120.32500039614503,29.319998469325714],[120.38750025207365,29.319998540552735],[120.45000012210248,29.31999849306166],[120.45000012210248,29.820001971943192],[120.38750025207365,29.820001958701774],[120.32500039614503,29.82000194463413],[120.262500520381,29.820001961514404],[120.20000067846723,29.820001938604573],[120.13750074759342,29.820002009103725],[120.07500086879638,29.82000199943361],[120.01250100662233,29.820001939951684],[119.95000112518373,29.820001940805994],[119.95000112518373,29.31999854501403]]]}"
0000000000000000077d,778,29,39078.0,8959.965517241379,7005.0,5450.0,259839.0,"{""type"":""Polygon"",""coordinates"":[[[120.45000012210248,29.31999849306166],[120.51250003971631,29.319998536423125],[120.57499995013146,29.319998501199287],[120.63749979827895,29.319998538207606],[120.69999970425633,29.31999851330268],[120.76249952447415,29.319998518734074],[120.82499937814268,29.319998499684097],[120.88749929623037,29.31999850307322],[120.94999913413275,29.319998540287337],[120.94999913413275,29.82000195389526],[120.88749929623037,29.820001998367623],[120.82499937814268,29.82000194525362],[120.76249952447415,29.82000194321523],[120.69999970425633,29.820001946865542],[120.63749979827895,29.82000193274624],[120.57499995013146,29.820001969218875],[120.51250003971631,29.820001952216103],[120.45000012210248,29.820001971943192],[120.45000012210248,29.31999849306166]]]}"
0000000000000000077e,779,128,33512.0,9882.484375,7796.833333333333,5449.0,1264958.0,"{""type"":""Polygon"",""coordinates"":[[[120.94999913413275,29.319998540287337],[121.01249900963809,29.319998475494966],[121.07499895241493,29.319998514167192],[121.13749881682102,29.319998507280324],[121.19999863182602,29.319998500088474],[121.26249851323058,29.3199985147177],[121.32499840160763,29.319998538326107],[121.38749832444573,29.319998455552597],[121.44999813437167,29.3199985147038],[121.44999813437167,29.820001961868062],[121.38749832444573,29.820001967195406],[121.32499840160763,29.820001973164615],[121.26249851323058,29.820001971145377],[121.19999863182602,29.820001998164724],[121.13749881682102,29.820001988601582],[121.07499895241493,29.8200019219975],[121.01249900963809,29.820001993275802],[120.94999913413275,29.82000195389526],[120.94999913413275,29.319998540287337]]]}"
0000000000000000077f,780,21,37393.0,12251.238095238095,8568.0,5452.0,257276.0,"{""type"":""Polygon"",""coordinates"":[[[121.44999813437167,29.3199985147038],[121.51249855521633,29.319998496922572],[121.57499900250107,29.31999852439601],[121.63749950182846,29.319998480434425],[121.69999990430806,29.3199985323552],[121.76250032174214,29.319998540023754],[121.82500077832776,29.31999846533118],[121.88750121089527,29.31999853090544],[121.95000164273927,29.319998459864177],[121.95000164273927,29.820001928895554],[121.88750121089527,29.820001973054502],[121.82500077832776,29.820001967169027],[121.76250032174214,29.820001951297666],[121.69999990430806,29.82000194197969],[121.63749950182846,29.820001978722825],[121.57499900250107,29.820001965249876],[121.51249855521633,29.82000197324404],[121.44999813437167,29.820001961868062],[121.44999813437167,29.3199985147038]]]}"
00000000000000000783,803,4,10861.0,7764.5,7377.5,5442.0,31058.0,"{""type"":""Polygon"",""coordinates"":[[[92.44999810524074,29.820001958936498],[92.51249852914931,29.82000195412616],[92.57499898485804,29.820002005413933],[92.63749941016613,29.820001931694986],[92.69999989764378,29.820001989957696],[92.76250031589893,29.820002000271458],[92.82500068828625,29.82000195602617],[92.88750119390302,29.82000193527531],[92.95000155859528,29.820001937420187],[92.95000155859528,30.32000095958319],[92.88750119390302,30.320001001616777],[92.82500068828625,30.32000092335175],[92.76250031589893,30.320000989119997],[92.69999989764378,30.320000945457643],[92.63749941016613,30.320000974873288],[92.57499898485804,30.320000992897313],[92.51249852914931,30.320001007367512],[92.44999810524074,30.32000093498299],[92.44999810524074,29.820001958936498]]]}"
00000000000000000784,804,63,28000.0,11016.031746031746,9334.0,2385.0,694010.0,"{""type"":""Polygon"",""coordinates"":[[[92.95000155859528,29.820001937420187],[93.01250143368392,29.82000196392901],[93.07500131282357,29.820001997262985],[93.13750123617739,29.82000194130825],[93.20000109400037,29.820001968027295],[93.26250093261072,29.820001980926605],[93.32500087852127,29.820001969501142],[93.38750075422621,29.820001930628088],[93.45000061548112,29.820001943516374],[93.45000061548112,30.32000098878661],[93.38750075422621,30.320000937379238],[93.32500087852127,30.320000969526692],[93.26250093261072,30.32000100642865],[93.20000109400037,30.320000963336117],[93.13750123617739,30.320000938738065],[93.07500131282357,30.320000940973937],[93.01250143368392,30.320000974571823],[92.95000155859528,30.32000095958319],[92.95000155859528,29.820001937420187]]]}"
00000000000000000785,805,258,121181.0,14312.337209302326,9319.45,5425.0,3692583.0,"{""type"":""Polygon"",""coordinates"":[[[93.45000061548112,29.820001943516374],[93.51250044422612,29.820002000863568],[93.57500037977225,29.820002002818338],[93.63750025580825,29.8200019457158],[93.70000006298494,29.820001998063034],[93.76249994986544,29.820001970985764],[93.82499983581359,29.820001946374656],[93.88749972037452,29.82000200376174],[93.94999960593937,29.82000195791755],[93.94999960593937,30.320000957384252],[93.88749972037452,30.320000975822104],[93.82499983581359,30.320000922581166],[93.76249994986544,30.32000098231581],[93.70000006298494,30.3200009880346],[93.63750025580825,30.320000946081258],[93.57500037977225,30.320000956920634],[93.51250044422612,30.320000940631978],[93.45000061548112,30.32000098878661],[93.45000061548112,29.820001943516374]]]}"
00000000000000000786,806,103,80808.0,14711.504854368932,8538.666666666666,5427.0,1515285.0,"{""type"":""Polygon"",""coordinates"":[[[93.94999960593937,29.82000195791755],[94.01249949773391,29.8200019760857],[94.07499932581992,29.820001963141543],[94.13749925693915,29.820001992897907],[94.19999907051182,29.820001974654303],[94.26249893896392,29.820001981663363],[94.32499888152411,29.820002003543593],[94.38749868483447,29.820001949294035],[94.44999860844463,29.820001976716945],[94.44999860844463,30.320000985175703],[94.38749868483447,30.320000948839983],[94.32499888152411,30.320000936251393],[94.26249893896392,30.320000966063787],[94.19999907051182,30.32000095332938],[94.13749925693915,30.320000996339317],[94.07499932581992,30.32000093446992],[94.01249949773391,30.32000094593582],[93.94999960593937,30.320000957384252],[93.94999960593937,29.82000195791755]]]}"
00000000000000000787,807,59,577908.0,28454.508474576272,10069.0,5422.0,1678816.0,"{""type"":""Polygon"",""coordinates"":[[[94.44999860844463,29.820001976716945],[94.51249899438173,29.820001975745246],[94.57499948033731,29.82000194797969],[94.63749986253082,29.820001978133615],[94.70000033333426,29.820001960864875],[94.76250077256014,29.82000197779334],[94.82500122016097,29.820001928565986],[94.88750163959361,29.82000197974244],[94.95000207588929,29.820001942353425],[94.95000207588929,30.32000095335415],[94.88750163959361,30.32000092007915],[94.82500122016097,30.3200010033066],[94.76250077256014,30.3200009525973],[94.70000033333426,30.320000953223143],[94.63749986253082,30.32000092975392],[94.57499948033731,30.320000976525833],[94.51249899438173,30.32000093532491],[94.44999860844463,30.320000985175703],[94.44999860844463,29.820001976716945]]]}"
00000000000000000788,808,0,,,,,0.0,"{""type"":""Polygon"",""coordinates"":[[[94.95000207588929,29.820001942353425],[95.01250194192168,29.820002003505166],[95.07500184198575,29.820001953263663],[95.13750166973509,29.820001960307987],[95.20000155959141,29.82000191967357],[95.26250140983149,29.82000199958725],[95.32500128021587,29.820001921508112],[95.38750115322064,29.820001938147783],[95.45000109351848,29.820001946479437],[95.45000109351848,30.320000979074806],[95.38750115322064,30.32000093466109],[95.32500128021587,30.320000997720868],[95.26250140983149,30.320001007903343],[95.20000155959141,30.32000097676176],[95.13750166973509,30.320001006512378],[95.07500184198575,30.320000929627486],[95.01250194192168,30.32000093864195],[94.95000207588929,30.32000095335415],[94.95000207588929,29.820001942353425]]]}"
00000000000000000789,809,0,,,,,0.0,"{""type"":""Polygon"",""coordinates"":[[[95.45000109351848,29.820001946479437],[95.51250092820683,29.820001941161937],[95.57500080644753,29.820001991505187],[95.63750071985578,29.82000199702819],[95.70000058193946,29.820001948527498],[95.76250046883146,29.820001917749593],[95.82500029823704,29.820001983098138],[95.88750015080656,29.82000195172147],[95.95000002904636,29.820001985997905],[95.95000002904636,30.320000983799897],[95.88750015080656,30.320000957696543],[95.82500029823703,30.320000936113146],[95.76250046883146,30.320000932791796],[95.70000058193946,30.32000096472255],[95.63750071985578,30.3200009538874],[95.57500080644753,30.320001004401693],[95.51250092820683,30.32000095014354],[95.45000109351848,30.320000979074806],[95.45000109351848,29.820001946479437]]]}"
0000000000000000078a,810,4,34861.0,14335.25,7754.0,6972.0,57341.0,"{""type"":""Polygon"",""coordinates"":[[[95.95000002904636,29.820001985997905],[96.0124999376128,29.820001984054084],[96.0749998024979,29.820001935478572],[96.13749971327046,29.82000199820586],[96.1999995190427,29.820001989219318],[96.26249939459098,29.82000197414791],[96.32499927405166,29.820001941673777],[96.38749917454423,29.82000196439188],[96.44999903397962,29.82000194268676],[96.44999903397962,30.32000094434285],[96.38749917454423,30.32000094100841],[96.32499927405166,30.32000100648576],[96.26249939459098,30.32000097729553],[96.1999995190427,30.32000095653436],[96.13749971327046,30.320000955615406],[96.0749998024979,30.320000997092457],[96.0124999376128,30.320001000431404],[95.95000002904636,30.320000983799897],[95.95000002904636,29.820001985997905]]]}"
0000000000000000078b,811,27,35719.0,9142.148148148148,7752.0,5429.0,246838.0,"{""type"":""Polygon"",""coordinates"":[[[96.44999903397962,29.82000194268676],[96.51249895477366,29.82000194469481],[96.57499879736615,29.82000196229647],[96.63749866822066,29.82000197514114],[96.69999859455561,29.820001966545625],[96.7624984422432,29.820001927883382],[96.82499832387141,29.820001925786066],[96.88749819066588,29.820001947022842],[96.94999807748074,29.820001973911676],[96.94999807748074,30.320000929522664],[96.88749819066588,30.320000943786596],[96.82499832387141,30.320000987607763],[96.7624984422432,30.320000991254314],[96.69999859455561,30.32000096804591],[96.63749866822066,30.32000093943187],[96.57499879736615,30.32000100169848],[96.51249895477366,30.32000099649779],[96.44999903397962,30.32000094434285],[96.44999903397962,29.82000194268676]]]}"
0000000000000000078c,812,40,58914.0,11521.525,7367.0,5426.0,460861.0,"{""type"":""Polygon"",""coordinates"":[[[96.94999807748074,29.820001973911676],[97.01249851320925,29.820001962339706],[97.07499896351544,29.82000192396943],[97.13749938684082,29.820001932563535],[97.19999982553391,29.82000196937275],[97.26250024159937,29.82000193200678],[97.32500068108597,29.820001976841223],[97.38750110952894,29.820002001011556],[97.45000149410335,29.820001989319188],[97.45000149410335,30.32000092580401],[97.38750110952894,30.320000969638382],[97.32500068108597,30.32000100010101],[97.26250024159937,30.320000945013714],[97.19999982553391,30.32000099453447],[97.13749938684082,30.32000099310793],[97.07499896351544,30.320000955392842],[97.01249851320925,30.32000098781947],[96.94999807748074,30.320000929522664],[96.94999807748074,29.820001973911676]]]}"
0000000000000000078d,813,26,106909.0,16401.115384615383,9304.5,5426.0,426429.0,"{""type"":""Polygon"",""coordinates"":[[[97.45000149410335,29.820001989319188],[97.51250139054343,29.820001949890752],[97.57500126430105,29.820001927151452],[97.63750117042193,29.820001988196694],[97.7000010001831,29.820001946075028],[97.76250089490264,29.820001950308964],[97.8250007491285,29.820001989057317],[97.88750062481778,29.820001952783663],[97.95000050266914,29.820001999821777],[97.95000050266914,30.320000935405684],[97.88750062481778,30.320000924304168],[97.8250007491285,30.320000929385472],[97.76250089490264,30.320000967959647],[97.7000010001831,30.32000097456635],[97.63750117042193,30.320000961114204],[97.57500126430105,30.320000953868337],[97.51250139054343,30.320000964302658],[97.45000149410335,30.32000092580401],[97.45000149410335,29.820001989319188]]]}"
0000000000000000078e,814,0,,,,,0.0,"{""type"":""Polygon"",""coordinates"":[[[97.95000050266914,29.820001999821777],[98.01250036495357,29.820001937324122],[98.07500027878137,29.820002005792055],[98.13750014641614,29.820001929266294],[98.20000003821951,29.82000194767488],[98.2624998594054,29.820001960143912],[98.32499976711529,29.82000193764553],[98.38749966969705,29.82000195419728],[98.44999956043615,29.82000199070298],[98.44999956043617,30.32000091771224],[98.38749966969705,30.320000935242224],[98.32499976711529,30.32000099143592],[98.2624998594054,30.320000930823745],[98.20000003821951,30.320000941887596],[98.13750014641614,30.320000966564866],[98.07500027878137,30.320000930725605],[98.01250036495357,30.320000945172087],[97.95000050266914,30.320000935405684],[97.95000050266914,29.820001999821777]]]}"
0000000000000000078f,815,15,42708.0,17088.0,13197.0,6211.0,256320.0,"{""type"":""Polygon"",""coordinates"":[[[98.44999956043615,29.82000199070298],[98.51249943413173,29.82000194018346],[98.57499928708933,29.82000195838229],[98.63749911711376,29.8200019378347],[98.69999900747618,29.82000194056909],[98.76249887512004,29.82000195171564],[98.82499880641363,29.82000194506733],[98.88749863693162,29.820001998611264],[98.94999854015231,29.820001992343265],[98.94999854015231,30.320000960125903],[98.88749863693162,30.320000966223343],[98.82499880641363,30.320000929465095],[98.76249887512003,30.32000096982842],[98.69999900747618,30.320000922418263],[98.63749911711376,30.320000988260123],[98.57499928708933,30.320000920422657],[98.51249943413173,30.32000091935042],[98.44999956043617,30.32000091771224],[98.44999956043615,29.82000199070298]]]}"
00000000000000000790,816,368,597887.0,19877.209239130436,9775.544444444444,5421.0,7314813.0,"{""type"":""Polygon"",""coordinates"":[[[98.94999854015231,29.820001992343265],[99.01249894448146,29.820001963510766],[99.07499935293878,29.820001924554543],[99.13749985949617,29.820001935265125],[99.2000002217807,29.82000199102494],[99.26250070551194,29.820001964258157],[99.32500115540873,29.820001931626948],[99.3875015864915,29.820001957754336],[99.45000201518567,29.820001931950124],[99.45000201518567,30.320000947576972],[99.3875015864915,30.320000935785746],[99.32500115540873,30.320000974160823],[99.26250070551194,30.32000099889205],[99.2000002217807,30.320000945844455],[99.13749985949617,30.320001000402375],[99.07499935293878,30.320000941306883],[99.01249894448146,30.320000947621356],[98.94999854015231,30.320000960125903],[98.94999854015231,29.820001992343265]]]}"
00000000000000000791,817,24,74644.0,12276.083333333334,8539.5,5423.0,294626.0,"{""type"":""Polygon"",""coordinates"":[[[99.45000201518567,29.820001931950124],[99.5125018654743,29.820001961184364],[99.57500174951721,29.820001979402196],[99.63750160295518,29.820001968776996],[99.70000144757573,29.82000199255488],[99.76250139162286,29.820001932447013],[99.82500120435228,29.820001957463354],[99.88750108168577,29.82000194248254],[99.95000096556808,29.820001955932433],[99.95000096556808,30.320000988941118],[99.88750108168577,30.320001003793767],[99.82500120435228,30.320000972396038],[99.76250139162286,30.320001001000318],[99.70000144757573,30.320000953394818],[99.63750160295518,30.320000922592413],[99.57500174951721,30.32000093971742],[99.5125018654743,30.320000942054932],[99.45000201518567,30.320000947576972],[99.45000201518567,29.820001931950124]]]}"
00000000000000000792,818,23,36409.0,12808.391304347826,10847.0,5423.0,294593.0,"{""type"":""Polygon"",""coordinates"":[[[99.95000096556808,29.820001955932433],[100.01250088437155,29.820001972179114],[100.07500069700846,29.820001978372645],[100.13750060505761,29.820001935352277],[100.20000046983237,29.820002004548485],[100.26250032462947,29.82000198458905],[100.32500020405068,29.820001935886445],[100.38750014399517,29.820001918484653],[100.45000001014012,29.82000191839078],[100.45000001014012,30.32000096818934],[100.38750014399517,30.3200009936512],[100.32500020405068,30.320000959642393],[100.26250032462946,30.320000967249676],[100.20000046983237,30.320000956986423],[100.13750060505761,30.320000956045345],[100.07500069700846,30.320000991297366],[100.01250088437155,30.320000989089877],[99.95000096556808,30.320000988941118],[99.95000096556808,29.820001955932433]]]}"
00000000000000000793,819,337,165951.0,20348.27893175074,10864.916666666666,5421.0,6857370.0,"{""type"":""Polygon"",""coordinates"":[[[100.45000001014012,29.82000191839078],[100.5124998406031,29.820001995216693],[100.57499976065216,29.820001939414567],[100.63749963926456,29.820001998287417],[100.69999951819264,29.820001968689745],[100.76249935439841,29.82000200330128],[100.8249992780695,29.820001978625907],[100.88749907622298,29.820001973742055],[100.94999896751168,29.820001944697577],[100.94999896751168,30.320000949105445],[100.88749907622298,30.320000932630848],[100.8249992780695,30.320000986660887],[100.76249935439841,30.320000981722064],[100.69999951819264,30.32000092600399],[100.63749963926456,30.320000943006065],[100.57499976065216,30.320000967836872],[100.5124998406031,30.320000942344127],[100.45000001014012,30.32000096818934],[100.45000001014012,29.82000191839078]]]}"
00000000000000000794,820,0,,,,,0.0,"{""type"":""Polygon"",""coordinates"":[[[100.94999896751168,29.820001944697577],[101.01249882717767,29.820001962995256],[101.07499870389056,29.820001998343102],[101.13749864753342,29.82000193292111],[101.19999844987971,29.820001932250264],[101.26249833570857,29.820001950499474],[101.32499827178705,29.820001963537553],[101.38749813924753,29.82000195458571],[101.44999799327965,29.820001978846353],[101.44999799327965,30.320000980212537],[101.38749813924753,30.32000094671101],[101.32499827178705,30.320000951529366],[101.26249833570857,30.320000940060833],[101.19999844987971,30.32000092920826],[101.13749864753342,30.320000943301196],[101.07499870389056,30.32000094171838],[101.01249882717767,30.320000933350258],[100.94999896751168,30.320000949105445],[100.94999896751168,29.820001944697577]]]}"
00000000000000000795,821,0,,,,,0.0,"{""type"":""Polygon"",""coordinates"":[[[101.44999799327965,29.820001978846353],[101.51249841049612,29.820001958289097],[101.57499884204753,29.82000200013495],[101.63749925963809,29.82000199207548],[101.6999997227788,29.82000198802918],[101.7625001182872,29.82000197005853],[101.8250005946132,29.820001983692965],[101.88750104047836,29.820001923512898],[101.95000143238939,29.82000193721532],[101.95000143238939,30.320000981887823],[101.88750104047836,30.32000092991714],[101.8250005946132,30.320000954138024],[101.7625001182872,30.32000099443406],[101.6999997227788,30.320000982603066],[101.63749925963809,30.320000960517817],[101.57499884204753,30.32000094624899],[101.51249841049612,30.320000973263724],[101.44999799327965,30.320000980212537],[101.44999799327965,29.820001978846353]]]}"
00000000000000000796,822,41,62161.0,11852.682926829268,7744.0,5422.0,485960.0,"{""type"":""Polygon"",""coordinates"":[[[101.95000143238939,29.82000193721532],[102.01250131215058,29.820001951212923],[102.07500118037699,29.820001978181388],[102.13750110367965,29.82000198290731],[102.20000097521849,29.820001946069933],[102.26250086349057,29.820001918897184],[102.32500066333235,29.82000196864022],[102.38750053252556,29.820001963814637],[102.45000045517783,29.820001962853784],[102.45000045517783,30.32000093514881],[102.38750053252556,30.32000097614266],[102.32500066333235,30.32000093405011],[102.26250086349057,30.320000924182626],[102.2000009752185,30.32000099151369],[102.13750110367965,30.320000982611386],[102.07500118037699,30.32000093349216],[102.01250131215058,30.32000095029344],[101.95000143238939,30.320000981887823],[101.95000143238939,29.82000193721532]]]}"
00000000000000000797,823,0,,,,,0.0,"{""type"":""Polygon"",""coordinates"":[[[102.45000045517783,29.820001962853784],[102.51250032874732,29.820001945426807],[102.57500022649201,29.8200019611944],[102.63750004749501,29.820001989457058],[102.69999995447873,29.82000198392489],[102.76249984827193,29.820001923422204],[102.82499971810891,29.82000195174191],[102.88749955406026,29.820001951966866],[102.94999943487058,29.820001971857184],[102.94999943487058,30.320001003608837],[102.88749955406026,30.32000095258463],[102.82499971810891,30.320001004360286],[102.76249984827193,30.320000938866084],[102.69999995447873,30.32000095942323],[102.63750004749501,30.320000923118577],[102.57500022649201,30.320000937833154],[102.51250032874732,30.320000963750417],[102.45000045517783,30.32000093514881],[102.45000045517783,29.820001962853784]]]}"
00000000000000000798,824,9,9336.0,6480.777777777777,6222.0,5442.0,58327.0,"{""type"":""Polygon"",""coordinates"":[[[102.94999943487058,29.820001971857184],[103.01249935240315,29.82000198070074],[103.07499921140635,29.820001956372572],[103.13749909321939,29.820001945728894],[103.19999899214639,29.82000191733693],[103.26249881522786,29.8200019351923],[103.3249987344573,29.820001949495563],[103.38749857035549,29.82000194603683],[103.44999840847325,29.820001970114514],[103.44999840847325,30.32000100394811],[103.38749857035549,30.320000988094655],[103.3249987344573,30.320000993403834],[103.26249881522786,30.320000975249492],[103.19999899214639,30.32000094792449],[103.13749909321939,30.320000961669926],[103.07499921140635,30.320000952976404],[103.01249935240315,30.32000095353468],[102.94999943487058,30.320001003608837],[102.94999943487058,29.820001971857184]]]}"
00000000000000000799,825,62,85556.0,10818.370967741936,7763.0,5424.0,670739.0,"{""type"":""Polygon"",""coordinates"":[[[103.44999840847325,29.820001970114514],[103.51249886474936,29.820001925006785],[103.57499932114563,29.820001927780975],[103.6374997774681,29.820001945232285],[103.70000014592347,29.820001953209808],[103.76250060453198,29.820001986067407],[103.8250010670569,29.82000193251283],[103.88750144784625,29.820001940905968],[103.95000192741529,29.82000195790521],[103.95000192741529,30.3200009916362],[103.88750144784625,30.32000096197334],[103.8250010670569,30.320000931263927],[103.76250060453198,30.320000953321244],[103.70000014592347,30.320000966879633],[103.6374997774681,30.320000996853892],[103.57499932114563,30.320000923359352],[103.51249886474936,30.320000943329795],[103.44999840847325,30.32000100394811],[103.44999840847325,29.820001970114514]]]}"
0000000000000000079a,826,26,40274.0,12874.538461538461,8907.5,5423.0,334738.0,"{""type"":""Polygon"",""coordinates"":[[[103.95000192741529,29.82000195790521],[104.01250180165823,29.82000193837907],[104.07500169504861,29.820001954292852],[104.13750152472561,29.820001979974577],[104.2000013857669,29.820001970331834],[104.2625012853988,29.820001976005383],[104.32500114279593,29.82000197066246],[104.38750105528894,29.820001994670978],[104.450000943384,29.820001934833556],[104.450000943384,30.320000945954927],[104.38750105528894,30.32000099639807],[104.32500114279593,30.320000950548252],[104.2625012853988,30.320000921488454],[104.2000013857669,30.320000955711432],[104.13750152472561,30.32000099362746],[104.07500169504861,30.32000098520345],[104.01250180165823,30.320000975918557],[103.95000192741529,30.3200009916362],[103.95000192741529,29.82000195790521]]]}"
0000000000000000079b,827,0,,,,,0.0,"{""type"":""Polygon"",""coordinates"":[[[104.450000943384,29.820001934833556],[104.512500817009,29.820001927182446],[104.57500068678307,29.82000193462328],[104.6375005640113,29.820001919800784],[104.70000037169314,29.82000194150344],[104.76250030042463,29.820001941705545],[104.825000185528,29.82000198870423],[104.88750004089037,29.820001957850714],[104.94999988105903,29.820001983095718],[104.94999988105903,30.320000986372857],[104.88750004089037,30.320000983643844],[104.825000185528,30.320000934618097],[104.76250030042463,30.320000964246137],[104.70000037169314,30.320000939215614],[104.6375005640113,30.320000963674445],[104.57500068678307,30.320000924102953],[104.512500817009,30.320000934322074],[104.450000943384,30.320000945954927],[104.450000943384,29.820001934833556]]]}"
0000000000000000079c,828,9,24121.0,10374.888888888889,7781.0,6225.0,93374.0,"{""type"":""Polygon"",""coordinates"":[[[104.94999988105903,29.820001983095718],[105.01249981039842,29.820001928921712],[105.07499966646854,29.820001949205967],[105.1374995548915,29.82000199413692],[105.19999940353478,29.820001948164386],[105.26249931936047,29.820001933245447],[105.3249991420986,29.820001930087226],[105.38749906929306,29.820001963216367],[105.44999894178211,29.8200019268042],[105.44999894178211,30.32000097175345],[105.38749906929306,30.320000918808695],[105.3249991420986,30.320000948502877],[105.26249931936047,30.320000994840626],[105.19999940353478,30.3200009482648],[105.1374995548915,30.32000099993524],[105.07499966646854,30.320000943084146],[105.01249981039842,30.320000979102833],[104.94999988105903,30.320000986372857],[104.94999988105903,29.820001983095718]]]}"
0000000000000000079d,829,48,47443.0,12718.958333333334,10112.5,5429.0,610510.0,"{""type"":""Polygon"",""coordinates"":[[[105.44999894178211,29.8200019268042],[105.51249877961354,29.82000195211884],[105.57499869290272,29.820001987066476],[105.63749852402003,29.820001925424094],[105.69999838424833,29.820001972807972],[105.76249829603358,29.820002000893687],[105.82499819282427,29.820001978120242],[105.88749800852842,29.820001958841527],[105.94999794643947,29.820001964091013],[105.94999794643947,30.32000095335373],[105.88749800852842,30.32000094854085],[105.82499819282427,30.320000944417046],[105.76249829603358,30.320000920829276],[105.69999838424833,30.320000995458475],[105.63749852402003,30.320000942920736],[105.57499869290272,30.320000977296637],[105.51249877961354,30.320000980150905],[105.44999894178211,30.32000097175345],[105.44999894178211,29.8200019268042]]]}"
0000000000000000079e,830,4,15520.0,10686.0,10893.0,5438.0,42744.0,"{""type"":""Polygon"",""coordinates"":[[[105.94999794643947,29.820001964091013],[106.01249839000212,29.820001991943716],[106.07499873697631,29.820001990101527],[106.13749919243547,29.82000197847839],[106.19999960320456,29.820001935322768],[106.26250008579031,29.820001976871772],[106.32500048791435,29.820001995153422],[106.3875009271412,29.820001934031605],[106.45000134194315,29.820001931447816],[106.45000134194315,30.320000947705843],[106.3875009271412,30.320000985913197],[106.32500048791435,30.320000969531286],[106.26250008579031,30.320000932595747],[106.19999960320456,30.32000093177364],[106.13749919243547,30.32000098929562],[106.07499873697631,30.320000990017085],[106.01249839000212,30.320000955820614],[105.94999794643947,30.32000095335373],[105.94999794643947,29.820001964091013]]]}"
0000000000000000079f,831,15,234015.0,28851.6,13154.0,6219.0,432774.0,"{""type"":""Polygon"",""coordinates"":[[[106.45000134194315,29.820001931447816],[106.51250122173896,29.820001925133386],[106.57500113489608,29.82000197261824],[106.63750102130584,29.820001953636034],[106.70000091124314,29.820001993532326],[106.76250074549382,29.820001971674806],[106.82500064529452,29.82000200108367],[106.88750046233555,29.82000197240305],[106.95000040889545,29.820001986125433],[106.95000040889545,30.320000961209452],[106.88750046233555,30.32000096299265],[106.82500064529452,30.32000097540138],[106.76250074549382,30.320000984610772],[106.70000091124314,30.320000928964742],[106.63750102130584,30.320000952907126],[106.57500113489608,30.320000920665414],[106.51250122173896,30.320000964349788],[106.45000134194315,30.320000947705843],[106.45000134194315,29.820001931447816]]]}"
000000000000000007a0,832,65,146206.0,17780.03076923077,7754.0,2382.0,1155702.0,"{""type"":""Polygon"",""coordinates"":[[[106.95000040889545,29.820001986125433],[107.01250024745117,29.820001944365984],[107.07500010115805,29.82000195877277],[107.13750000360176,29.820001981079756],[107.19999989867381,29.820001974759446],[107.2624997306418,29.820001988764478],[107.32499962457192,29.820001962014125],[107.38749952560921,29.82000194285156],[107.44999937926345,29.82000197943294],[107.44999937926345,30.32000100556274],[107.38749952560921,30.320000998114416],[107.32499962457192,30.32000092551633],[107.26249973064182,30.32000099596654],[107.19999989867381,30.320000991226504],[107.13750000360177,30.320000972890103],[107.07500010115805,30.320000977917367],[107.01250024745117,30.320000957806446],[106.95000040889545,30.320000961209452],[106.95000040889545,29.820001986125433]]]}"
000000000000000007a1,833,15,29461.0,11683.866666666667,9304.0,5428.0,175258.0,"{""type"":""Polygon"",""coordinates"":[[[107.44999937926345,29.82000197943294],[107.51249922168424,29.820001936423097],[107.57499908946542,29.820001934718935],[107.63749901963907,29.820001923815816],[107.69999886898934,29.82000196322383],[107.76249876564697,29.820001989568308],[107.82499865748639,29.820001964041637],[107.88749849272108,29.820001933109452],[107.94999840073855,29.82000191776823],[107.94999840073855,30.32000098742222],[107.88749849272108,30.32000099458949],[107.8249986574864,30.320000977333798],[107.76249876564697,30.320001000622785],[107.69999886898934,30.32000093350308],[107.63749901963907,30.32000098538244],[107.57499908946542,30.32000096474943],[107.51249922168424,30.32000098289352],[107.44999937926345,30.32000100556274],[107.44999937926345,29.82000197943294]]]}"
00000000000000000277,861,0,,,,,0.0,"{""type"":""Polygon"",""coordinates"":[[[121.95000164273927,29.820001928895554],[122.01250148941376,29.820001958072464],[122.07500138106097,29.820001935662336],[122.13750125273944,29.820001922915694],[122.20000112576413,29.82000195725121],[122.26250102090869,29.820001917862836],[122.32500087190937,29.82000194388236],[122.38750078504238,29.820001969079772],[122.4500006066576,29.820001997820548],[122.4500006066576,30.3200009930063],[122.38750078504238,30.320000971725175],[122.32500087190937,30.320000951000306],[122.26250102090869,30.320000927265735],[122.20000112576413,30.3200009682643],[122.13750125273944,30.320000936427945],[122.07500138106097,30.320000953574677],[122.01250148941376,30.32000098382333],[121.95000164273927,30.32000096722563],[121.95000164273927,29.820001928895554]]]}"
0000000000000000027b,887,1,30008.0,30008.0,30008.0,30008.0,30008.0,"{""type"":""Polygon"",""coordinates"":[[[92.95000155859528,30.32000095958319],[93.01250143368392,30.320000974571823],[93.07500131282357,30.320000940973937],[93.13750123617739,30.320000938738065],[93.20000109400037,30.320000963336117],[93.26250093261072,30.32000100642865],[93.32500087852127,30.320000969526692],[93.38750075422621,30.320000937379238],[93.45000061548112,30.32000098878661],[93.45000061548112,30.819999986076787],[93.38750075422621,30.819999993467786],[93.32500087852127,30.819999940699287],[93.26250093261072,30.819999924462802],[93.20000109400037,30.819999947925144],[93.13750123617739,30.81999993422939],[93.07500131282357,30.819999979332263],[93.01250143368392,30.820000000237464],[92.95000155859528,30.820000004963127],[92.95000155859528,30.32000095958319]]]}"
0000000000000000027c,888,33,71085.0,13185.363636363636,8495.0,5409.0,435117.0,"{""type"":""Polygon"",""coordinates"":[[[93.45000061548112,30.32000098878661],[93.51250044422612,30.320000940631978],[93.57500037977225,30.320000956920634],[93.63750025580825,30.320000946081258],[93.70000006298494,30.3200009880346],[93.76249994986544,30.32000098231581],[93.82499983581359,30.320000922581166],[93.88749972037452,30.320000975822104],[93.94999960593937,30.320000957384252],[93.94999960593937,30.820000002323],[93.88749972037452,30.820000004398697],[93.82499983581359,30.819999965955372],[93.76249994986544,30.81999998351972],[93.70000006298494,30.81999997836901],[93.63750025580825,30.819999956898133],[93.57500037977225,30.819999931812582],[93.51250044422612,30.81999999865138],[93.45000061548112,30.819999986076787],[93.45000061548112,30.32000098878661]]]}"
0000000000000000027d,889,53,98988.0,12959.188679245282,9280.0,5407.0,686837.0,"{""type"":""Polygon"",""coordinates"":[[[93.94999960593937,30.320000957384252],[94.01249949773391,30.32000094593582],[94.07499932581992,30.32000093446992],[94.13749925693915,30.320000996339317],[94.19999907051182,30.32000095332938],[94.26249893896392,30.320000966063787],[94.32499888152411,30.320000936251393],[94.38749868483447,30.320000948839983],[94.44999860844463,30.320000985175703],[94.44999860844463,30.819999946248345],[94.38749868483447,30.82000000072932],[94.32499888152411,30.819999933837767],[94.26249893896392,30.819999939320276],[94.19999907051182,30.81999993258961],[94.13749925693915,30.819999924194796],[94.07499932581992,30.81999992930407],[94.01249949773391,30.81999995047768],[93.94999960593937,30.820000002323],[93.94999960593937,30.320000957384252]]]}"
0000000000000000027e,890,4,12387.0,8709.75,7742.0,6968.0,34839.0,"{""type"":""Polygon"",""coordinates"":[[[94.44999860844463,30.320000985175703],[94.51249899438173,30.32000093532491],[94.57499948033731,30.320000976525833],[94.63749986253082,30.32000092975392],[94.70000033333426,30.320000953223143],[94.76250077256014,30.3200009525973],[94.82500122016097,30.3200010033066],[94.88750163959361,30.32000092007915],[94.95000207588929,30.32000095335415],[94.95000207588929,30.819999988302254],[94.88750163959361,30.819999985864158],[94.82500122016097,30.819999953529745],[94.76250077256014,30.81999999171586],[94.70000033333426,30.819999935351902],[94.63749986253082,30.819999971766677],[94.57499948033731,30.819999932661254],[94.51249899438173,30.81999992300635],[94.44999860844463,30.819999946248345],[94.44999860844463,30.320000985175703]]]}"
0000000000000000027f,891,0,,,,,0.0,"{""type"":""Polygon"",""coordinates"":[[[94.95000207588929,30.32000095335415],[95.01250194192168,30.32000093864195],[95.07500184198575,30.320000929627486],[95.13750166973509,30.320001006512378],[95.20000155959141,30.32000097676176],[95.26250140983149,30.320001007903343],[95.32500128021587,30.320000997720868],[95.38750115322064,30.32000093466109],[95.45000109351848,30.320000979074806],[95.45000109351848,30.819999921262923],[95.38750115322064,30.819999943279754],[95.32500128021587,30.819999925339],[95.26250140983149,30.819999970044492],[95.20000155959141,30.820000001667122],[95.13750166973509,30.81999994739844],[95.07500184198575,30.819999990059824],[95.01250194192168,30.819999972025645],[94.95000207588929,30.819999988302254],[94.95000207588929,30.32000095335415]]]}"
00000000000000000280,892,0,,,,,0.0,"{""type"":""Polygon"",""coordinates"":[[[95.45000109351848,30.320000979074806],[95.51250092820683,30.32000095014354],[95.57500080644753,30.320001004401693],[95.63750071985578,30.3200009538874],[95.70000058193946,30.32000096472255],[95.76250046883146,30.320000932791796],[95.82500029823703,30.320000936113146],[95.88750015080656,30.320000957696543],[95.95000002904636,30.320000983799897],[95.95000002904636,30.819999941435103],[95.88750015080656,30.819999939613943],[95.82500029823704,30.819999968815747],[95.76250046883146,30.819999955557027],[95.70000058193946,30.82000000430251],[95.63750071985578,30.819999950100748],[95.57500080644753,30.819999984206195],[95.51250092820683,30.819999941258104],[95.45000109351848,30.819999921262923],[95.45000109351848,30.320000979074806]]]}"
00000000000000000281,893,36,45511.0,11208.916666666666,10022.0,4760.0,403521.0,"{""type"":""Polygon"",""coordinates"":[[[95.95000002904636,30.320000983799897],[96.0124999376128,30.320001000431404],[96.0749998024979,30.320000997092457],[96.13749971327046,30.320000955615406],[96.1999995190427,30.32000095653436],[96.26249939459098,30.32000097729553],[96.32499927405166,30.32000100648576],[96.38749917454423,30.32000094100841],[96.44999903397962,30.32000094434285],[96.44999903397962,30.819999945220587],[96.38749917454423,30.819999934503546],[96.32499927405166,30.819999930237973],[96.26249939459098,30.819999944276926],[96.1999995190427,30.819999992232205],[96.13749971327046,30.819999998307804],[96.0749998024979,30.81999998523588],[96.0124999376128,30.819999960169856],[95.95000002904636,30.819999941435103],[95.95000002904636,30.320000983799897]]]}"
00000000000000000282,894,56,69601.0,11659.25,9670.0,5411.0,652918.0,"{""type"":""Polygon"",""coordinates"":[[[96.44999903397962,30.32000094434285],[96.51249895477366,30.32000099649779],[96.57499879736615,30.32000100169848],[96.63749866822066,30.32000093943187],[96.69999859455561,30.32000096804591],[96.7624984422432,30.320000991254314],[96.82499832387141,30.320000987607763],[96.88749819066588,30.320000943786596],[96.94999807748074,30.320000929522664],[96.94999807748074,30.820000000874696],[96.88749819066588,30.81999998752088],[96.82499832387141,30.819999940047992],[96.7624984422432,30.819999963649902],[96.69999859455561,30.81999998454214],[96.63749866822066,30.819999937117984],[96.57499879736615,30.820000004611604],[96.51249895477366,30.819999942246074],[96.44999903397962,30.819999945220587],[96.44999903397962,30.32000094434285]]]}"
00000000000000000283,895,54,82610.0,12298.592592592593,7708.0,5394.0,664124.0,"{""type"":""Polygon"",""coordinates"":[[[96.94999807748074,30.320000929522664],[97.01249851320925,30.32000098781947],[97.07499896351544,30.320000955392842],[97.13749938684082,30.32000099310793],[97.19999982553391,30.32000099453447],[97.26250024159937,30.320000945013714],[97.32500068108597,30.32000100010101],[97.38750110952894,30.320000969638382],[97.45000149410335,30.32000092580401],[97.45000149410335,30.819999996758657],[97.38750110952894,30.820000005356718],[97.32500068108597,30.819999935578956],[97.26250024159937,30.81999997718156],[97.19999982553391,30.819999971121764],[97.13749938684082,30.8199999370059],[97.07499896351545,30.81999997680046],[97.01249851320925,30.819999935188555],[96.94999807748074,30.820000000874696],[96.94999807748074,30.320000929522664]]]}"
00000000000000000284,896,223,67817.0,11197.264573991031,7722.0526315789475,4239.0,2496990.0,"{""type"":""Polygon"",""coordinates"":[[[97.45000149410335,30.32000092580401],[97.51250139054343,30.320000964302658],[97.57500126430105,30.320000953868337],[97.63750117042193,30.320000961114204],[97.7000010001831,30.32000097456635],[97.76250089490264,30.320000967959647],[97.8250007491285,30.320000929385472],[97.88750062481778,30.320000924304168],[97.95000050266914,30.320000935405684],[97.95000050266914,30.819999926807604],[97.88750062481778,30.819999972632584],[97.8250007491285,30.81999996786463],[97.76250089490264,30.819999929928784],[97.7000010001831,30.819999968076765],[97.63750117042193,30.819999920106895],[97.57500126430105,30.819999986731485],[97.51250139054343,30.820000005275457],[97.45000149410335,30.819999996758657],[97.45000149410335,30.32000092580401]]]}"
00000000000000000285,897,0,,,,,0.0,"{""type"":""Polygon"",""coordinates"":[[[97.95000050266914,30.320000935405684],[98.01250036495357,30.320000945172087],[98.07500027878137,30.320000930725605],[98.13750014641614,30.320000966564866],[98.20000003821951,30.320000941887596],[98.2624998594054,30.320000930823745],[98.32499976711529,30.32000099143592],[98.38749966969705,30.320000935242224],[98.44999956043617,30.32000091771224],[98.44999956043617,30.819999986077512],[98.38749966969705,30.819999992717996],[98.32499976711529,30.819999969398584],[98.2624998594054,30.819999935509244],[98.20000003821951,30.8199999919499],[98.13750014641614,30.81999999421306],[98.07500027878137,30.819999955634916],[98.01250036495357,30.819999986875796],[97.95000050266914,30.819999926807604],[97.95000050266914,30.320000935405684]]]}"
00000000000000000286,898,0,,,,,0.0,"{""type"":""Polygon"",""coordinates"":[[[98.44999956043617,30.32000091771224],[98.51249943413173,30.32000091935042],[98.57499928708933,30.320000920422657],[98.63749911711376,30.320000988260123],[98.69999900747618,30.320000922418263],[98.76249887512003,30.32000096982842],[98.82499880641363,30.320000929465095],[98.88749863693162,30.320000966223343],[98.94999854015231,30.320000960125903],[98.94999854015231,30.819999970585688],[98.88749863693162,30.8200000001966],[98.82499880641363,30.820000003643404],[98.76249887512004,30.819999926955322],[98.69999900747618,30.81999995374805],[98.63749911711376,30.81999993678578],[98.57499928708933,30.81999997812001],[98.51249943413173,30.81999992985011],[98.44999956043617,30.819999986077512],[98.44999956043617,30.32000091771224]]]}"
00000000000000000287,899,164,94981.0,16396.189024390245,10423.270833333332,5398.0,2688975.0,"{""type"":""Polygon"",""coordinates"":[[[98.94999854015231,30.320000960125903],[99.01249894448146,30.320000947621356],[99.07499935293878,30.320000941306883],[99.13749985949617,30.320001000402375],[99.2000002217807,30.320000945844455],[99.26250070551194,30.32000099889205],[99.32500115540873,30.320000974160823],[99.3875015864915,30.320000935785746],[99.45000201518567,30.320000947576972],[99.45000201518567,30.819999984498153],[99.38750158649148,30.81999996025926],[99.32500115540873,30.820000000502787],[99.26250070551194,30.81999995508671],[99.2000002217807,30.81999993412609],[99.13749985949617,30.819999948657983],[99.07499935293878,30.819999952564093],[99.01249894448146,30.819999950458133],[98.94999854015231,30.819999970585688],[98.94999854015231,30.320000960125903]]]}"
00000000000000000288,900,43,31643.0,11356.0,10031.0,3486.0,488308.0,"{""type"":""Polygon"",""coordinates"":[[[99.45000201518567,30.320000947576972],[99.5125018654743,30.320000942054932],[99.57500174951721,30.32000093971742],[99.63750160295518,30.320000922592413],[99.70000144757573,30.320000953394818],[99.76250139162286,30.320001001000318],[99.82500120435228,30.320000972396038],[99.88750108168577,30.320001003793767],[99.95000096556808,30.320000988941118],[99.95000096556808,30.819999925872565],[99.88750108168576,30.819999994809454],[99.82500120435228,30.81999994325097],[99.76250139162286,30.819999964004644],[99.70000144757573,30.820000008659797],[99.63750160295518,30.819999996342855],[99.57500174951721,30.819999958411184],[99.5125018654743,30.820000006303705],[99.45000201518567,30.819999984498153],[99.45000201518567,30.320000947576972]]]}"
00000000000000000289,901,397,125994.0,16459.74055415617,10039.277777777777,5393.0,6534517.0,"{""type"":""Polygon"",""coordinates"":[[[99.95000096556808,30.320000988941118],[100.01250088437155,30.320000989089877],[100.07500069700846,30.320000991297366],[100.13750060505761,30.320000956045345],[100.20000046983237,30.320000956986423],[100.26250032462946,30.320000967249676],[100.32500020405068,30.320000959642393],[100.38750014399517,30.3200009936512],[100.45000001014012,30.32000096818934],[100.45000001014012,30.81999996879138],[100.38750014399517,30.819999959891696],[100.32500020405068,30.81999998853081],[100.26250032462947,30.81999998221235],[100.20000046983237,30.81999996868128],[100.13750060505761,30.81999997535516],[100.07500069700846,30.81999994260407],[100.01250088437155,30.819999970640996],[99.95000096556808,30.819999925872565],[99.95000096556808,30.320000988941118]]]}"
0000000000000000028a,902,209,107375.0,16380.287081339713,10048.285714285714,2712.0,3423480.0,"{""type"":""Polygon"",""coordinates"":[[[100.45000001014012,30.32000096818934],[100.5124998406031,30.320000942344127],[100.57499976065216,30.320000967836872],[100.63749963926456,30.320000943006065],[100.69999951819264,30.32000092600399],[100.76249935439841,30.320000981722064],[100.8249992780695,30.320000986660887],[100.88749907622298,30.320000932630848],[100.94999896751168,30.320000949105445],[100.94999896751168,30.819999942437416],[100.88749907622298,30.819999995599034],[100.8249992780695,30.819999953348784],[100.76249935439841,30.819999946982726],[100.69999951819264,30.819999984765122],[100.63749963926456,30.81999993035307],[100.57499976065216,30.819999979181926],[100.5124998406031,30.819999987070815],[100.45000001014012,30.81999996879138],[100.45000001014012,30.32000096818934]]]}"
0000000000000000028b,903,76,97112.0,15843.618421052632,9254.75,5394.0,1204115.0,"{""type"":""Polygon"",""coordinates"":[[[100.94999896751168,30.320000949105445],[101.01249882717767,30.320000933350258],[101.07499870389056,30.32000094171838],[101.13749864753342,30.320000943301196],[101.19999844987971,30.32000092920826],[101.26249833570857,30.320000940060833],[101.32499827178705,30.320000951529366],[101.38749813924753,30.32000094671101],[101.44999799327965,30.320000980212537],[101.44999799327965,30.819999999278412],[101.38749813924753,30.819999985929325],[101.32499827178705,30.819999929350942],[101.26249833570857,30.81999994848911],[101.19999844987971,30.819999973897115],[101.13749864753342,30.819999943576047],[101.07499870389056,30.819999990670688],[101.01249882717767,30.819999951063384],[100.94999896751168,30.819999942437416],[100.94999896751168,30.320000949105445]]]}"
0000000000000000028c,904,0,,,,,0.0,"{""type"":""Polygon"",""coordinates"":[[[101.44999799327965,30.320000980212537],[101.51249841049612,30.320000973263724],[101.57499884204753,30.32000094624899],[101.63749925963809,30.320000960517817],[101.6999997227788,30.320000982603066],[101.7625001182872,30.32000099443406],[101.8250005946132,30.320000954138024],[101.88750104047836,30.32000092991714],[101.95000143238939,30.320000981887823],[101.95000143238939,30.819999977556197],[101.88750104047836,30.820000004329177],[101.8250005946132,30.819999936717597],[101.7625001182872,30.81999997423886],[101.6999997227788,30.819999962795382],[101.63749925963809,30.819999944617074],[101.57499884204753,30.819999937901937],[101.51249841049612,30.819999976393444],[101.44999799327965,30.819999999278412],[101.44999799327965,30.320000980212537]]]}"
0000000000000000028d,905,23,174499.0,18440.347826086956,9282.0,5403.0,424128.0,"{""type"":""Polygon"",""coordinates"":[[[101.95000143238939,30.320000981887823],[102.01250131215058,30.32000095029344],[102.07500118037699,30.32000093349216],[102.13750110367965,30.320000982611386],[102.2000009752185,30.32000099151369],[102.26250086349057,30.320000924182626],[102.32500066333235,30.32000093405011],[102.38750053252556,30.32000097614266],[102.45000045517783,30.32000093514881],[102.45000045517783,30.81999995677335],[102.38750053252556,30.819999982611435],[102.32500066333235,30.819999925205348],[102.26250086349057,30.819999986037317],[102.20000097521849,30.819999951619398],[102.13750110367965,30.819999928175775],[102.07500118037697,30.819999952061774],[102.01250131215058,30.819999956584937],[101.95000143238939,30.819999977556197],[101.95000143238939,30.320000981887823]]]}"
0000000000000000028e,906,8,19319.0,8873.25,6169.5,5409.0,70986.0,"{""type"":""Polygon"",""coordinates"":[[[102.45000045517783,30.32000093514881],[102.51250032874732,30.320000963750417],[102.57500022649201,30.320000937833154],[102.63750004749501,30.320000923118577],[102.69999995447873,30.32000095942323],[102.76249984827193,30.320000938866084],[102.82499971810891,30.320001004360286],[102.88749955406026,30.32000095258463],[102.94999943487058,30.320001003608837],[102.94999943487058,30.82000000123616],[102.88749955406026,30.819999951664606],[102.82499971810891,30.820000001109687],[102.76249984827193,30.81999993083116],[102.69999995447873,30.81999994371744],[102.63750004749501,30.819999983958468],[102.57500022649201,30.819999986871856],[102.51250032874732,30.819999999556227],[102.45000045517783,30.81999995677335],[102.45000045517783,30.32000093514881]]]}"
0000000000000000028f,907,0,,,,,0.0,"{""type"":""Polygon"",""coordinates"":[[[102.94999943487058,30.320001003608837],[103.01249935240315,30.32000095353468],[103.07499921140635,30.320000952976404],[103.13749909321939,30.320000961669926],[103.19999899214639,30.32000094792449],[103.26249881522786,30.320000975249492],[103.3249987344573,30.320000993403834],[103.38749857035549,30.320000988094655],[103.44999840847325,30.32000100394811],[103.44999840847325,30.81999999886374],[103.38749857035549,30.819999938440393],[103.3249987344573,30.819999978744146],[103.26249881522786,30.819999989820232],[103.19999899214639,30.819999986039868],[103.13749909321939,30.81999993198948],[103.07499921140636,30.819999936803068],[103.01249935240315,30.819999946353576],[102.94999943487058,30.82000000123616],[102.94999943487058,30.320001003608837]]]}"
00000000000000000290,908,0,,,,,0.0,"{""type"":""Polygon"",""coordinates"":[[[103.44999840847325,30.32000100394811],[103.51249886474936,30.320000943329795],[103.57499932114563,30.320000923359352],[103.6374997774681,30.320000996853892],[103.70000014592347,30.320000966879633],[103.76250060453198,30.320000953321244],[103.8250010670569,30.320000931263927],[103.88750144784625,30.32000096197334],[103.95000192741529,30.3200009916362],[103.95000192741529,30.819999973920684],[103.88750144784625,30.819999965888556],[103.8250010670569,30.81999994712423],[103.76250060453198,30.819999971896056],[103.70000014592347,30.819999979448863],[103.6374997774681,30.81999999487449],[103.57499932114563,30.819999985377283],[103.51249886474936,30.8199999754611],[103.44999840847325,30.81999999886374],[103.44999840847325,30.32000100394811]]]}"
00000000000000000291,909,6,24756.0,14313.833333333334,13927.0,8512.0,85883.0,"{""type"":""Polygon"",""coordinates"":[[[103.95000192741529,30.3200009916362],[104.01250180165823,30.320000975918557],[104.07500169504861,30.32000098520345],[104.13750152472561,30.32000099362746],[104.2000013857669,30.320000955711432],[104.2625012853988,30.320000921488454],[104.32500114279593,30.320000950548252],[104.38750105528894,30.32000099639807],[104.450000943384,30.320000945954927],[104.450000943384,30.819999971568983],[104.38750105528894,30.819999961983655],[104.32500114279593,30.81999992942776],[104.2625012853988,30.81999998689207],[104.2000013857669,30.82000000966034],[104.13750152472561,30.81999993861543],[104.07500169504861,30.819999981842503],[104.01250180165823,30.819999927689725],[103.95000192741529,30.819999973920684],[103.95000192741529,30.3200009916362]]]}"
00000000000000000292,910,4,10039.0,6949.75,6178.0,5404.0,27799.0,"{""type"":""Polygon"",""coordinates"":[[[104.450000943384,30.320000945954927],[104.512500817009,30.320000934322074],[104.57500068678307,30.320000924102953],[104.6375005640113,30.320000963674445],[104.70000037169314,30.320000939215614],[104.76250030042463,30.320000964246137],[104.825000185528,30.320000934618097],[104.88750004089037,30.320000983643844],[104.94999988105903,30.320000986372857],[104.94999988105903,30.819999976897815],[104.88750004089037,30.819999946786595],[104.825000185528,30.819999939941056],[104.76250030042463,30.819999995660886],[104.70000037169314,30.819999981596805],[104.6375005640113,30.820000001667264],[104.57500068678307,30.81999994350953],[104.512500817009,30.819999920809448],[104.450000943384,30.819999971568983],[104.450000943384,30.320000945954927]]]}"
00000000000000000293,911,2,5417.0,5416.0,5416.0,5415.0,10832.0,"{""type"":""Polygon"",""coordinates"":[[[104.94999988105903,30.320000986372857],[105.01249981039842,30.320000979102833],[105.07499966646854,30.320000943084146],[105.1374995548915,30.32000099993524],[105.19999940353478,30.3200009482648],[105.26249931936047,30.320000994840626],[105.3249991420986,30.320000948502877],[105.38749906929306,30.320000918808695],[105.44999894178211,30.32000097175345],[105.44999894178211,30.819999969488098],[105.38749906929306,30.81999995006453],[105.3249991420986,30.819999993211326],[105.26249931936047,30.819999947838816],[105.19999940353478,30.81999996218282],[105.1374995548915,30.819999970241895],[105.07499966646854,30.81999993777955],[105.01249981039842,30.819999980180633],[104.94999988105903,30.819999976897815],[104.94999988105903,30.320000986372857]]]}"
00000000000000000294,912,41,32389.0,8857.170731707318,7707.0,5393.0,363144.0,"{""type"":""Polygon"",""coordinates"":[[[105.44999894178211,30.32000097175345],[105.51249877961354,30.320000980150905],[105.57499869290272,30.320000977296637],[105.63749852402003,30.320000942920736],[105.69999838424833,30.320000995458475],[105.76249829603358,30.320000920829276],[105.82499819282427,30.320000944417046],[105.88749800852842,30.32000094854085],[105.94999794643947,30.32000095335373],[105.94999794643947,30.81999994047086],[105.88749800852842,30.819999973553916],[105.82499819282428,30.819999983580033],[105.76249829603358,30.819999951274262],[105.69999838424833,30.819999994212424],[105.63749852402003,30.819999973655978],[105.57499869290272,30.81999993250827],[105.51249877961354,30.819999924306607],[105.44999894178211,30.819999969488098],[105.44999894178211,30.32000097175345]]]}"
00000000000000000295,913,0,,,,,0.0,"{""type"":""Polygon"",""coordinates"":[[[105.94999794643947,30.32000095335373],[106.01249839000212,30.320000955820614],[106.07499873697631,30.320000990017085],[106.13749919243547,30.32000098929562],[106.19999960320456,30.32000093177364],[106.26250008579031,30.320000932595747],[106.32500048791435,30.320000969531286],[106.3875009271412,30.320000985913197],[106.45000134194315,30.320000947705843],[106.45000134194315,30.81999999976816],[106.3875009271412,30.819999941076674],[106.32500048791435,30.81999997107373],[106.26250008579031,30.819999953638877],[106.19999960320456,30.819999945896893],[106.13749919243547,30.81999997020367],[106.07499873697631,30.819999997832852],[106.01249839000212,30.81999996552035],[105.94999794643947,30.81999994047086],[105.94999794643947,30.32000095335373]]]}"
00000000000000000296,914,1,11132.0,11132.0,11132.0,11132.0,11132.0,"{""type"":""Polygon"",""coordinates"":[[[106.45000134194315,30.320000947705843],[106.51250122173896,30.320000964349788],[106.57500113489608,30.320000920665414],[106.63750102130584,30.320000952907126],[106.70000091124314,30.320000928964742],[106.76250074549382,30.320000984610772],[106.82500064529452,30.32000097540138],[106.88750046233555,30.32000096299265],[106.95000040889545,30.320000961209452],[106.95000040889545,30.819999919340194],[106.88750046233555,30.81999997535468],[106.82500064529452,30.819999925292997],[106.76250074549382,30.81999992640387],[106.70000091124314,30.82000000267232],[106.63750102130584,30.8199999582362],[106.57500113489608,30.81999999875216],[106.51250122173896,30.82000000093503],[106.45000134194315,30.81999999976816],[106.45000134194315,30.320000947705843]]]}"
00000000000000000297,915,28,54936.0,20332.35714285714,15069.5,5415.0,569306.0,"{""type"":""Polygon"",""coordinates"":[[[106.95000040889545,30.320000961209452],[107.01250024745117,30.320000957806446],[107.07500010115805,30.320000977917367],[107.13750000360177,30.320000972890103],[107.19999989867381,30.320000991226504],[107.26249973064182,30.32000099596654],[107.32499962457192,30.32000092551633],[107.38749952560921,30.320000998114416],[107.44999937926345,30.32000100556274],[107.44999937926345,30.81999995577705],[107.38749952560921,30.81999993178806],[107.3249996245719,30.81999997735654],[107.2624997306418,30.819999960602335],[107.19999989867381,30.820000004290936],[107.13750000360176,30.820000000647685],[107.07500010115804,30.81999998688918],[107.01250024745117,30.820000000124505],[106.95000040889545,30.819999919340194],[106.95000040889545,30.320000961209452]]]}"
00000000000000000298,916,1,12350.0,12350.0,12350.0,12350.0,12350.0,"{""type"":""Polygon"",""coordinates"":[[[107.44999937926345,30.32000100556274],[107.51249922168424,30.32000098289352],[107.57499908946542,30.32000096474943],[107.63749901963907,30.32000098538244],[107.69999886898934,30.32000093350308],[107.76249876564697,30.320001000622785],[107.8249986574864,30.320000977333798],[107.88749849272108,30.32000099458949],[107.94999840073855,30.32000098742222],[107.94999840073855,30.820000001858897],[107.88749849272108,30.819999956193392],[107.8249986574864,30.81999993106608],[107.76249876564697,30.819999992023],[107.69999886898934,30.819999924278655],[107.63749901963907,30.819999936860363],[107.57499908946542,30.820000009449796],[107.51249922168424,30.819999998657487],[107.44999937926345,30.81999995577705],[107.44999937926345,30.32000100556274]]]}"
00000000000000000299,917,4,7725.0,6952.5,6952.5,6180.0,27810.0,"{""type"":""Polygon"",""coordinates"":[[[107.94999840073855,30.32000098742222],[108.01249878272381,30.320000936941497],[108.07499922645422,30.32000093884159],[108.13749968162853,30.320000952764286],[108.20000009826589,30.32000093823479],[108.26250051721281,30.320000926601487],[108.3250009796999,30.320000948811977],[108.387501436792,30.320000963613882],[108.45000183986016,30.3200009296362],[108.45000183986016,30.819999963137313],[108.387501436792,30.819999944218388],[108.3250009796999,30.820000001854943],[108.26250051721281,30.82000000856193],[108.20000009826589,30.820000005874363],[108.13749968162853,30.819999963575714],[108.07499922645421,30.81999993573942],[108.01249878272381,30.81999996317946],[107.94999840073855,30.820000001858897],[107.94999840073855,30.32000098742222]]]}"
0000000000000000029a,918,144,45596.0,9802.215277777777,6950.523809523809,5402.0,1411519.0,"{""type"":""Polygon"",""coordinates"":[[[108.45000183986016,30.3200009296362],[108.51250168769621,30.32000095634386],[108.57500156618424,30.320000994802772],[108.63750142769644,30.320001002856586],[108.70000131552,30.320001009670566],[108.76250118265287,30.320000972632748],[108.8250010730305,30.320001005075817],[108.88750094026051,30.3200009791205],[108.95000082890888,30.32000100745468],[108.95000082890888,30.819999997521982],[108.8875009402605,30.819999951041382],[108.8250010730305,30.819999994343195],[108.76250118265287,30.8199999314082],[108.70000131552,30.81999997457255],[108.63750142769644,30.820000011633997],[108.57500156618424,30.820000001029957],[108.51250168769621,30.81999999888536],[108.45000183986016,30.819999963137313],[108.45000183986016,30.3200009296362]]]}"
0000000000000000029b,919,346,75680.0,10468.991329479768,7718.470588235294,5393.0,3622271.0,"{""type"":""Polygon"",""coordinates"":[[[108.95000082890888,30.32000100745468],[109.01250069317662,30.320000961781393],[109.07500057824282,30.320000954141136],[109.13750043888552,30.320000940477048],[109.20000032087941,30.320000947476778],[109.26250017956323,30.32000093061882],[109.32500006128967,30.32000100057572],[109.38749992194201,30.320000943148788],[109.44999980843326,30.320000952971448],[109.44999980843326,30.81999995399903],[109.38749992194201,30.819999999099753],[109.32500006128967,30.819999973507777],[109.26250017956323,30.819999936812483],[109.20000032087941,30.819999934371154],[109.13750043888552,30.819999940928273],[109.07500057824282,30.820000001371262],[109.01250069317662,30.820000005450673],[108.95000082890888,30.819999997521982],[108.95000082890888,30.32000100745468]]]}"
0000000000000000029c,920,326,63244.0,10183.521472392638,7714.333333333333,5393.0,3319828.0,"{""type"":""Polygon"",""coordinates"":[[[109.44999980843326,30.320000952971448],[109.51249967717493,30.320000984521368],[109.57499957562285,30.320000978078777],[109.63749946070045,30.320000972201374],[109.69999938038876,30.320000991059896],[109.76249920127421,30.320001002410653],[109.82499906265927,30.320000931267973],[109.88749892244346,30.320000983945285],[109.94999882960634,30.320000930123328],[109.94999882960634,30.81999994011764],[109.88749892244346,30.819999992403687],[109.82499906265929,30.819999964354146],[109.76249920127421,30.82000000204958],[109.69999938038876,30.819999984593785],[109.63749946070045,30.819999987626264],[109.57499957562284,30.8199999594459],[109.51249967717493,30.819999960857306],[109.44999980843326,30.81999995399903],[109.44999980843326,30.320000952971448]]]}"
0000000000000000029d,921,231,230374.0,16122.467532467532,8470.07142857143,4853.0,3724290.0,"{""type"":""Polygon"",""coordinates"":[[[109.94999882960634,30.320000930123328],[110.01249874251052,30.320000975505437],[110.07499861973156,30.320000988085624],[110.13749851093976,30.320000989905463],[110.19999837515131,30.320000932876532],[110.26249826248451,30.320000922675508],[110.32499813237996,30.320000994902735],[110.38749794447425,30.320000932296928],[110.44999784043416,30.320000993242875],[110.44999784043416,30.819999943816054],[110.38749794447425,30.819999949965666],[110.32499813237996,30.819999931899584],[110.26249826248451,30.81999996881008],[110.19999837515131,30.81999994199876],[110.13749851093975,30.819999984409954],[110.07499861973156,30.819999991536346],[110.01249874251052,30.819999927824675],[109.94999882960634,30.81999994011764],[109.94999882960634,30.320000930123328]]]}"
0000000000000000029e,922,0,,,,,0.0,"{""type"":""Polygon"",""coordinates"":[[[110.44999784043416,30.320000993242875],[110.5124982349368,30.32000096991656],[110.57499872458666,30.32000095560852],[110.63749917888184,30.32000099941479],[110.69999955841789,30.320000967238467],[110.76250000585576,30.32000094711608],[110.82500048216698,30.320000972463923],[110.88750085753803,30.320001007570905],[110.95000127517434,30.320000971268225],[110.95000127517434,30.819999958731422],[110.88750085753803,30.82000000520348],[110.82500048216698,30.819999995778346],[110.76250000585576,30.81999992856626],[110.69999955841789,30.820000007025175],[110.63749917888184,30.8199999471226],[110.57499872458666,30.81999999731194],[110.5124982349368,30.819999956515538],[110.44999784043416,30.819999943816054],[110.44999784043416,30.320000993242875]]]}"
0000000000000000029f,923,0,,,,,0.0,"{""type"":""Polygon"",""coordinates"":[[[110.95000127517434,30.320000971268225],[111.012501150796,30.32000098763813],[111.07500108272143,30.320000983155108],[111.13750094178911,30.32000092133729],[111.2000007809136,30.320000986743448],[111.26250065316742,30.32000094389168],[111.3250005208042,30.32000099193554],[111.38750043719087,30.32000097873702],[111.45000027388987,30.32000095069781],[111.45000027388987,30.820000000983978],[111.38750043719087,30.819999939996997],[111.3250005208042,30.81999995773656],[111.26250065316742,30.82000000845603],[111.2000007809136,30.819999993839073],[111.13750094178911,30.819999966799244],[111.07500108272143,30.819999995539682],[111.012501150796,30.81999998060219],[110.95000127517434,30.819999958731422],[110.95000127517434,30.320000971268225]]]}"
000000000000000002a0,924,0,,,,,0.0,"{""type"":""Polygon"",""coordinates"":[[[111.45000027388987,30.32000095069781],[111.51250017551725,30.320000991098983],[111.57500001390144,30.320000978233335],[111.63749993392162,30.32000099459569],[111.69999980765746,30.320001001852994],[111.76249968925852,30.320000930086046],[111.82499954201671,30.320000975916003],[111.8874994203104,30.32000098504558],[111.94999928765343,30.320000986151854],[111.94999928765343,30.819999931186203],[111.8874994203104,30.819999954858755],[111.82499954201671,30.819999974744498],[111.76249968925852,30.81999996290912],[111.69999980765746,30.819999990514845],[111.63749993392162,30.8199999456616],[111.57500001390144,30.819999982292444],[111.51250017551725,30.819999972139904],[111.45000027388987,30.820000000983978],[111.45000027388987,30.32000095069781]]]}"
000000000000000002a1,925,0,,,,,0.0,"{""type"":""Polygon"",""coordinates"":[[[111.94999928765343,30.320000986151854],[112.0124991986357,30.32000099165354],[112.07499902601046,30.320000962123608],[112.13749891553334,30.320000976906027],[112.19999883111501,30.32000097993206],[112.26249864580134,30.320000931226218],[112.32499859656178,30.320000976174917],[112.38749846565608,30.320000923554613],[112.44999830829926,30.320000950562548],[112.44999830829926,30.819999926876598],[112.38749846565608,30.819999917487987],[112.32499859656178,30.819999985830627],[112.26249864580134,30.819999956242434],[112.19999883111501,30.81999993624012],[112.13749891553334,30.819999948664968],[112.07499902601046,30.81999995059235],[112.0124991986357,30.81999999852452],[111.94999928765343,30.819999931186203],[111.94999928765343,30.320000986151854]]]}"
000000000000000002a2,926,0,,,,,0.0,"{""type"":""Polygon"",""coordinates"":[[[112.44999830829926,30.320000950562548],[112.51249872542826,30.320000968424445],[112.57499913573395,30.320000934188066],[112.63749959462092,30.320000940408416],[112.70000006661674,30.320000929051417],[112.76250042539426,30.320000941864436],[112.82500090837965,30.32000095386026],[112.88750129843872,30.32000093960478],[112.95000174215942,30.320000973256345],[112.95000174215942,30.81999998020691],[112.88750129843872,30.8200000059504],[112.82500090837965,30.819999988682667],[112.76250042539426,30.819999938540033],[112.70000006661674,30.819999964084282],[112.63749959462092,30.81999992556344],[112.57499913573395,30.81999994785589],[112.51249872542826,30.82000000643727],[112.44999830829926,30.819999926876598],[112.44999830829926,30.320000950562548]]]}"
000000000000000002a3,927,0,,,,,0.0,"{""type"":""Polygon"",""coordinates"":[[[112.95000174215942,30.320000973256345],[113.01250165895985,30.320000930085552],[113.07500155915373,30.320000983106855],[113.13750140764363,30.320000989465928],[113.20000126025225,30.32000095552375],[113.26250117281332,30.320000970289026],[113.32500101945124,30.320000990265367],[113.3875008560576,30.3200009377803],[113.45000073852206,30.32000098384108],[113.45000073852206,30.819999988010764],[113.3875008560576,30.820000006209145],[113.32500101945124,30.819999943151743],[113.26250117281332,30.819999960313368],[113.20000126025225,30.819999970550032],[113.13750140764363,30.819999934826424],[113.07500155915373,30.819999930994065],[113.01250165895985,30.81999995369714],[112.95000174215942,30.81999998020691],[112.95000174215942,30.320000973256345]]]}"
000000000000000002a4,928,5,12371.0,9738.4,10815.0,6955.0,48692.0,"{""type"":""Polygon"",""coordinates"":[[[113.45000073852206,30.32000098384108],[113.51250063189646,30.32000098412532],[113.57500050125826,30.320000960185975],[113.63750040251857,30.320000998943765],[113.70000030076775,30.320000955458344],[113.76250016111256,30.320000933376793],[113.82500003945233,30.320000935691947],[113.88749990088554,30.32000098248063],[113.94999980127372,30.320000993226863],[113.94999980127372,30.81999996548948],[113.88749990088554,30.819999993003027],[113.82500003945233,30.81999996430048],[113.76250016111256,30.81999996053416],[113.70000030076775,30.819999962402157],[113.63750040251857,30.819999967853768],[113.57500050125826,30.81999995696483],[113.51250063189646,30.81999999224145],[113.45000073852206,30.819999988010764],[113.45000073852206,30.32000098384108]]]}"
000000000000000002a5,929,7,22443.0,12045.42857142857,9287.0,5408.0,84318.0,"{""type"":""Polygon"",""coordinates"":[[[113.94999980127372,30.320000993226863],[114.01249961494779,30.320001005084514],[114.07499948848324,30.320001002171423],[114.13749938691707,30.32000100340532],[114.19999927528013,30.320000944786855],[114.26249911859477,30.320001010152076],[114.32499906323218,30.320000934023046],[114.3874988927758,30.32000093526636],[114.44999875351041,30.32000099569801],[114.44999875351041,30.819999991288178],[114.3874988927758,30.81999999544047],[114.32499906323218,30.81999994942467],[114.26249911859477,30.819999954817796],[114.19999927528013,30.819999958553243],[114.13749938691707,30.819999979272342],[114.07499948848324,30.819999999308887],[114.01249961494779,30.820000000760665],[113.94999980127372,30.81999996548948],[113.94999980127372,30.320000993226863]]]}"
000000000000000002a6,930,0,,,,,0.0,"{""type"":""Polygon"",""coordinates"":[[[114.44999875351041,30.32000099569801],[114.51249861031246,30.320000967436865],[114.57499851865737,30.32000093207761],[114.63749835271804,30.320001006890827],[114.69999825847623,30.320001007138693],[114.76249811002621,30.32000096716618],[114.82499805317266,30.320000948917404],[114.8874978713726,30.320001004440506],[114.94999780081427,30.32000092947008],[114.94999780081427,30.819999990442607],[114.8874978713726,30.819999963197596],[114.82499805317266,30.819999936265045],[114.76249811002621,30.81999995052984],[114.69999825847623,30.819999954380073],[114.63749835271804,30.819999969500948],[114.57499851865737,30.819999962242843],[114.51249861031246,30.81999995347359],[114.44999875351041,30.819999991288178],[114.44999875351041,30.32000099569801]]]}"
000000000000000002a7,931,0,,,,,0.0,"{""type"":""Polygon"",""coordinates"":[[[114.94999780081427,30.32000092947008],[115.01249816795351,30.320000994671535],[115.0749986654598,30.3200009400568],[115.13749907662935,30.320000981534243],[115.19999954668145,30.32000093179503],[115.26249994931185,30.320000987763954],[115.32500033907466,30.320000980083062],[115.38750077038793,30.32000098564965],[115.45000120714293,30.320000935316372],[115.45000120714293,30.819999982601797],[115.38750077038793,30.819999985619443],[115.32500033907466,30.819999974334664],[115.26249994931185,30.81999993656748],[115.19999954668145,30.819999960566335],[115.13749907662935,30.819999970339804],[115.0749986654598,30.819999934080965],[115.01249816795351,30.81999995770596],[114.94999780081427,30.819999990442607],[114.94999780081427,30.32000092947008]]]}"
000000000000000002a8,932,6,9277.0,6692.0,5793.0,5400.0,40152.0,"{""type"":""Polygon"",""coordinates"":[[[115.45000120714293,30.320000935316372],[115.51250107096507,30.320000954674093],[115.57500095838192,30.320001007365917],[115.63750083301515,30.320000941447695],[115.70000074871464,30.32000099607837],[115.76250057859622,30.320000955740387],[115.82500046656986,30.3200009578708],[115.887500375804,30.32000093145927],[115.95000026937656,30.320000969166497],[115.95000026937656,30.819999988763957],[115.887500375804,30.819999930979336],[115.82500046656986,30.819999971212518],[115.76250057859622,30.819999936316535],[115.70000074871464,30.819999979506285],[115.63750083301515,30.819999965204012],[115.57500095838192,30.819999945193818],[115.51250107096507,30.820000009288936],[115.45000120714293,30.819999982601797],[115.45000120714293,30.320000935316372]]]}"
000000000000000002a9,933,253,47083.0,10050.363636363636,7715.619047619048,4744.0,2542742.0,"{""type"":""Polygon"",""coordinates"":[[[115.95000026937656,30.320000969166497],[116.01250011027291,30.320000999577815],[116.07499995156216,30.32000093193372],[116.13749984612735,30.320001002389706],[116.1999997565261,30.320000974996617],[116.26249964521116,30.320000940914742],[116.32499947452831,30.320000990957467],[116.38749938684246,30.320000931583344],[116.44999925409569,30.320000954066476],[116.44999925409569,30.8199999463234],[116.38749938684246,30.819999990583952],[116.32499947452831,30.819999980309362],[116.26249964521116,30.819999969695125],[116.1999997565261,30.819999990088085],[116.13749984612735,30.819999951781142],[116.07499995156216,30.820000009319557],[116.01250011027291,30.81999999100402],[115.95000026937656,30.819999988763957],[115.95000026937656,30.320000969166497]]]}"
000000000000000002aa,934,293,93242.0,12637.754266211605,8479.2,5050.0,3702862.0,"{""type"":""Polygon"",""coordinates"":[[[116.44999925409569,30.320000954066476],[116.51249912824201,30.320000965386004],[116.57499897102883,30.320000973434336],[116.63749883404937,30.32000096621145],[116.69999876867364,30.320000931297635],[116.76249864621,30.32000097688518],[116.82499851772049,30.320000926957018],[116.8874983441674,30.32000095097096],[116.94999826605553,30.320000933852388],[116.94999826605553,30.819999989713487],[116.8874983441674,30.81999997710137],[116.82499851772049,30.819999942019344],[116.76249864621,30.819999919317816],[116.69999876867364,30.819999984666033],[116.63749883404937,30.81999998967442],[116.57499897102883,30.819999989577784],[116.51249912824201,30.819999997884377],[116.44999925409569,30.8199999463234],[116.44999925409569,30.320000954066476]]]}"
000000000000000002ab,935,176,833539.0,33196.59659090909,9654.589743589744,5405.0,5842601.0,"{""type"":""Polygon"",""coordinates"":[[[116.94999826605553,30.320000933852388],[117.01249869297735,30.320000944346507],[117.07499913599196,30.320000924346836],[117.1374995553392,30.32000096046416],[117.20000000084326,30.320000956272686],[117.26250043236597,30.320000916464615],[117.32500080961704,30.32000100798232],[117.38750127144553,30.32000095079317],[117.45000168746127,30.32000093136519],[117.45000168746127,30.819999959966196],[117.38750127144553,30.81999999844617],[117.32500080961704,30.82000000460807],[117.26250043236597,30.81999995513777],[117.20000000084326,30.819999968562204],[117.1374995553392,30.819999960378116],[117.07499913599196,30.81999992679799],[117.01249869297735,30.81999996504621],[116.94999826605553,30.819999989713487],[116.94999826605553,30.320000933852388]]]}"
000000000000000002ac,936,319,412630.0,18979.495297805643,9320.32,2899.0,6054459.0,"{""type"":""Polygon"",""coordinates"":[[[117.45000168746127,30.32000093136519],[117.51250156887173,30.320000973793686],[117.57500141246646,30.32000095994005],[117.6375013560503,30.320000933104144],[117.70000117902012,30.320000936717765],[117.76250110819338,30.32000099277261],[117.82500092265155,30.320000982236852],[117.88750084859045,30.320000926269298],[117.9500006647658,30.32000094844898],[117.9500006647658,30.819999944482028],[117.88750084859045,30.819999970191994],[117.82500092265155,30.819999996125738],[117.76250110819338,30.819999980144534],[117.70000117902012,30.819999983647673],[117.6375013560503,30.819999964108057],[117.57500141246646,30.819999982056906],[117.51250156887173,30.81999999457646],[117.45000168746127,30.819999959966196],[117.45000168746127,30.32000093136519]]]}"
000000000000000002ad,937,149,130450.0,15112.422818791947,8500.5,5400.0,2251751.0,"{""type"":""Polygon"",""coordinates"":[[[117.9500006647658,30.32000094844898],[118.01250059673546,30.320000987928232],[118.07500042291933,30.32000100601352],[118.13750027893767,30.32000096190069],[118.20000021071498,30.32000099665098],[118.26250008541567,30.320000969393384],[118.32499994851155,30.32000093980097],[118.38749984514642,30.320000967018487],[118.44999973101154,30.320000969355306],[118.44999973101154,30.81999995581455],[118.38749984514642,30.819999937106825],[118.32499994851155,30.819999968361696],[118.26250008541567,30.819999971033777],[118.20000021071498,30.819999967802072],[118.13750027893767,30.81999998094193],[118.07500042291933,30.81999999040183],[118.01250059673546,30.819999937332206],[117.9500006647658,30.819999944482028],[117.9500006647658,30.32000094844898]]]}"
000000000000000002ae,938,118,103617.0,14548.483050847457,9306.42857142857,3855.0,1716721.0,"{""type"":""Polygon"",""coordinates"":[[[118.44999973101154,30.320000969355306],[118.51249956159539,30.320000945678366],[118.57499947028623,30.320000932981287],[118.63749932293841,30.320000950514157],[118.69999916329995,30.320000975043733],[118.76249903476817,30.320000982939664],[118.82499898038535,30.320000950175537],[118.88749886507792,30.3200009755201],[118.94999873137841,30.320000953921994],[118.9499987313784,30.819999978307344],[118.88749886507792,30.819999987493944],[118.82499898038535,30.819999935626512],[118.76249903476817,30.820000008810236],[118.69999916329995,30.819999948868293],[118.63749932293841,30.81999994142734],[118.57499947028623,30.81999993101752],[118.51249956159542,30.819999941992588],[118.44999973101154,30.81999995581455],[118.44999973101154,30.320000969355306]]]}"
000000000000000002af,939,48,47179.0,9469.354166666666,7738.5,5400.0,454529.0,"{""type"":""Polygon"",""coordinates"":[[[118.94999873137841,30.320000953921994],[119.01249915429268,30.320000972833267],[119.07499955357449,30.320000995661157],[119.13749997075175,30.32000099673454],[119.20000044697548,30.32000094999154],[119.26250084569612,30.320000952533064],[119.32500129614436,30.3200009560041],[119.38750174984433,30.320000954957916],[119.45000215807949,30.32000094374557],[119.45000215807949,30.81999996465218],[119.38750174984433,30.819999959590117],[119.32500129614436,30.820000001275954],[119.26250084569612,30.819999936446784],[119.20000044697548,30.81999993136735],[119.13749997075175,30.819999955797933],[119.07499955357449,30.819999993702073],[119.01249915429268,30.81999999227256],[118.9499987313784,30.819999978307344],[118.94999873137841,30.320000953921994]]]}"
000000000000000002b0,940,50,51800.0,10715.46,6967.0,5401.0,535773.0,"{""type"":""Polygon"",""coordinates"":[[[119.45000215807949,30.32000094374557],[119.51250202934987,30.320000945556576],[119.57500193431872,30.320000962159796],[119.63750182330921,30.320000986928086],[119.70000164639437,30.32000093300951],[119.7625015301001,30.32000098942217],[119.82500142375648,30.32000098855075],[119.88750127643594,30.320001002626668],[119.95000112518373,30.320001001505446],[119.95000112518373,30.819999994241478],[119.88750127643594,30.819999964197695],[119.82500142375648,30.81999996640502],[119.7625015301001,30.81999995253934],[119.70000164639437,30.819999931316595],[119.63750182330921,30.81999999102535],[119.57500193431869,30.81999994486192],[119.51250202934987,30.819999960144404],[119.45000215807949,30.81999996465218],[119.45000215807949,30.32000094374557]]]}"
000000000000000002b1,941,13,16988.0,8136.461538461538,6959.0,5397.0,105774.0,"{""type"":""Polygon"",""coordinates"":[[[119.95000112518373,30.320001001505446],[120.01250100662233,30.3200009546645],[120.07500086879638,30.32000101310096],[120.13750074759342,30.320000985891316],[120.20000067846723,30.320000921280712],[120.262500520381,30.320000991495018],[120.32500039614503,30.320000982435154],[120.38750025207365,30.320000963635607],[120.45000012210245,30.320000981788297],[120.45000012210245,30.81999995659589],[120.38750025207365,30.81999996878048],[120.32500039614503,30.819999976171683],[120.262500520381,30.819999933504505],[120.20000067846723,30.819999931396737],[120.13750074759342,30.819999946415457],[120.07500086879638,30.819999966591528],[120.01250100662233,30.81999994520674],[119.95000112518373,30.819999994241478],[119.95000112518373,30.320001001505446]]]}"
000000000000000002b2,942,0,,,,,0.0,"{""type"":""Polygon"",""coordinates"":[[[120.45000012210245,30.320000981788297],[120.51250003971631,30.320000923901834],[120.57499995013146,30.32000093802641],[120.63749979827895,30.320000933190613],[120.69999970425633,30.320000931949547],[120.76249952447415,30.32000094495565],[120.82499937814268,30.320000993909282],[120.88749929623037,30.32000096389703],[120.94999913413275,30.320000944238103],[120.94999913413275,30.81999993988443],[120.88749929623037,30.81999996898324],[120.82499937814268,30.81999995751927],[120.76249952447415,30.819999975495374],[120.69999970425633,30.819999980485672],[120.63749979827895,30.81999995243715],[120.57499995013146,30.81999996067006],[120.51250003971631,30.81999998437761],[120.45000012210245,30.81999995659589],[120.45000012210245,30.320000981788297]]]}"
000000000000000002b6,973,4,24574.0,12091.5,8059.0,7674.0,48366.0,"{""type"":""Polygon"",""coordinates"":[[[93.94999960593937,30.820000002323],[94.01249949773391,30.81999995047768],[94.07499932581992,30.81999992930407],[94.13749925693915,30.819999924194796],[94.19999907051182,30.81999993258961],[94.26249893896392,30.819999939320276],[94.32499888152411,30.819999933837767],[94.38749868483447,30.82000000072932],[94.44999860844463,30.819999946248345],[94.44999860844463,31.319998990638453],[94.38749868483447,31.319998980568197],[94.32499888152411,31.319998966240252],[94.26249893896392,31.31999896662384],[94.19999907051182,31.31999898461377],[94.13749925693915,31.31999894372111],[94.07499932581992,31.319998946357572],[94.01249949773391,31.31999899509568],[93.94999960593937,31.319998930391826],[93.94999960593937,30.820000002323]]]}"
000000000000000002b7,974,0,,,,,0.0,"{""type"":""Polygon"",""coordinates"":[[[94.44999860844463,30.819999946248345],[94.51249899438173,30.81999992300635],[94.57499948033731,30.819999932661254],[94.63749986253082,30.819999971766677],[94.70000033333426,30.819999935351902],[94.76250077256014,30.81999999171586],[94.82500122016097,30.819999953529745],[94.88750163959361,30.819999985864158],[94.95000207588929,30.819999988302254],[94.95000207588929,31.319998939497143],[94.88750163959361,31.319998989405033],[94.82500122016097,31.319998951001573],[94.76250077256014,31.319998924431378],[94.70000033333426,31.319999006647265],[94.63749986253082,31.319998948964763],[94.57499948033731,31.319998932168968],[94.51249899438173,31.319998973938333],[94.44999860844463,31.319998990638453],[94.44999860844463,30.819999946248345]]]}"
000000000000000002b8,975,4,19189.0,11320.5,9977.0,6139.0,45282.0,"{""type"":""Polygon"",""coordinates"":[[[94.95000207588929,30.819999988302254],[95.01250194192168,30.819999972025645],[95.07500184198575,30.819999990059824],[95.13750166973509,30.81999994739844],[95.20000155959141,30.820000001667122],[95.26250140983149,30.819999970044492],[95.32500128021587,30.819999925339],[95.38750115322064,30.819999943279754],[95.45000109351848,30.819999921262923],[95.45000109351848,31.319998944737748],[95.38750115322064,31.319998969565617],[95.32500128021587,31.319998981965423],[95.26250140983149,31.319998997275682],[95.20000155959141,31.319998940204165],[95.13750166973509,31.319998999528682],[95.07500184198575,31.319998922209408],[95.01250194192168,31.31999898669754],[94.95000207588929,31.319998939497143],[94.95000207588929,30.819999988302254]]]}"
000000000000000002b9,976,0,,,,,0.0,"{""type"":""Polygon"",""coordinates"":[[[95.45000109351848,30.819999921262923],[95.51250092820683,30.819999941258104],[95.57500080644753,30.819999984206195],[95.63750071985578,30.819999950100748],[95.70000058193946,30.82000000430251],[95.76250046883146,30.819999955557027],[95.82500029823704,30.819999968815747],[95.88750015080656,30.819999939613943],[95.95000002904636,30.819999941435103],[95.95000002904636,31.31999895299882],[95.88750015080656,31.319999001357615],[95.82500029823704,31.319998932809447],[95.76250046883146,31.319998935241784],[95.70000058193946,31.319998938947492],[95.63750071985578,31.319998953736818],[95.57500080644753,31.319998996299788],[95.51250092820683,31.31999898905515],[95.45000109351848,31.319998944737748],[95.45000109351848,30.819999921262923]]]}"
000000000000000002ba,977,22,23855.0,9898.40909090909,8470.0,5373.0,217765.0,"{""type"":""Polygon"",""coordinates"":[[[95.95000002904636,30.819999941435103],[96.0124999376128,30.819999960169856],[96.0749998024979,30.81999998523588],[96.13749971327046,30.819999998307804],[96.1999995190427,30.819999992232205],[96.26249939459098,30.819999944276926],[96.32499927405166,30.819999930237973],[96.38749917454423,30.819999934503546],[96.44999903397962,30.819999945220587],[96.44999903397962,31.319998955166067],[96.38749917454422,31.319998965361236],[96.32499927405166,31.319999006800657],[96.26249939459098,31.31999900450273],[96.1999995190427,31.319998974183687],[96.13749971327046,31.319998927414872],[96.0749998024979,31.319998974066827],[96.0124999376128,31.31999894745605],[95.95000002904636,31.31999895299882],[95.95000002904636,30.819999941435103]]]}"
000000000000000002bb,978,85,56002.0,11416.835294117647,7669.8,5366.0,970431.0,"{""type"":""Polygon"",""coordinates"":[[[96.44999903397962,30.819999945220587],[96.51249895477366,30.819999942246074],[96.57499879736615,30.820000004611604],[96.63749866822066,30.819999937117984],[96.69999859455561,30.81999998454214],[96.7624984422432,30.819999963649902],[96.82499832387141,30.819999940047992],[96.88749819066588,30.81999998752088],[96.94999807748074,30.820000000874696],[96.94999807748074,31.31999893219677],[96.88749819066588,31.319999008650118],[96.82499832387141,31.319998987580792],[96.7624984422432,31.31999897394414],[96.69999859455561,31.319998981271265],[96.63749866822066,31.31999894449623],[96.57499879736615,31.31999895930289],[96.51249895477366,31.319998955904982],[96.44999903397962,31.319998955166067],[96.44999903397962,30.819999945220587]]]}"
000000000000000002bc,979,114,142478.0,14192.026315789473,9566.0,5379.0,1617891.0,"{""type"":""Polygon"",""coordinates"":[[[96.94999807748074,30.820000000874696],[97.01249851320925,30.819999935188555],[97.07499896351545,30.81999997680046],[97.13749938684082,30.8199999370059],[97.19999982553391,30.819999971121764],[97.26250024159937,30.81999997718156],[97.32500068108597,30.819999935578956],[97.38750110952894,30.820000005356718],[97.45000149410335,30.819999996758657],[97.45000149410335,31.31999893582361],[97.38750110952894,31.319998941928066],[97.32500068108597,31.319998978524023],[97.26250024159937,31.319998974380766],[97.19999982553391,31.31999894486897],[97.13749938684082,31.319998996573908],[97.07499896351544,31.319998970756785],[97.01249851320925,31.319998973435347],[96.94999807748074,31.31999893219677],[96.94999807748074,30.820000000874696]]]}"
000000000000000002bd,980,33,21467.0,8498.818181818182,7695.0,5388.0,280461.0,"{""type"":""Polygon"",""coordinates"":[[[97.45000149410335,30.819999996758657],[97.51250139054343,30.820000005275457],[97.57500126430105,30.819999986731485],[97.63750117042193,30.819999920106895],[97.7000010001831,30.819999968076765],[97.76250089490264,30.819999929928784],[97.8250007491285,30.81999996786463],[97.88750062481778,30.819999972632584],[97.95000050266914,30.819999926807604],[97.95000050266914,31.319998951511593],[97.88750062481778,31.319999001650512],[97.8250007491285,31.3199989346934],[97.76250089490264,31.319998941647313],[97.7000010001831,31.31999895812085],[97.63750117042193,31.31999899619913],[97.57500126430105,31.319998995835256],[97.51250139054343,31.319998968646463],[97.45000149410335,31.31999893582361],[97.45000149410335,30.819999996758657]]]}"
000000000000000002be,981,34,51512.0,10375.529411764706,7685.0,5374.0,352768.0,"{""type"":""Polygon"",""coordinates"":[[[97.95000050266914,30.819999926807604],[98.01250036495357,30.819999986875796],[98.07500027878137,30.819999955634916],[98.13750014641614,30.81999999421306],[98.20000003821951,30.8199999919499],[98.2624998594054,30.819999935509244],[98.32499976711529,30.819999969398584],[98.38749966969705,30.819999992717996],[98.44999956043617,30.819999986077512],[98.44999956043615,31.31999897456915],[98.38749966969705,31.319999007045336],[98.32499976711529,31.319998941240883],[98.2624998594054,31.319998969997854],[98.20000003821951,31.319998933965547],[98.13750014641614,31.31999894959398],[98.07500027878137,31.31999894365217],[98.01250036495357,31.31999893993228],[97.95000050266914,31.319998951511593],[97.95000050266914,30.819999926807604]]]}"
000000000000000002bf,982,256,218453.0,17541.11328125,9727.411764705883,5367.0,4490525.0,"{""type"":""Polygon"",""coordinates"":[[[98.44999956043617,30.819999986077512],[98.51249943413173,30.81999992985011],[98.57499928708933,30.81999997812001],[98.63749911711376,30.81999993678578],[98.69999900747618,30.81999995374805],[98.76249887512004,30.819999926955322],[98.82499880641363,30.820000003643404],[98.88749863693162,30.8200000001966],[98.94999854015231,30.819999970585688],[98.94999854015231,31.31999894563407],[98.88749863693162,31.31999895069791],[98.82499880641363,31.31999894588991],[98.76249887512003,31.31999896446108],[98.69999900747618,31.31999892960687],[98.63749911711376,31.31999895478921],[98.57499928708933,31.319998968606605],[98.51249943413173,31.319998997312567],[98.44999956043615,31.31999897456915],[98.44999956043617,30.819999986077512]]]}"
000000000000000002c0,983,122,89164.0,12167.04918032787,8458.57142857143,5370.0,1484380.0,"{""type"":""Polygon"",""coordinates"":[[[98.94999854015231,30.819999970585688],[99.01249894448146,30.819999950458133],[99.07499935293878,30.819999952564093],[99.13749985949617,30.819999948657983],[99.2000002217807,30.81999993412609],[99.26250070551194,30.81999995508671],[99.32500115540873,30.820000000502787],[99.38750158649148,30.81999996025926],[99.45000201518567,30.819999984498153],[99.45000201518567,31.3199989265807],[99.3875015864915,31.319998930733302],[99.32500115540873,31.319998926809674],[99.26250070551194,31.319998938551315],[99.2000002217807,31.31999898941238],[99.13749985949617,31.31999900397222],[99.07499935293878,31.319998936785705],[99.01249894448146,31.319998965542744],[98.94999854015231,31.31999894563407],[98.94999854015231,30.819999970585688]]]}"
000000000000000002c1,984,31,47694.0,12431.161290322581,9987.0,5373.0,385366.0,"{""type"":""Polygon"",""coordinates"":[[[99.45000201518567,30.819999984498153],[99.5125018654743,30.820000006303705],[99.57500174951721,30.819999958411184],[99.63750160295518,30.819999996342855],[99.70000144757573,30.820000008659797],[99.76250139162286,30.819999964004644],[99.82500120435228,30.81999994325097],[99.88750108168576,30.819999994809454],[99.95000096556808,30.819999925872565],[99.95000096556808,31.31999895234467],[99.88750108168576,31.319998944891225],[99.82500120435228,31.31999900226129],[99.76250139162286,31.319998971071577],[99.70000144757573,31.319998976387456],[99.63750160295518,31.319998937712878],[99.57500174951721,31.31999897311537],[99.5125018654743,31.31999893450839],[99.45000201518567,31.3199989265807],[99.45000201518567,30.819999984498153]]]}"
000000000000000002c2,985,134,110128.0,12914.91791044776,8849.690476190477,5377.0,1730599.0,"{""type"":""Polygon"",""coordinates"":[[[99.95000096556808,30.819999925872565],[100.01250088437155,30.819999970640996],[100.07500069700846,30.81999994260407],[100.13750060505761,30.81999997535516],[100.20000046983237,30.81999996868128],[100.26250032462947,30.81999998221235],[100.32500020405068,30.81999998853081],[100.38750014399517,30.819999959891696],[100.45000001014012,30.81999996879138],[100.45000001014012,31.31999896634014],[100.38750014399517,31.319998968110532],[100.32500020405068,31.319998930763116],[100.26250032462946,31.319998954879203],[100.20000046983237,31.31999898211438],[100.13750060505761,31.319998953747916],[100.07500069700846,31.319998983417605],[100.01250088437155,31.3199989983472],[99.95000096556808,31.31999895234467],[99.95000096556808,30.819999925872565]]]}"
000000000000000002c3,986,54,95475.0,16045.574074074075,9222.5,5376.0,866461.0,"{""type"":""Polygon"",""coordinates"":[[[100.45000001014012,30.81999996879138],[100.5124998406031,30.819999987070815],[100.57499976065216,30.819999979181926],[100.63749963926456,30.81999993035307],[100.69999951819264,30.819999984765122],[100.76249935439841,30.819999946982726],[100.8249992780695,30.819999953348784],[100.88749907622298,30.819999995599034],[100.94999896751168,30.819999942437416],[100.94999896751168,31.319998997094437],[100.88749907622298,31.319998993631568],[100.8249992780695,31.31999898857607],[100.76249935439841,31.319998940803124],[100.69999951819264,31.319998944824913],[100.63749963926456,31.319998951572913],[100.57499976065216,31.319998983424934],[100.5124998406031,31.319998983391006],[100.45000001014012,31.31999896634014],[100.45000001014012,30.81999996879138]]]}"
000000000000000002c4,987,50,153531.0,19994.38,11153.0,5378.0,999719.0,"{""type"":""Polygon"",""coordinates"":[[[100.94999896751168,30.819999942437416],[101.01249882717767,30.819999951063384],[101.07499870389056,30.819999990670688],[101.13749864753342,30.819999943576047],[101.19999844987971,30.819999973897115],[101.26249833570857,30.81999994848911],[101.32499827178705,30.819999929350942],[101.38749813924753,30.819999985929325],[101.44999799327965,30.819999999278412],[101.44999799327965,31.319998955362163],[101.38749813924753,31.319998924555303],[101.32499827178705,31.31999894162241],[101.26249833570857,31.31999895317122],[101.19999844987971,31.319998976336386],[101.13749864753342,31.319998949657464],[101.07499870389056,31.319999006312077],[101.01249882717767,31.319998982933253],[100.94999896751168,31.319998997094437],[100.94999896751168,30.819999942437416]]]}"
000000000000000002c5,988,36,42932.0,11724.666666666666,8057.5,5368.0,422088.0,"{""type"":""Polygon"",""coordinates"":[[[101.44999799327965,30.819999999278412],[101.51249841049612,30.819999976393444],[101.57499884204753,30.819999937901937],[101.63749925963809,30.819999944617074],[101.6999997227788,30.819999962795382],[101.7625001182872,30.81999997423886],[101.8250005946132,30.819999936717597],[101.88750104047836,30.820000004329177],[101.95000143238939,30.819999977556197],[101.95000143238939,31.319998942748217],[101.88750104047836,31.319998926197457],[101.8250005946132,31.31999898987208],[101.7625001182872,31.319998988719057],[101.6999997227788,31.31999894149203],[101.63749925963809,31.319998976826373],[101.57499884204753,31.31999894093189],[101.51249841049612,31.319998953866182],[101.44999799327965,31.319998955362163],[101.44999799327965,30.819999999278412]]]}"
000000000000000002c6,989,16,29140.0,12374.5625,12271.0,5379.0,197993.0,"{""type"":""Polygon"",""coordinates"":[[[101.95000143238939,30.819999977556197],[102.01250131215058,30.819999956584937],[102.07500118037697,30.819999952061774],[102.13750110367965,30.819999928175775],[102.20000097521849,30.819999951619398],[102.26250086349057,30.819999986037317],[102.32500066333235,30.819999925205348],[102.38750053252556,30.819999982611435],[102.45000045517783,30.81999995677335],[102.45000045517783,31.319998964251297],[102.38750053252556,31.319998941625137],[102.32500066333235,31.319999007191367],[102.26250086349057,31.319998932386415],[102.20000097521849,31.31999893473416],[102.13750110367965,31.319998948411378],[102.07500118037699,31.319999010059274],[102.01250131215058,31.319998967488917],[101.95000143238939,31.319998942748217],[101.95000143238939,30.819999977556197]]]}"
000000000000000002c7,990,48,126084.0,13117.791666666666,8447.5,5370.0,629654.0,"{""type"":""Polygon"",""coordinates"":[[[102.45000045517783,30.81999995677335],[102.51250032874732,30.819999999556227],[102.57500022649201,30.819999986871856],[102.63750004749501,30.819999983958468],[102.69999995447873,30.81999994371744],[102.76249984827193,30.81999993083116],[102.82499971810891,30.820000001109687],[102.88749955406026,30.819999951664606],[102.94999943487058,30.82000000123616],[102.94999943487058,31.319998985863922],[102.88749955406026,31.319998992084415],[102.82499971810891,31.319998921720792],[102.76249984827193,31.31999898639384],[102.69999995447873,31.31999895949467],[102.63750004749501,31.319998957394283],[102.57500022649201,31.319999001766156],[102.51250032874732,31.319998968389843],[102.45000045517783,31.319998964251297],[102.45000045517783,30.81999995677335]]]}"
000000000000000002c8,991,29,41501.0,10634.241379310344,6925.0,5371.0,308393.0,"{""type"":""Polygon"",""coordinates"":[[[102.94999943487058,30.82000000123616],[103.01249935240315,30.819999946353576],[103.07499921140636,30.819999936803068],[103.13749909321939,30.81999993198948],[103.19999899214639,30.819999986039868],[103.26249881522786,30.819999989820232],[103.3249987344573,30.819999978744146],[103.38749857035549,30.819999938440393],[103.44999840847325,30.81999999886374],[103.44999840847325,31.319998966436128],[103.38749857035549,31.31999900364926],[103.3249987344573,31.319998963258673],[103.26249881522786,31.319998973350014],[103.19999899214639,31.3199989626993],[103.13749909321939,31.31999898238401],[103.07499921140636,31.319998969899007],[103.01249935240315,31.31999895742108],[102.94999943487058,31.319998985863922],[102.94999943487058,30.82000000123616]]]}"
000000000000000002c9,992,274,200149.0,18676.321167883212,9648.708333333334,5368.0,5117312.0,"{""type"":""Polygon"",""coordinates"":[[[103.44999840847325,30.81999999886374],[103.51249886474936,30.8199999754611],[103.57499932114563,30.819999985377283],[103.6374997774681,30.81999999487449],[103.70000014592347,30.819999979448863],[103.76250060453198,30.819999971896056],[103.8250010670569,30.81999994712423],[103.88750144784625,30.819999965888556],[103.95000192741529,30.819999973920684],[103.95000192741529,31.319998985041195],[103.88750144784625,31.31999897090442],[103.8250010670569,31.31999893618509],[103.762500604532,31.3199989355899],[103.70000014592347,31.319998994477196],[103.6374997774681,31.31999896693706],[103.57499932114563,31.31999899215662],[103.51249886474936,31.319999009211447],[103.44999840847325,31.319998966436128],[103.44999840847325,30.81999999886374]]]}"
000000000000000002ca,993,2,7534.0,6450.5,6450.5,5367.0,12901.0,"{""type"":""Polygon"",""coordinates"":[[[103.95000192741529,30.819999973920684],[104.01250180165823,30.819999927689725],[104.07500169504861,30.819999981842503],[104.13750152472561,30.81999993861543],[104.2000013857669,30.82000000966034],[104.2625012853988,30.81999998689207],[104.32500114279593,30.81999992942776],[104.38750105528894,30.819999961983655],[104.450000943384,30.819999971568983],[104.450000943384,31.319998981262742],[104.38750105528894,31.3199989718686],[104.32500114279593,31.319998926606317],[104.2625012853988,31.319998958299387],[104.2000013857669,31.31999894329766],[104.13750152472561,31.31999899398268],[104.07500169504861,31.319998976104177],[104.01250180165823,31.319998935872583],[103.95000192741529,31.319998985041195],[103.95000192741529,30.819999973920684]]]}"
000000000000000002cb,994,2,8461.0,6921.5,6921.5,5382.0,13843.0,"{""type"":""Polygon"",""coordinates"":[[[104.450000943384,30.819999971568983],[104.512500817009,30.819999920809448],[104.57500068678307,30.81999994350953],[104.6375005640113,30.820000001667264],[104.70000037169314,30.819999981596805],[104.76250030042463,30.819999995660886],[104.825000185528,30.819999939941056],[104.88750004089037,30.819999946786595],[104.94999988105903,30.819999976897815],[104.94999988105903,31.31999897806905],[104.88750004089037,31.31999898228217],[104.825000185528,31.319998993258192],[104.76250030042463,31.31999896526423],[104.70000037169314,31.319998937565895],[104.6375005640113,31.31999892852286],[104.57500068678307,31.319998997689957],[104.512500817009,31.319999002525286],[104.450000943384,31.319998981262742],[104.450000943384,30.819999971568983]]]}"
000000000000000002cc,995,0,,,,,0.0,"{""type"":""Polygon"",""coordinates"":[[[104.94999988105903,30.819999976897815],[105.01249981039842,30.819999980180633],[105.07499966646854,30.81999993777955],[105.1374995548915,30.819999970241895],[105.19999940353478,30.81999996218282],[105.26249931936047,30.819999947838816],[105.3249991420986,30.819999993211326],[105.38749906929306,30.81999995006453],[105.44999894178211,30.819999969488098],[105.44999894178211,31.319998989541027],[105.38749906929306,31.31999898141095],[105.3249991420986,31.319998930522946],[105.26249931936047,31.31999894210263],[105.19999940353478,31.31999899423251],[105.1374995548915,31.319998936140347],[105.07499966646854,31.31999899000344],[105.01249981039842,31.319998930135192],[104.94999988105903,31.31999897806905],[104.94999988105903,30.819999976897815]]]}"
000000000000000002cd,996,117,51402.0,9020.504273504273,6923.25,5365.0,1055399.0,"{""type"":""Polygon"",""coordinates"":[[[105.44999894178211,30.819999969488098],[105.51249877961354,30.819999924306607],[105.57499869290272,30.81999993250827],[105.63749852402003,30.819999973655978],[105.69999838424833,30.819999994212424],[105.76249829603358,30.819999951274262],[105.82499819282428,30.819999983580033],[105.88749800852842,30.819999973553916],[105.94999794643947,30.81999994047086],[105.94999794643947,31.319998947438886],[105.88749800852842,31.3199989979487],[105.82499819282427,31.31999900162011],[105.76249829603358,31.3199989400537],[105.69999838424833,31.319998930692616],[105.63749852402003,31.319999005876337],[105.57499869290272,31.319998953622584],[105.51249877961354,31.3199989980696],[105.44999894178211,31.319998989541027],[105.44999894178211,30.819999969488098]]]}"
000000000000000002ce,997,8,13053.0,8059.5,7292.5,5373.0,64476.0,"{""type"":""Polygon"",""coordinates"":[[[105.94999794643947,30.81999994047086],[106.01249839000212,30.81999996552035],[106.07499873697631,30.819999997832852],[106.13749919243547,30.81999997020367],[106.19999960320456,30.819999945896893],[106.26250008579031,30.819999953638877],[106.32500048791435,30.81999997107373],[106.3875009271412,30.819999941076674],[106.45000134194315,30.81999999976816],[106.45000134194315,31.31999896974411],[106.3875009271412,31.31999896626063],[106.32500048791435,31.319998938778145],[106.26250008579031,31.31999900676046],[106.19999960320456,31.319998973108085],[106.13749919243547,31.319998945183396],[106.07499873697631,31.319998980003135],[106.01249839000212,31.319998929842416],[105.94999794643947,31.319998947438886],[105.94999794643947,30.81999994047086]]]}"
000000000000000002cf,998,16,29910.0,12419.125,8822.5,5371.0,198706.0,"{""type"":""Polygon"",""coordinates"":[[[106.45000134194315,30.81999999976816],[106.51250122173896,30.82000000093503],[106.57500113489608,30.81999999875216],[106.63750102130584,30.8199999582362],[106.70000091124314,30.82000000267232],[106.76250074549382,30.81999992640387],[106.82500064529452,30.819999925292997],[106.88750046233555,30.81999997535468],[106.95000040889545,30.819999919340194],[106.95000040889545,31.319998935445014],[106.88750046233555,31.319998943888198],[106.82500064529452,31.319998984460383],[106.76250074549382,31.319998960474607],[106.70000091124314,31.31999898076349],[106.63750102130584,31.3199989357536],[106.57500113489608,31.319998945886482],[106.51250122173896,31.31999897374357],[106.45000134194315,31.31999896974411],[106.45000134194315,30.81999999976816]]]}"
000000000000000002d0,999,4,6914.0,6329.5,6517.5,5369.0,25318.0,"{""type"":""Polygon"",""coordinates"":[[[106.95000040889545,30.819999919340194],[107.01250024745117,30.820000000124505],[107.07500010115804,30.81999998688918],[107.13750000360176,30.820000000647685],[107.19999989867381,30.820000004290936],[107.2624997306418,30.819999960602335],[107.3249996245719,30.81999997735654],[107.38749952560921,30.81999993178806],[107.44999937926345,30.81999995577705],[107.44999937926345,31.3199990047757],[107.38749952560921,31.319998949454465],[107.32499962457192,31.31999892793294],[107.26249973064182,31.319998978481927],[107.19999989867381,31.319998970009042],[107.13750000360177,31.319998965135923],[107.07500010115804,31.31999900138192],[107.01250024745117,31.319998946790943],[106.95000040889545,31.319998935445014],[106.95000040889545,30.819999919340194]]]}"
000000000000000002d1,1000,3,7702.0,6407.666666666667,6153.0,5368.0,19223.0,"{""type"":""Polygon"",""coordinates"":[[[107.44999937926345,30.81999995577705],[107.51249922168424,30.819999998657487],[107.57499908946542,30.820000009449796],[107.63749901963907,30.819999936860363],[107.69999886898934,30.819999924278655],[107.76249876564697,30.819999992023],[107.8249986574864,30.81999993106608],[107.88749849272108,30.819999956193392],[107.94999840073855,30.820000001858897],[107.94999840073855,31.319998973156363],[107.88749849272108,31.319998946202343],[107.8249986574864,31.31999898422031],[107.76249876564697,31.319998984412454],[107.69999886898934,31.31999898663208],[107.63749901963907,31.31999894612713],[107.57499908946542,31.319999012373305],[107.51249922168424,31.319998958335333],[107.44999937926345,31.3199990047757],[107.44999937926345,30.81999995577705]]]}"
000000000000000002d2,1001,12,13062.0,8261.583333333334,7679.5,5380.0,99139.0,"{""type"":""Polygon"",""coordinates"":[[[107.94999840073855,30.820000001858897],[108.01249878272381,30.81999996317946],[108.07499922645421,30.81999993573942],[108.13749968162853,30.819999963575714],[108.20000009826589,30.820000005874363],[108.26250051721281,30.82000000856193],[108.3250009796999,30.820000001854943],[108.387501436792,30.819999944218388],[108.45000183986016,30.819999963137313],[108.45000183986016,31.31999896798932],[108.387501436792,31.319998969184375],[108.32500097969988,31.31999900256742],[108.26250051721281,31.31999894160674],[108.20000009826589,31.319998996728106],[108.13749968162853,31.31999896990796],[108.07499922645421,31.319998999958283],[108.01249878272381,31.319998959277243],[107.94999840073855,31.319998973156363],[107.94999840073855,30.820000001858897]]]}"
000000000000000002d3,1002,44,501949.0,33731.568181818184,9199.5,5366.0,1484189.0,"{""type"":""Polygon"",""coordinates"":[[[108.45000183986016,30.819999963137313],[108.51250168769621,30.81999999888536],[108.57500156618424,30.820000001029957],[108.63750142769644,30.820000011633997],[108.70000131552,30.81999997457255],[108.76250118265287,30.8199999314082],[108.8250010730305,30.819999994343195],[108.8875009402605,30.819999951041382],[108.95000082890888,30.819999997521982],[108.95000082890888,31.31999896118478],[108.88750094026051,31.31999897072828],[108.8250010730305,31.31999893688312],[108.76250118265287,31.31999900149465],[108.70000131551998,31.319998955958077],[108.63750142769644,31.31999894153042],[108.57500156618424,31.319999001517196],[108.51250168769621,31.319998939944558],[108.45000183986016,31.31999896798932],[108.45000183986016,30.819999963137313]]]}"
000000000000000002d4,1003,118,198714.0,14326.00847457627,8652.142857142857,5367.0,1690469.0,"{""type"":""Polygon"",""coordinates"":[[[108.95000082890888,30.819999997521982],[109.01250069317662,30.820000005450673],[109.07500057824282,30.820000001371262],[109.13750043888552,30.819999940928273],[109.20000032087941,30.819999934371154],[109.26250017956323,30.819999936812483],[109.32500006128967,30.819999973507777],[109.38749992194201,30.819999999099753],[109.44999980843326,30.81999995399903],[109.44999980843326,31.31999900197088],[109.38749992194201,31.31999900914914],[109.32500006128967,31.319998976416603],[109.26250017956323,31.31999896384901],[109.20000032087941,31.319998933181388],[109.13750043888552,31.319998943913532],[109.07500057824282,31.31999895726493],[109.01250069317662,31.319998948120528],[108.95000082890888,31.31999896118478],[108.95000082890888,30.819999997521982]]]}"
000000000000000002d5,1004,114,53905.0,9820.043859649122,7300.921052631578,5368.0,1119485.0,"{""type"":""Polygon"",""coordinates"":[[[109.44999980843326,30.81999995399903],[109.51249967717493,30.819999960857306],[109.57499957562284,30.8199999594459],[109.63749946070045,30.819999987626264],[109.69999938038876,30.819999984593785],[109.76249920127421,30.82000000204958],[109.82499906265929,30.819999964354146],[109.88749892244346,30.819999992403687],[109.94999882960634,30.81999994011764],[109.94999882960636,31.31999897432245],[109.88749892244346,31.31999893434646],[109.82499906265927,31.31999900729996],[109.76249920127421,31.319999004433853],[109.69999938038876,31.319998973368783],[109.63749946070045,31.319998990374383],[109.57499957562284,31.319999004318067],[109.51249967717493,31.319998992629262],[109.44999980843326,31.31999900197088],[109.44999980843326,30.81999995399903]]]}"
000000000000000002d6,1005,430,210057.0,11524.951162790698,7673.21568627451,5178.0,4955729.0,"{""type"":""Polygon"",""coordinates"":[[[109.94999882960634,30.81999994011764],[110.01249874251052,30.819999927824675],[110.07499861973156,30.819999991536346],[110.13749851093975,30.819999984409954],[110.19999837515131,30.81999994199876],[110.26249826248451,30.81999996881008],[110.32499813237996,30.819999931899584],[110.38749794447425,30.819999949965666],[110.44999784043416,30.819999943816054],[110.44999784043416,31.319998968264937],[110.38749794447425,31.319998951923335],[110.32499813237996,31.319998931686904],[110.26249826248451,31.31999898740193],[110.19999837515131,31.319999001419774],[110.13749851093975,31.31999893942745],[110.07499861973156,31.3199989489794],[110.01249874251052,31.319998995299954],[109.94999882960636,31.31999897432245],[109.94999882960634,30.81999994011764]]]}"
000000000000000002d7,1006,237,185668.0,15367.472573839663,8871.722222222223,4789.0,3642091.0,"{""type"":""Polygon"",""coordinates"":[[[110.44999784043416,30.819999943816054],[110.5124982349368,30.819999956515538],[110.57499872458666,30.81999999731194],[110.63749917888184,30.8199999471226],[110.69999955841789,30.820000007025175],[110.76250000585576,30.81999992856626],[110.82500048216698,30.819999995778346],[110.88750085753803,30.82000000520348],[110.95000127517434,30.819999958731422],[110.95000127517434,31.31999897397041],[110.88750085753803,31.319998943056188],[110.82500048216698,31.319998954824285],[110.76250000585576,31.31999892504086],[110.69999955841789,31.319998973296325],[110.63749917888184,31.319998984151614],[110.57499872458666,31.319998955654174],[110.5124982349368,31.319998938517113],[110.44999784043416,31.319998968264937],[110.44999784043416,30.819999943816054]]]}"
000000000000000002d8,1007,0,,,,,0.0,"{""type"":""Polygon"",""coordinates"":[[[110.95000127517434,30.819999958731422],[111.012501150796,30.81999998060219],[111.07500108272143,30.819999995539682],[111.13750094178911,30.819999966799244],[111.2000007809136,30.819999993839073],[111.26250065316742,30.82000000845603],[111.3250005208042,30.81999995773656],[111.38750043719087,30.819999939996997],[111.45000027388987,30.820000000983978],[111.45000027388987,31.31999893867743],[111.38750043719087,31.31999895299073],[111.3250005208042,31.319998972358068],[111.26250065316744,31.319998951549792],[111.2000007809136,31.31999895990512],[111.13750094178911,31.319998967525443],[111.07500108272143,31.319998959849258],[111.012501150796,31.319999005209812],[110.95000127517434,31.31999897397041],[110.95000127517434,30.819999958731422]]]}"
000000000000000002d9,1008,58,94386.0,14261.431034482759,7673.0,5366.0,827163.0,"{""type"":""Polygon"",""coordinates"":[[[111.45000027388987,30.820000000983978],[111.51250017551725,30.819999972139904],[111.57500001390144,30.819999982292444],[111.63749993392162,30.8199999456616],[111.69999980765746,30.819999990514845],[111.76249968925852,30.81999996290912],[111.82499954201671,30.819999974744498],[111.8874994203104,30.819999954858755],[111.94999928765343,30.819999931186203],[111.94999928765343,31.31999894634509],[111.8874994203104,31.31999899323648],[111.82499954201671,31.31999895736242],[111.76249968925852,31.319998977543936],[111.69999980765746,31.319998959439843],[111.63749993392162,31.31999895833234],[111.57500001390144,31.31999896222803],[111.51250017551725,31.31999892685065],[111.45000027388987,31.31999893867743],[111.45000027388987,30.820000000983978]]]}"
000000000000000002da,1009,10,26854.0,10359.1,8437.0,5367.0,103591.0,"{""type"":""Polygon"",""coordinates"":[[[111.94999928765343,30.819999931186203],[112.0124991986357,30.81999999852452],[112.07499902601046,30.81999995059235],[112.13749891553334,30.819999948664968],[112.19999883111501,30.81999993624012],[112.26249864580134,30.819999956242434],[112.32499859656178,30.819999985830627],[112.38749846565608,30.819999917487987],[112.44999830829926,30.819999926876598],[112.44999830829926,31.31999897813787],[112.3874984656561,31.31999898616212],[112.3249985965618,31.319998987036016],[112.26249864580134,31.319998972281613],[112.19999883111501,31.319998966402853],[112.13749891553334,31.319998993444987],[112.07499902601046,31.31999901107954],[112.0124991986357,31.319998993279373],[111.94999928765343,31.31999894634509],[111.94999928765343,30.819999931186203]]]}"
000000000000000002db,1010,16,237195.0,32781.0625,8845.0,5369.0,524497.0,"{""type"":""Polygon"",""coordinates"":[[[112.44999830829926,30.819999926876598],[112.51249872542826,30.82000000643727],[112.57499913573395,30.81999994785589],[112.63749959462092,30.81999992556344],[112.70000006661674,30.819999964084282],[112.76250042539426,30.819999938540033],[112.82500090837965,30.819999988682667],[112.88750129843872,30.8200000059504],[112.95000174215942,30.81999998020691],[112.95000174215942,31.319998974252393],[112.88750129843874,31.319998977472252],[112.82500090837965,31.31999892989205],[112.76250042539426,31.31999900801398],[112.70000006661674,31.3199989896497],[112.63749959462092,31.31999898487087],[112.57499913573395,31.319998953127058],[112.51249872542826,31.31999895332162],[112.44999830829926,31.31999897813787],[112.44999830829926,30.819999926876598]]]}"
000000000000000002dc,1011,63,66156.0,10265.111111111111,7666.0,5368.0,646702.0,"{""type"":""Polygon"",""coordinates"":[[[112.95000174215942,30.81999998020691],[113.01250165895985,30.81999995369714],[113.07500155915373,30.819999930994065],[113.13750140764363,30.819999934826424],[113.20000126025225,30.819999970550032],[113.26250117281332,30.819999960313368],[113.32500101945124,30.819999943151743],[113.3875008560576,30.820000006209145],[113.45000073852206,30.819999988010764],[113.45000073852206,31.319998964801375],[113.3875008560576,31.3199989666956],[113.32500101945124,31.319998955987458],[113.26250117281332,31.31999892961509],[113.20000126025225,31.319998966546734],[113.13750140764363,31.319998945935907],[113.07500155915373,31.31999894622878],[113.01250165895986,31.31999896299004],[112.95000174215942,31.319998974252393],[112.95000174215942,30.81999998020691]]]}"
000000000000000002dd,1012,3,8431.0,6643.0,6132.0,5366.0,19929.0,"{""type"":""Polygon"",""coordinates"":[[[113.45000073852206,30.819999988010764],[113.51250063189646,30.81999999224145],[113.57500050125826,30.81999995696483],[113.63750040251857,30.819999967853768],[113.70000030076775,30.819999962402157],[113.76250016111256,30.81999996053416],[113.82500003945233,30.81999996430048],[113.88749990088554,30.819999993003027],[113.94999980127372,30.81999996548948],[113.94999980127372,31.319998969043446],[113.88749990088554,31.319998955819297],[113.82500003945233,31.31999894838982],[113.76250016111256,31.31999894636387],[113.70000030076775,31.31999893121237],[113.63750040251857,31.3199989841061],[113.57500050125826,31.31999900365748],[113.51250063189647,31.319998970476814],[113.45000073852206,31.319998964801375],[113.45000073852206,30.819999988010764]]]}"
000000000000000002de,1013,155,82062.0,15021.864516129031,10742.75,5365.0,2328389.0,"{""type"":""Polygon"",""coordinates"":[[[113.94999980127372,30.81999996548948],[114.01249961494779,30.820000000760665],[114.07499948848324,30.819999999308887],[114.13749938691707,30.819999979272342],[114.19999927528013,30.819999958553243],[114.26249911859477,30.819999954817796],[114.32499906323218,30.81999994942467],[114.3874988927758,30.81999999544047],[114.44999875351041,30.819999991288178],[114.44999875351041,31.31999898523343],[114.3874988927758,31.319998976067364],[114.32499906323218,31.31999897202876],[114.26249911859477,31.31999899354403],[114.19999927528013,31.319998987992008],[114.13749938691707,31.319998975126115],[114.07499948848324,31.3199989380578],[114.01249961494779,31.319998941790622],[113.94999980127372,31.319998969043446],[113.94999980127372,30.81999996548948]]]}"
000000000000000002df,1014,11,21480.0,9348.90909090909,6907.0,5370.0,102838.0,"{""type"":""Polygon"",""coordinates"":[[[114.44999875351041,30.819999991288178],[114.51249861031246,30.81999995347359],[114.57499851865737,30.819999962242843],[114.63749835271804,30.819999969500948],[114.69999825847623,30.819999954380073],[114.76249811002621,30.81999995052984],[114.82499805317266,30.819999936265045],[114.8874978713726,30.819999963197596],[114.94999780081427,30.819999990442607],[114.94999780081427,31.319998926440615],[114.8874978713726,31.31999896681778],[114.82499805317266,31.3199989737472],[114.76249811002621,31.319998989413154],[114.69999825847623,31.319998962647954],[114.63749835271804,31.319998998121342],[114.57499851865738,31.319998980994267],[114.51249861031246,31.319998933256603],[114.44999875351041,31.31999898523343],[114.44999875351041,30.819999991288178]]]}"
000000000000000002e0,1015,42,19979.0,8043.309523809524,6142.0,5366.0,337819.0,"{""type"":""Polygon"",""coordinates"":[[[114.94999780081427,30.819999990442607],[115.01249816795351,30.81999995770596],[115.0749986654598,30.819999934080965],[115.13749907662935,30.819999970339804],[115.19999954668145,30.819999960566335],[115.26249994931185,30.81999993656748],[115.32500033907466,30.819999974334664],[115.38750077038793,30.819999985619443],[115.45000120714293,30.819999982601797],[115.45000120714293,31.319998937727515],[115.38750077038793,31.31999898185844],[115.32500033907466,31.319998971355524],[115.26249994931185,31.319998976414013],[115.19999954668145,31.319998922789047],[115.13749907662935,31.31999898060676],[115.0749986654598,31.31999895551161],[115.01249816795351,31.31999895423233],[114.94999780081427,31.319998926440615],[114.94999780081427,30.819999990442607]]]}"
000000000000000002e1,1016,584,421170.0,19402.25171232877,11284.227272727272,5365.0,1.1330915E7,"{""type"":""Polygon"",""coordinates"":[[[115.45000120714293,30.819999982601797],[115.51250107096507,30.820000009288936],[115.57500095838192,30.819999945193818],[115.63750083301515,30.819999965204012],[115.70000074871464,30.819999979506285],[115.76250057859622,30.819999936316535],[115.82500046656986,30.819999971212518],[115.887500375804,30.819999930979336],[115.95000026937656,30.819999988763957],[115.95000026937656,31.31999894124535],[115.887500375804,31.319998952322702],[115.82500046656986,31.319998932326836],[115.76250057859622,31.319998953532664],[115.70000074871464,31.319998925326917],[115.63750083301515,31.319998958078966],[115.57500095838192,31.31999894115677],[115.51250107096507,31.319998965023945],[115.45000120714293,31.319998937727515],[115.45000120714293,30.819999982601797]]]}"
000000000000000002e2,1017,875,256611.0,15673.230857142857,8662.670731707318,5366.0,1.3714077E7,"{""type"":""Polygon"",""coordinates"":[[[115.95000026937656,30.819999988763957],[116.01250011027291,30.81999999100402],[116.07499995156216,30.820000009319557],[116.13749984612735,30.819999951781142],[116.1999997565261,30.819999990088085],[116.26249964521116,30.819999969695125],[116.32499947452831,30.819999980309362],[116.38749938684246,30.819999990583952],[116.44999925409569,30.8199999463234],[116.44999925409569,31.319998970142354],[116.38749938684246,31.319998926867267],[116.32499947452831,31.319998936786074],[116.26249964521116,31.319998973443926],[116.1999997565261,31.319998988283015],[116.13749984612735,31.319998973899676],[116.07499995156216,31.319999003874347],[116.01250011027291,31.319998989188043],[115.95000026937656,31.31999894124535],[115.95000026937656,30.819999988763957]]]}"
000000000000000002e3,1018,1181,752527.0,18289.374259102457,9821.41090909091,4566.0,2.1599751E7,"{""type"":""Polygon"",""coordinates"":[[[116.44999925409569,30.8199999463234],[116.51249912824201,30.819999997884377],[116.57499897102883,30.819999989577784],[116.63749883404937,30.81999998967442],[116.69999876867364,30.819999984666033],[116.76249864621,30.819999919317816],[116.82499851772049,30.819999942019344],[116.8874983441674,30.81999997710137],[116.94999826605553,30.819999989713487],[116.94999826605553,31.31999892528706],[116.8874983441674,31.31999897313184],[116.82499851772049,31.319998936135697],[116.76249864621,31.319998931218457],[116.69999876867364,31.319998953703486],[116.63749883404937,31.319998937775285],[116.57499897102883,31.319998939059992],[116.51249912824201,31.31999897214195],[116.44999925409569,31.319998970142354],[116.44999925409569,30.8199999463234]]]}"
000000000000000002e4,1019,77,958012.0,27433.25974025974,9873.304347826086,5366.0,2112361.0,"{""type"":""Polygon"",""coordinates"":[[[116.94999826605553,30.819999989713487],[117.01249869297735,30.81999996504621],[117.07499913599196,30.81999992679799],[117.1374995553392,30.819999960378116],[117.20000000084326,30.819999968562204],[117.26250043236597,30.81999995513777],[117.32500080961704,30.82000000460807],[117.38750127144553,30.81999999844617],[117.45000168746127,30.819999959966196],[117.45000168746127,31.319998953325328],[117.38750127144553,31.319998940017257],[117.32500080961704,31.31999898594885],[117.26250043236597,31.319998987953028],[117.20000000084326,31.319998984833756],[117.1374995553392,31.31999897392413],[117.07499913599196,31.31999895233424],[117.01249869297735,31.31999893728303],[116.94999826605553,31.31999892528706],[116.94999826605553,30.819999989713487]]]}"
000000000000000002e5,1020,31,85094.0,16229.612903225807,9232.0,5366.0,503118.0,"{""type"":""Polygon"",""coordinates"":[[[117.45000168746127,30.819999959966196],[117.51250156887173,30.81999999457646],[117.57500141246646,30.819999982056906],[117.6375013560503,30.819999964108057],[117.70000117902012,30.819999983647673],[117.76250110819338,30.819999980144534],[117.82500092265155,30.819999996125738],[117.88750084859045,30.819999970191994],[117.9500006647658,30.819999944482028],[117.9500006647658,31.319998983922737],[117.88750084859045,31.319998987428992],[117.82500092265155,31.31999899406207],[117.76250110819338,31.319998962201137],[117.70000117902012,31.31999895472511],[117.6375013560503,31.319998929625363],[117.57500141246646,31.319998948908882],[117.51250156887173,31.3199989701769],[117.45000168746127,31.319998953325328],[117.45000168746127,30.819999959966196]]]}"
000000000000000002e6,1021,16,35414.0,10820.375,8080.5,5376.0,173126.0,"{""type"":""Polygon"",""coordinates"":[[[117.9500006647658,30.819999944482028],[118.01250059673546,30.819999937332206],[118.07500042291933,30.81999999040183],[118.13750027893767,30.81999998094193],[118.20000021071498,30.819999967802072],[118.26250008541567,30.819999971033777],[118.32499994851155,30.819999968361696],[118.38749984514642,30.819999937106825],[118.44999973101154,30.81999995581455],[118.44999973101154,31.319998978135985],[118.38749984514642,31.3199989544297],[118.32499994851155,31.319998974752956],[118.26250008541567,31.319998961778182],[118.20000021071498,31.31999893928665],[118.13750027893767,31.319999010880487],[118.07500042291933,31.319998996797487],[118.01250059673546,31.319999000083694],[117.9500006647658,31.319998983922737],[117.9500006647658,30.819999944482028]]]}"
000000000000000002e7,1022,11,23108.0,10697.727272727272,10253.0,5390.0,117675.0,"{""type"":""Polygon"",""coordinates"":[[[118.44999973101154,30.81999995581455],[118.51249956159542,30.819999941992588],[118.57499947028623,30.81999993101752],[118.63749932293841,30.81999994142734],[118.69999916329995,30.819999948868293],[118.76249903476817,30.820000008810236],[118.82499898038535,30.819999935626512],[118.88749886507792,30.819999987493944],[118.9499987313784,30.819999978307344],[118.9499987313784,31.319998945898345],[118.88749886507792,31.3199989545341],[118.82499898038535,31.31999896794361],[118.76249903476817,31.319999012991417],[118.69999916329995,31.31999899293263],[118.63749932293841,31.319998934025914],[118.57499947028623,31.319998942138092],[118.51249956159542,31.3199989627841],[118.44999973101154,31.319998978135985],[118.44999973101154,30.81999995581455]]]}"
000000000000000002e8,1023,21,45293.0,12433.714285714286,7704.0,5388.0,261108.0,"{""type"":""Polygon"",""coordinates"":[[[118.9499987313784,30.819999978307344],[119.01249915429268,30.81999999227256],[119.07499955357449,30.819999993702073],[119.13749997075175,30.819999955797933],[119.20000044697548,30.81999993136735],[119.26250084569612,30.819999936446784],[119.32500129614436,30.820000001275954],[119.38750174984433,30.819999959590117],[119.45000215807949,30.81999996465218],[119.45000215807949,31.319998991644017],[119.38750174984433,31.319998982723025],[119.32500129614436,31.319998997350158],[119.26250084569612,31.31999896344568],[119.20000044697548,31.31999896797761],[119.13749997075175,31.319998982329075],[119.07499955357449,31.31999899117177],[119.01249915429268,31.31999894311938],[118.9499987313784,31.319998945898345],[118.9499987313784,30.819999978307344]]]}"
000000000000000002e9,1024,39,150173.0,14131.948717948719,9242.0,5372.0,551146.0,"{""type"":""Polygon"",""coordinates"":[[[119.45000215807949,30.81999996465218],[119.51250202934987,30.819999960144404],[119.57500193431869,30.81999994486192],[119.63750182330921,30.81999999102535],[119.70000164639437,30.819999931316595],[119.7625015301001,30.81999995253934],[119.82500142375648,30.81999996640502],[119.88750127643594,30.819999964197695],[119.95000112518373,30.819999994241478],[119.95000112518373,31.319998972428333],[119.88750127643594,31.319999003504545],[119.82500142375648,31.319998955211677],[119.7625015301001,31.31999893934558],[119.70000164639437,31.319998965632447],[119.63750182330921,31.319998964139717],[119.57500193431872,31.31999898869299],[119.51250202934987,31.319998968521013],[119.45000215807949,31.319998991644017],[119.45000215807949,30.81999996465218]]]}"
000000000000000002ea,1025,0,,,,,0.0,"{""type"":""Polygon"",""coordinates"":[[[119.95000112518373,30.819999994241478],[120.01250100662233,30.81999994520674],[120.07500086879638,30.819999966591528],[120.13750074759342,30.819999946415457],[120.20000067846723,30.819999931396737],[120.262500520381,30.819999933504505],[120.32500039614503,30.819999976171683],[120.38750025207365,30.81999996878048],[120.45000012210245,30.81999995659589],[120.45000012210245,31.31999897185886],[120.38750025207365,31.31999894818804],[120.32500039614503,31.319998957285538],[120.262500520381,31.319998955412906],[120.20000067846723,31.31999895472985],[120.13750074759342,31.31999901263742],[120.07500086879638,31.319998959503945],[120.01250100662233,31.319998987734994],[119.95000112518373,31.319998972428333],[119.95000112518373,30.819999994241478]]]}"
000000000000000002eb,1026,1,8439.0,8439.0,8439.0,8439.0,8439.0,"{""type"":""Polygon"",""coordinates"":[[[120.45000012210245,30.81999995659589],[120.51250003971631,30.81999998437761],[120.57499995013146,30.81999996067006],[120.63749979827895,30.81999995243715],[120.69999970425633,30.819999980485672],[120.76249952447415,30.819999975495374],[120.82499937814268,30.81999995751927],[120.88749929623037,30.81999996898324],[120.94999913413275,30.81999993988443],[120.94999913413275,31.31999894861503],[120.88749929623037,31.31999900046234],[120.82499937814268,31.31999896118964],[120.76249952447415,31.31999898006085],[120.69999970425633,31.31999893728058],[120.63749979827895,31.319998972299896],[120.57499995013146,31.319998918140406],[120.51250003971631,31.31999899253121],[120.45000012210245,31.31999897185886],[120.45000012210245,30.81999995659589]]]}"
000000000000000002ec,1027,0,,,,,0.0,"{""type"":""Polygon"",""coordinates"":[[[120.94999913413275,30.81999993988443],[121.01249900963809,30.819999968013725],[121.07499895241493,30.819999936548694],[121.13749881682102,30.819999932839604],[121.19999863182602,30.81999999754141],[121.26249851323058,30.819999989703582],[121.32499840160763,30.819999972435575],[121.38749832444573,30.819999985119193],[121.44999813437167,30.819999955987793],[121.44999813437167,31.319999002676813],[121.38749832444573,31.31999895577924],[121.32499840160763,31.319998963881705],[121.26249851323058,31.319998942165647],[121.19999863182602,31.31999900992965],[121.13749881682102,31.319998948160148],[121.07499895241493,31.31999897754395],[121.01249900963806,31.319998980225353],[120.94999913413275,31.31999894861503],[120.94999913413275,30.81999993988443]]]}"
000000000000000002ed,1028,0,,,,,0.0,"{""type"":""Polygon"",""coordinates"":[[[121.44999813437167,30.819999955987793],[121.51249855521633,30.819999972141435],[121.57499900250107,30.819999999271346],[121.63749950182846,30.819999917775725],[121.69999990430806,30.819999969719316],[121.76250032174214,30.819999932637128],[121.82500077832776,30.819999921864998],[121.88750121089527,30.81999999734296],[121.95000164273927,30.81999995936369],[121.95000164273927,31.31999898226895],[121.88750121089527,31.31999892928246],[121.82500077832776,31.319998927190284],[121.76250032174214,31.319998941599017],[121.69999990430806,31.31999899212481],[121.63749950182846,31.31999896526148],[121.57499900250107,31.31999900590659],[121.51249855521633,31.31999895203713],[121.44999813437167,31.319999002676813],[121.44999813437167,30.819999955987793]]]}"
000000000000000002f2,1060,0,,,,,0.0,"{""type"":""Polygon"",""coordinates"":[[[94.44999860844463,31.319998990638453],[94.51249899438173,31.319998973938333],[94.57499948033731,31.319998932168968],[94.63749986253082,31.319998948964763],[94.70000033333426,31.319999006647265],[94.76250077256014,31.319998924431378],[94.82500122016097,31.319998951001573],[94.88750163959361,31.319998989405033],[94.95000207588929,31.319998939497143],[94.95000207588929,31.819997941135075],[94.88750163959361,31.819997986171188],[94.82500122016097,31.819997971301152],[94.76250077256014,31.819997996391873],[94.70000033333426,31.819997984691867],[94.63749986253082,31.81999794883626],[94.57499948033731,31.81999798220175],[94.51249899438173,31.819997929181664],[94.44999860844463,31.81999796666769],[94.44999860844463,31.319998990638453]]]}"
000000000000000002f3,1061,0,,,,,0.0,"{""type"":""Polygon"",""coordinates"":[[[94.95000207588929,31.319998939497143],[95.01250194192168,31.31999898669754],[95.07500184198575,31.319998922209408],[95.13750166973509,31.319998999528682],[95.20000155959141,31.319998940204165],[95.26250140983149,31.319998997275682],[95.32500128021587,31.319998981965423],[95.38750115322064,31.319998969565617],[95.45000109351848,31.319998944737748],[95.45000109351848,31.81999793848195],[95.38750115322064,31.819997999011232],[95.32500128021587,31.819997987395528],[95.26250140983149,31.81999800572511],[95.20000155959141,31.819997979176467],[95.13750166973509,31.81999800922262],[95.07500184198575,31.819997930669178],[95.01250194192168,31.819997934294825],[94.95000207588929,31.819997941135075],[94.95000207588929,31.319998939497143]]]}"
000000000000000002f4,1063,0,,,,,0.0,"{""type"":""Polygon"",""coordinates"":[[[95.95000002904636,31.31999895299882],[96.0124999376128,31.31999894745605],[96.0749998024979,31.319998974066827],[96.13749971327046,31.319998927414872],[96.1999995190427,31.319998974183687],[96.26249939459098,31.31999900450273],[96.32499927405166,31.319999006800657],[96.38749917454422,31.319998965361236],[96.44999903397962,31.319998955166067],[96.44999903397962,31.81999796397706],[96.38749917454423,31.819997947269428],[96.32499927405166,31.81999798599813],[96.26249939459098,31.819998005647264],[96.1999995190427,31.819997935500627],[96.13749971327046,31.81999796031282],[96.0749998024979,31.819997930080444],[96.0124999376128,31.819997938603798],[95.95000002904636,31.819998004505916],[95.95000002904636,31.31999895299882]]]}"
000000000000000002f5,1064,97,274454.0,18248.061855670105,9033.466666666667,5350.0,1770062.0,"{""type"":""Polygon"",""coordinates"":[[[96.44999903397962,31.319998955166067],[96.51249895477366,31.319998955904982],[96.57499879736615,31.31999895930289],[96.63749866822066,31.31999894449623],[96.69999859455561,31.319998981271265],[96.7624984422432,31.31999897394414],[96.82499832387141,31.319998987580792],[96.88749819066588,31.319999008650118],[96.94999807748074,31.31999893219677],[96.94999807748074,31.819997970965648],[96.88749819066588,31.81999800537617],[96.82499832387141,31.819997965504275],[96.7624984422432,31.819997956066537],[96.69999859455561,31.819997990693217],[96.63749866822066,31.819998004869852],[96.57499879736615,31.81999800744892],[96.51249895477366,31.81999792913235],[96.44999903397962,31.81999796397706],[96.44999903397962,31.319998955166067]]]}"
000000000000000002f6,1065,46,87134.0,15626.0,9540.5,5339.0,718796.0,"{""type"":""Polygon"",""coordinates"":[[[96.94999807748074,31.31999893219677],[97.01249851320925,31.319998973435347],[97.07499896351544,31.319998970756785],[97.13749938684082,31.319998996573908],[97.19999982553391,31.31999894486897],[97.26250024159937,31.319998974380766],[97.32500068108597,31.319998978524023],[97.38750110952894,31.319998941928066],[97.45000149410335,31.31999893582361],[97.45000149410335,31.819997979704446],[97.38750110952894,31.81999794175661],[97.32500068108597,31.819997955439916],[97.26250024159937,31.819997950016628],[97.19999982553391,31.81999794097099],[97.13749938684082,31.819997948221307],[97.07499896351545,31.81999798676994],[97.01249851320925,31.819997989513695],[96.94999807748074,31.819997970965648],[96.94999807748074,31.31999893219677]]]}"
000000000000000002f7,1066,4,6890.0,6121.75,6116.5,5364.0,24487.0,"{""type"":""Polygon"",""coordinates"":[[[97.45000149410335,31.31999893582361],[97.51250139054343,31.319998968646463],[97.57500126430105,31.319998995835256],[97.63750117042193,31.31999899619913],[97.7000010001831,31.31999895812085],[97.76250089490264,31.319998941647313],[97.8250007491285,31.3199989346934],[97.88750062481778,31.319999001650512],[97.95000050266914,31.319998951511593],[97.95000050266914,31.819997967578875],[97.88750062481778,31.819997983401763],[97.8250007491285,31.819997988536866],[97.76250089490264,31.81999800067594],[97.7000010001831,31.819997955951962],[97.63750117042193,31.81999795288238],[97.57500126430105,31.8199979320105],[97.51250139054343,31.819997991425115],[97.45000149410335,31.819997979704446],[97.45000149410335,31.31999893582361]]]}"
000000000000000002f8,1067,8,15286.0,8311.625,7259.0,5344.0,66493.0,"{""type"":""Polygon"",""coordinates"":[[[97.95000050266914,31.319998951511593],[98.01250036495357,31.31999893993228],[98.07500027878137,31.31999894365217],[98.13750014641614,31.31999894959398],[98.20000003821951,31.319998933965547],[98.2624998594054,31.319998969997854],[98.32499976711529,31.319998941240883],[98.38749966969705,31.319999007045336],[98.44999956043615,31.31999897456915],[98.44999956043617,31.819997990962623],[98.38749966969705,31.819997927198877],[98.32499976711529,31.81999795587236],[98.2624998594054,31.819998010411418],[98.20000003821951,31.819997932287908],[98.13750014641614,31.819997924089996],[98.07500027878137,31.819997999370656],[98.01250036495357,31.819998009486937],[97.95000050266914,31.819997967578875],[97.95000050266914,31.319998951511593]]]}"
000000000000000002f9,1068,7,9197.0,7215.857142857143,6131.0,5357.0,50511.0,"{""type"":""Polygon"",""coordinates"":[[[98.44999956043615,31.31999897456915],[98.51249943413173,31.319998997312567],[98.57499928708933,31.319998968606605],[98.63749911711376,31.31999895478921],[98.69999900747618,31.31999892960687],[98.76249887512003,31.31999896446108],[98.82499880641363,31.31999894588991],[98.88749863693162,31.31999895069791],[98.94999854015231,31.31999894563407],[98.94999854015231,31.81999796122711],[98.88749863693162,31.819997995547013],[98.82499880641362,31.81999794959416],[98.76249887512003,31.819997943066166],[98.69999900747618,31.819997985812872],[98.63749911711376,31.819997932465792],[98.57499928708933,31.819997970768284],[98.51249943413173,31.819997954707194],[98.44999956043617,31.819997990962623],[98.44999956043615,31.31999897456915]]]}"
000000000000000002fa,1069,5,7641.0,6119.2,6113.0,5358.0,30596.0,"{""type"":""Polygon"",""coordinates"":[[[98.94999854015231,31.31999894563407],[99.01249894448146,31.319998965542744],[99.07499935293878,31.319998936785705],[99.13749985949617,31.31999900397222],[99.2000002217807,31.31999898941238],[99.26250070551194,31.319998938551315],[99.32500115540873,31.319998926809674],[99.3875015864915,31.319998930733302],[99.45000201518567,31.3199989265807],[99.45000201518567,31.8199979845302],[99.38750158649148,31.81999798721973],[99.32500115540873,31.819997995635518],[99.26250070551194,31.81999794756603],[99.2000002217807,31.81999795275126],[99.13749985949617,31.819997936212726],[99.07499935293878,31.819997939376037],[99.01249894448146,31.819997966875583],[98.94999854015231,31.81999796122711],[98.94999854015231,31.31999894563407]]]}"
000000000000000002fb,1071,0,,,,,0.0,"{""type"":""Polygon"",""coordinates"":[[[99.95000096556808,31.31999895234467],[100.01250088437155,31.3199989983472],[100.07500069700846,31.319998983417605],[100.13750060505761,31.319998953747916],[100.20000046983237,31.31999898211438],[100.26250032462946,31.319998954879203],[100.32500020405068,31.319998930763116],[100.38750014399517,31.319998968110532],[100.45000001014012,31.31999896634014],[100.45000001014012,31.819997986858052],[100.38750014399517,31.819997975480785],[100.32500020405068,31.819997934560675],[100.26250032462946,31.81999796439276],[100.20000046983237,31.819998007217038],[100.13750060505761,31.81999800489487],[100.07500069700846,31.819997984903235],[100.01250088437155,31.819997960892493],[99.95000096556808,31.819997973379003],[99.95000096556808,31.31999895234467]]]}"
000000000000000002fc,1072,2,7647.0,6503.5,6503.5,5360.0,13007.0,"{""type"":""Polygon"",""coordinates"":[[[100.45000001014012,31.31999896634014],[100.5124998406031,31.319998983391006],[100.57499976065216,31.319998983424934],[100.63749963926456,31.319998951572913],[100.69999951819264,31.319998944824913],[100.76249935439841,31.319998940803124],[100.8249992780695,31.31999898857607],[100.88749907622298,31.319998993631568],[100.94999896751168,31.319998997094437],[100.94999896751168,31.819997993282335],[100.88749907622298,31.819997998698526],[100.8249992780695,31.81999792350484],[100.76249935439841,31.819997984863083],[100.69999951819264,31.819997933514482],[100.63749963926456,31.8199979786434],[100.57499976065216,31.819997971023295],[100.5124998406031,31.81999794013351],[100.45000001014012,31.819997986858052],[100.45000001014012,31.31999896634014]]]}"
000000000000000002fd,1073,21,65022.0,11692.047619047618,6885.0,5338.0,245533.0,"{""type"":""Polygon"",""coordinates"":[[[100.94999896751168,31.319998997094437],[101.01249882717767,31.319998982933253],[101.07499870389056,31.319999006312077],[101.13749864753342,31.319998949657464],[101.19999844987971,31.319998976336386],[101.26249833570857,31.31999895317122],[101.32499827178705,31.31999894162241],[101.38749813924753,31.319998924555303],[101.44999799327965,31.319998955362163],[101.44999799327965,31.81999800713017],[101.38749813924753,31.81999794113596],[101.32499827178705,31.819997927222527],[101.26249833570857,31.819997998381414],[101.19999844987971,31.819998000336753],[101.13749864753342,31.81999795792917],[101.07499870389056,31.8199980043369],[101.01249882717767,31.819997976975923],[100.94999896751168,31.819997993282335],[100.94999896751168,31.319998997094437]]]}"
000000000000000002fe,1074,53,88133.0,13687.66037735849,8414.0,5338.0,725446.0,"{""type"":""Polygon"",""coordinates"":[[[101.44999799327965,31.319998955362163],[101.51249841049612,31.319998953866182],[101.57499884204753,31.31999894093189],[101.63749925963809,31.319998976826373],[101.6999997227788,31.31999894149203],[101.7625001182872,31.319998988719057],[101.8250005946132,31.31999898987208],[101.88750104047836,31.319998926197457],[101.95000143238939,31.319998942748217],[101.95000143238939,31.81999796226247],[101.88750104047836,31.819997973392972],[101.8250005946132,31.819997980585377],[101.7625001182872,31.819998011008316],[101.6999997227788,31.81999799789775],[101.63749925963809,31.81999798415827],[101.57499884204753,31.819997988224898],[101.51249841049612,31.819997958647253],[101.44999799327965,31.81999800713017],[101.44999799327965,31.319998955362163]]]}"
000000000000000002ff,1075,63,119824.0,16682.603174603173,11438.0,4218.0,1051004.0,"{""type"":""Polygon"",""coordinates"":[[[101.95000143238939,31.319998942748217],[102.01250131215058,31.319998967488917],[102.07500118037699,31.319999010059274],[102.13750110367965,31.319998948411378],[102.20000097521849,31.31999893473416],[102.26250086349057,31.319998932386415],[102.32500066333235,31.319999007191367],[102.38750053252556,31.319998941625137],[102.45000045517783,31.319998964251297],[102.45000045517783,31.81999796165847],[102.38750053252556,31.819997964368504],[102.32500066333235,31.8199979682864],[102.26250086349057,31.819998002796424],[102.2000009752185,31.819997942837198],[102.13750110367965,31.819997979752213],[102.07500118037699,31.819997979304357],[102.01250131215058,31.81999796135319],[101.95000143238939,31.81999796226247],[101.95000143238939,31.319998942748217]]]}"
00000000000000000300,1076,3,16014.0,12710.666666666666,15252.0,6866.0,38132.0,"{""type"":""Polygon"",""coordinates"":[[[102.45000045517783,31.319998964251297],[102.51250032874732,31.319998968389843],[102.57500022649201,31.319999001766156],[102.63750004749501,31.319998957394283],[102.69999995447873,31.31999895949467],[102.76249984827193,31.31999898639384],[102.82499971810891,31.319998921720792],[102.88749955406026,31.319998992084415],[102.94999943487058,31.319998985863922],[102.94999943487058,31.81999795943265],[102.88749955406026,31.81999801168342],[102.82499971810891,31.819997983746358],[102.76249984827193,31.819998001355874],[102.69999995447873,31.81999792464903],[102.63750004749501,31.819997955315966],[102.57500022649201,31.819997944235983],[102.51250032874732,31.819997939258062],[102.45000045517783,31.81999796165847],[102.45000045517783,31.319998964251297]]]}"
00000000000000000301,1077,7,58733.0,16252.57142857143,9153.0,5358.0,113768.0,"{""type"":""Polygon"",""coordinates"":[[[102.94999943487058,31.319998985863922],[103.01249935240315,31.31999895742108],[103.07499921140636,31.319998969899007],[103.13749909321939,31.31999898238401],[103.19999899214639,31.3199989626993],[103.26249881522786,31.319998973350014],[103.3249987344573,31.319998963258673],[103.38749857035549,31.31999900364926],[103.44999840847325,31.319998966436128],[103.44999840847325,31.819997984643198],[103.38749857035549,31.819997941612673],[103.3249987344573,31.8199979850061],[103.26249881522786,31.819997986957883],[103.19999899214639,31.819997961981986],[103.13749909321939,31.819997961550445],[103.07499921140635,31.819997923675782],[103.01249935240315,31.81999796615021],[102.94999943487058,31.81999795943265],[102.94999943487058,31.319998985863922]]]}"
00000000000000000302,1078,26,52707.0,12689.038461538461,9167.5,5338.0,329915.0,"{""type"":""Polygon"",""coordinates"":[[[103.44999840847325,31.319998966436128],[103.51249886474936,31.319999009211447],[103.57499932114563,31.31999899215662],[103.6374997774681,31.31999896693706],[103.70000014592347,31.319998994477196],[103.762500604532,31.3199989355899],[103.8250010670569,31.31999893618509],[103.88750144784625,31.31999897090442],[103.95000192741529,31.319998985041195],[103.95000192741529,31.81999800021133],[103.88750144784625,31.819997976369017],[103.8250010670569,31.81999800702476],[103.76250060453198,31.819997976934584],[103.70000014592347,31.819997996796218],[103.6374997774681,31.819997921598645],[103.57499932114563,31.81999797582799],[103.51249886474936,31.819997928591906],[103.44999840847325,31.819997984643198],[103.44999840847325,31.319998966436128]]]}"
00000000000000000303,1079,58,38987.0,11109.293103448275,8408.5,5347.0,644339.0,"{""type"":""Polygon"",""coordinates"":[[[103.95000192741529,31.319998985041195],[104.01250180165823,31.319998935872583],[104.07500169504861,31.319998976104177],[104.13750152472561,31.31999899398268],[104.2000013857669,31.31999894329766],[104.2625012853988,31.319998958299387],[104.32500114279593,31.319998926606317],[104.38750105528894,31.3199989718686],[104.450000943384,31.319998981262742],[104.450000943384,31.819997926680657],[104.38750105528894,31.81999800164395],[104.32500114279593,31.819997942574783],[104.2625012853988,31.819997947139917],[104.2000013857669,31.81999797787607],[104.13750152472561,31.819997976783373],[104.07500169504861,31.819997980822595],[104.01250180165823,31.81999795144797],[103.95000192741529,31.81999800021133],[103.95000192741529,31.319998985041195]]]}"
00000000000000000304,1080,0,,,,,0.0,"{""type"":""Polygon"",""coordinates"":[[[104.450000943384,31.319998981262742],[104.512500817009,31.319999002525286],[104.57500068678307,31.319998997689957],[104.6375005640113,31.31999892852286],[104.70000037169314,31.319998937565895],[104.76250030042463,31.31999896526423],[104.825000185528,31.319998993258192],[104.88750004089037,31.31999898228217],[104.94999988105903,31.31999897806905],[104.94999988105903,31.81999799461879],[104.88750004089037,31.81999794983099],[104.825000185528,31.819997980002885],[104.76250030042463,31.819997955139762],[104.70000037169314,31.81999799975507],[104.6375005640113,31.81999796237116],[104.57500068678307,31.819997987955073],[104.512500817009,31.819997934878224],[104.450000943384,31.819997926680657],[104.450000943384,31.319998981262742]]]}"
00000000000000000305,1081,3,9163.0,6885.0,6128.0,5364.0,20655.0,"{""type"":""Polygon"",""coordinates"":[[[104.94999988105903,31.31999897806905],[105.01249981039842,31.319998930135192],[105.07499966646854,31.31999899000344],[105.1374995548915,31.319998936140347],[105.19999940353478,31.31999899423251],[105.26249931936047,31.31999894210263],[105.3249991420986,31.319998930522946],[105.38749906929306,31.31999898141095],[105.44999894178211,31.319998989541027],[105.44999894178211,31.81999799743955],[105.38749906929306,31.81999800512252],[105.3249991420986,31.819997950075074],[105.26249931936047,31.819997937256453],[105.19999940353478,31.819997945598065],[105.1374995548915,31.81999799486884],[105.07499966646854,31.8199979675059],[105.01249981039842,31.819997978569223],[104.94999988105903,31.81999799461879],[104.94999988105903,31.31999897806905]]]}"
00000000000000000306,1082,138,188855.0,16193.521739130434,8694.421052631578,5352.0,2234706.0,"{""type"":""Polygon"",""coordinates"":[[[105.44999894178211,31.319998989541027],[105.51249877961354,31.3199989980696],[105.57499869290272,31.319998953622584],[105.63749852402003,31.319999005876337],[105.69999838424833,31.319998930692616],[105.76249829603358,31.3199989400537],[105.82499819282427,31.31999900162011],[105.88749800852842,31.3199989979487],[105.94999794643947,31.319998947438886],[105.94999794643947,31.81999797795942],[105.88749800852842,31.819997968413787],[105.82499819282428,31.819997972754386],[105.76249829603358,31.819997973507085],[105.69999838424833,31.81999800330493],[105.63749852402003,31.819998009971464],[105.57499869290272,31.819997952343076],[105.51249877961354,31.81999796952346],[105.44999894178211,31.81999799743955],[105.44999894178211,31.319998989541027]]]}"
00000000000000000307,1083,166,53506.0,11121.132530120482,7638.733333333334,5340.0,1846108.0,"{""type"":""Polygon"",""coordinates"":[[[105.94999794643947,31.319998947438886],[106.01249839000212,31.319998929842416],[106.07499873697631,31.319998980003135],[106.13749919243547,31.319998945183396],[106.19999960320456,31.319998973108085],[106.26250008579031,31.31999900676046],[106.32500048791435,31.319998938778145],[106.3875009271412,31.31999896626063],[106.45000134194315,31.31999896974411],[106.45000134194315,31.819997977454236],[106.3875009271412,31.81999795422022],[106.32500048791435,31.81999796392537],[106.26250008579031,31.819997956855843],[106.19999960320455,31.819997991053402],[106.13749919243547,31.81999800457875],[106.07499873697631,31.81999797027028],[106.01249839000212,31.819997995030604],[105.94999794643947,31.81999797795942],[105.94999794643947,31.319998947438886]]]}"
00000000000000000308,1084,115,210253.0,16444.956521739132,8766.4,5337.0,1891170.0,"{""type"":""Polygon"",""coordinates"":[[[106.45000134194315,31.31999896974411],[106.51250122173896,31.31999897374357],[106.57500113489608,31.319998945886482],[106.63750102130584,31.3199989357536],[106.70000091124314,31.31999898076349],[106.76250074549382,31.319998960474607],[106.82500064529452,31.319998984460383],[106.88750046233555,31.319998943888198],[106.95000040889545,31.319998935445014],[106.95000040889545,31.819997981347534],[106.88750046233555,31.819997955266725],[106.82500064529452,31.81999792928114],[106.76250074549382,31.81999797677186],[106.70000091124314,31.819997953194974],[106.63750102130584,31.81999800338503],[106.57500113489608,31.81999799439953],[106.51250122173896,31.819997973925346],[106.45000134194315,31.819997977454236],[106.45000134194315,31.31999896974411]]]}"
00000000000000000309,1085,7,7654.0,6222.857142857143,6102.0,5341.0,43560.0,"{""type"":""Polygon"",""coordinates"":[[[106.95000040889545,31.319998935445014],[107.01250024745117,31.319998946790943],[107.07500010115804,31.31999900138192],[107.13750000360177,31.319998965135923],[107.19999989867381,31.319998970009042],[107.26249973064182,31.319998978481927],[107.32499962457192,31.31999892793294],[107.38749952560921,31.319998949454465],[107.44999937926345,31.3199990047757],[107.44999937926345,31.819997970354084],[107.38749952560921,31.819997983429065],[107.32499962457192,31.819997994551066],[107.26249973064182,31.819997957982572],[107.19999989867381,31.819997996327455],[107.13750000360177,31.81999800421043],[107.07500010115804,31.81999793508162],[107.01250024745117,31.819997995170795],[106.95000040889545,31.819997981347534],[106.95000040889545,31.319998935445014]]]}"
0000000000000000030a,1086,11,30532.0,10338.181818181818,6871.0,5337.0,113720.0,"{""type"":""Polygon"",""coordinates"":[[[107.44999937926345,31.3199990047757],[107.51249922168424,31.319998958335333],[107.57499908946542,31.319999012373305],[107.63749901963907,31.31999894612713],[107.69999886898934,31.31999898663208],[107.76249876564697,31.319998984412454],[107.8249986574864,31.31999898422031],[107.88749849272108,31.319998946202343],[107.94999840073855,31.319998973156363],[107.94999840073855,31.819997980261665],[107.88749849272108,31.819997989735477],[107.8249986574864,31.819997939771813],[107.76249876564697,31.819997980982578],[107.69999886898935,31.819997985365532],[107.63749901963907,31.819997992904398],[107.57499908946542,31.819997984945548],[107.51249922168424,31.819997988112533],[107.44999937926345,31.819997970354084],[107.44999937926345,31.3199990047757]]]}"
0000000000000000030b,1087,27,14488.0,6924.666666666667,6104.0,5338.0,186966.0,"{""type"":""Polygon"",""coordinates"":[[[107.94999840073855,31.319998973156363],[108.01249878272381,31.319998959277243],[108.07499922645421,31.319998999958283],[108.13749968162853,31.31999896990796],[108.20000009826589,31.319998996728106],[108.26250051721281,31.31999894160674],[108.32500097969988,31.31999900256742],[108.387501436792,31.319998969184375],[108.45000183986016,31.31999896798932],[108.45000183986016,31.819997937947598],[108.387501436792,31.819997979496634],[108.3250009796999,31.819997925002074],[108.26250051721281,31.819997984570332],[108.20000009826589,31.819997948592807],[108.13749968162853,31.819997956260362],[108.07499922645421,31.819997978535007],[108.01249878272381,31.81999797279776],[107.94999840073855,31.819997980261665],[107.94999840073855,31.319998973156363]]]}"
0000000000000000030c,1088,66,331824.0,23698.424242424244,11892.636363636364,5350.0,1564096.0,"{""type"":""Polygon"",""coordinates"":[[[108.45000183986016,31.31999896798932],[108.51250168769621,31.319998939944558],[108.57500156618424,31.319999001517196],[108.63750142769644,31.31999894153042],[108.70000131551998,31.319998955958077],[108.76250118265287,31.31999900149465],[108.8250010730305,31.31999893688312],[108.88750094026051,31.31999897072828],[108.95000082890888,31.31999896118478],[108.95000082890888,31.8199979669692],[108.88750094026051,31.819997971296377],[108.8250010730305,31.81999796731721],[108.76250118265287,31.819998013204618],[108.70000131552,31.819997985481276],[108.63750142769644,31.81999794168676],[108.57500156618424,31.819998009219518],[108.51250168769621,31.81999799362529],[108.45000183986016,31.819997937947598],[108.45000183986016,31.31999896798932]]]}"
0000000000000000030d,1089,295,551814.0,24076.820338983052,9971.561643835616,5344.0,7102662.0,"{""type"":""Polygon"",""coordinates"":[[[108.95000082890888,31.31999896118478],[109.01250069317662,31.319998948120528],[109.07500057824282,31.31999895726493],[109.13750043888552,31.319998943913532],[109.20000032087941,31.319998933181388],[109.26250017956323,31.31999896384901],[109.32500006128967,31.319998976416603],[109.38749992194201,31.31999900914914],[109.44999980843326,31.31999900197088],[109.44999980843326,31.819997980276188],[109.38749992194201,31.81999797525662],[109.32500006128967,31.819997960560777],[109.26250017956323,31.819997996731647],[109.20000032087941,31.819997962580544],[109.13750043888552,31.819998001648187],[109.07500057824282,31.819997992185503],[109.01250069317662,31.819997993514363],[108.95000082890888,31.8199979669692],[108.95000082890888,31.31999896118478]]]}"
0000000000000000030e,1090,178,261078.0,17945.134831460673,8808.235294117647,5146.0,3194234.0,"{""type"":""Polygon"",""coordinates"":[[[109.44999980843326,31.31999900197088],[109.51249967717493,31.319998992629262],[109.57499957562284,31.319999004318067],[109.63749946070045,31.319998990374383],[109.69999938038876,31.319998973368783],[109.76249920127421,31.319999004433853],[109.82499906265927,31.31999900729996],[109.88749892244346,31.31999893434646],[109.94999882960636,31.31999897432245],[109.94999882960636,31.819997974925293],[109.88749892244346,31.819997954719],[109.82499906265929,31.819997988621004],[109.76249920127421,31.819997972789622],[109.69999938038876,31.819997955197113],[109.63749946070045,31.819997929249315],[109.57499957562284,31.81999801130674],[109.51249967717493,31.81999801266777],[109.44999980843326,31.819997980276188],[109.44999980843326,31.31999900197088]]]}"
0000000000000000030f,1091,497,197413.0,14057.058350100604,8756.370967741936,4789.0,6986358.0,"{""type"":""Polygon"",""coordinates"":[[[109.94999882960636,31.31999897432245],[110.01249874251052,31.319998995299954],[110.07499861973156,31.3199989489794],[110.13749851093975,31.31999893942745],[110.19999837515131,31.319999001419774],[110.26249826248451,31.31999898740193],[110.32499813237996,31.319998931686904],[110.38749794447425,31.319998951923335],[110.44999784043416,31.319998968264937],[110.44999784043416,31.81999797506191],[110.38749794447425,31.819997966723303],[110.32499813237996,31.819997974352024],[110.26249826248451,31.819997995173715],[110.19999837515131,31.81999799581304],[110.13749851093976,31.81999794267172],[110.07499861973156,31.819997983440732],[110.01249874251052,31.819998000717437],[109.94999882960636,31.819997974925293],[109.94999882960636,31.31999897432245]]]}"
00000000000000000310,1092,1609,258835.0,15123.131137352393,8788.248677248677,4591.0,2.4333118E7,"{""type"":""Polygon"",""coordinates"":[[[110.44999784043416,31.319998968264937],[110.5124982349368,31.319998938517113],[110.57499872458666,31.319998955654174],[110.63749917888184,31.319998984151614],[110.69999955841789,31.319998973296325],[110.76250000585576,31.31999892504086],[110.82500048216698,31.319998954824285],[110.88750085753803,31.319998943056188],[110.95000127517434,31.31999897397041],[110.95000127517434,31.81999796773285],[110.88750085753801,31.819997975787388],[110.82500048216698,31.819997957952868],[110.76250000585576,31.81999799741356],[110.69999955841789,31.819997964437988],[110.63749917888184,31.819997993868313],[110.57499872458666,31.819998001676634],[110.5124982349368,31.81999795578407],[110.44999784043416,31.81999797506191],[110.44999784043416,31.319998968264937]]]}"
00000000000000000311,1093,0,,,,,0.0,"{""type"":""Polygon"",""coordinates"":[[[110.95000127517434,31.31999897397041],[111.012501150796,31.319999005209812],[111.07500108272143,31.319998959849258],[111.13750094178911,31.319998967525443],[111.2000007809136,31.31999895990512],[111.26250065316744,31.319998951549792],[111.3250005208042,31.319998972358068],[111.38750043719087,31.31999895299073],[111.45000027388987,31.31999893867743],[111.45000027388987,31.819997997840147],[111.38750043719087,31.819997956239096],[111.3250005208042,31.819998011964742],[111.26250065316742,31.819997954686393],[111.2000007809136,31.819997937101196],[111.13750094178911,31.819997930042767],[111.07500108272143,31.819998002772422],[111.012501150796,31.81999797528105],[110.95000127517434,31.81999796773285],[110.95000127517434,31.31999897397041]]]}"
00000000000000000312,1094,58,98545.0,15035.034482758621,8415.5,4978.0,872032.0,"{""type"":""Polygon"",""coordinates"":[[[111.45000027388987,31.31999893867743],[111.51250017551725,31.31999892685065],[111.57500001390144,31.31999896222803],[111.63749993392162,31.31999895833234],[111.69999980765746,31.319998959439843],[111.76249968925852,31.319998977543936],[111.82499954201671,31.31999895736242],[111.8874994203104,31.31999899323648],[111.94999928765343,31.31999894634509],[111.94999928765343,31.81999795691878],[111.8874994203104,31.819997981533156],[111.82499954201671,31.819998010083246],[111.76249968925852,31.819997933427253],[111.69999980765746,31.819997989181772],[111.63749993392162,31.81999798494088],[111.57500001390144,31.81999799228556],[111.51250017551725,31.819997967536153],[111.45000027388987,31.819997997840147],[111.45000027388987,31.31999893867743]]]}"
00000000000000000313,1095,1,5365.0,5365.0,5365.0,5365.0,5365.0,"{""type"":""Polygon"",""coordinates"":[[[111.94999928765343,31.31999894634509],[112.0124991986357,31.319998993279373],[112.07499902601046,31.31999901107954],[112.13749891553334,31.319998993444987],[112.19999883111501,31.319998966402853],[112.26249864580134,31.319998972281613],[112.3249985965618,31.319998987036016],[112.3874984656561,31.31999898616212],[112.44999830829926,31.31999897813787],[112.44999830829926,31.81999796315782],[112.38749846565608,31.81999794560208],[112.3249985965618,31.819997918864434],[112.26249864580134,31.819997957862824],[112.19999883111501,31.81999792223565],[112.13749891553334,31.819998002238254],[112.07499902601046,31.819997991071798],[112.0124991986357,31.819997945979598],[111.94999928765343,31.81999795691878],[111.94999928765343,31.31999894634509]]]}"
00000000000000000314,1096,56,67975.0,14188.964285714286,9183.5,5343.0,794582.0,"{""type"":""Polygon"",""coordinates"":[[[112.44999830829926,31.31999897813787],[112.51249872542826,31.31999895332162],[112.57499913573395,31.319998953127058],[112.63749959462092,31.31999898487087],[112.70000006661674,31.3199989896497],[112.76250042539426,31.31999900801398],[112.82500090837965,31.31999892989205],[112.88750129843874,31.319998977472252],[112.95000174215942,31.319998974252393],[112.95000174215942,31.819997987222674],[112.88750129843872,31.819998009957896],[112.82500090837965,31.819997973916358],[112.76250042539426,31.819997973666226],[112.70000006661674,31.819997952743602],[112.63749959462092,31.819997939804818],[112.57499913573395,31.819997977279208],[112.51249872542826,31.81999795975166],[112.44999830829926,31.81999796315782],[112.44999830829926,31.31999897813787]]]}"
00000000000000000315,1097,178,158265.0,14261.106741573034,7653.7692307692305,4242.0,2538477.0,"{""type"":""Polygon"",""coordinates"":[[[112.95000174215942,31.319998974252393],[113.01250165895986,31.31999896299004],[113.07500155915373,31.31999894622878],[113.13750140764363,31.319998945935907],[113.20000126025225,31.319998966546734],[113.26250117281332,31.31999892961509],[113.32500101945124,31.319998955987458],[113.3875008560576,31.3199989666956],[113.45000073852206,31.319998964801375],[113.45000073852206,31.81999794450996],[113.3875008560576,31.819997974269487],[113.32500101945124,31.819997977195534],[113.2625011728133,31.819997951145805],[113.20000126025225,31.8199979756607],[113.13750140764363,31.819997930848135],[113.07500155915373,31.81999797789884],[113.01250165895986,31.819997948968336],[112.95000174215942,31.819997987222674],[112.95000174215942,31.319998974252393]]]}"
00000000000000000316,1098,192,94636.0,11387.932291666666,7633.6875,5338.0,2186483.0,"{""type"":""Polygon"",""coordinates"":[[[113.45000073852206,31.319998964801375],[113.51250063189647,31.319998970476814],[113.57500050125826,31.31999900365748],[113.63750040251857,31.3199989841061],[113.70000030076775,31.31999893121237],[113.76250016111256,31.31999894636387],[113.82500003945233,31.31999894838982],[113.88749990088554,31.319998955819297],[113.94999980127372,31.319998969043446],[113.94999980127372,31.819997941083376],[113.88749990088554,31.8199979336261],[113.82500003945233,31.819997993218845],[113.76250016111256,31.81999795669735],[113.70000030076775,31.819997970057774],[113.63750040251857,31.819997951246496],[113.57500050125826,31.819997963847626],[113.51250063189647,31.81999798931783],[113.45000073852206,31.81999794450996],[113.45000073852206,31.319998964801375]]]}"
00000000000000000317,1099,704,159066.0,14343.048295454546,8763.631578947368,5146.0,1.0097506E7,"{""type"":""Polygon"",""coordinates"":[[[113.94999980127372,31.319998969043446],[114.01249961494779,31.319998941790622],[114.07499948848324,31.3199989380578],[114.13749938691707,31.319998975126115],[114.19999927528013,31.319998987992008],[114.26249911859477,31.31999899354403],[114.32499906323218,31.31999897202876],[114.3874988927758,31.319998976067364],[114.44999875351041,31.31999898523343],[114.44999875351041,31.819997977437605],[114.3874988927758,31.819998003344523],[114.32499906323218,31.819997925675924],[114.26249911859477,31.819998010915953],[114.19999927528013,31.819997961939354],[114.13749938691707,31.819997962982704],[114.07499948848324,31.819997998011814],[114.01249961494779,31.819997968970327],[113.94999980127372,31.819997941083376],[113.94999980127372,31.319998969043446]]]}"
00000000000000000318,1100,648,204251.0,13866.986111111111,8789.216216216217,5337.0,8985807.0,"{""type"":""Polygon"",""coordinates"":[[[114.44999875351041,31.31999898523343],[114.51249861031246,31.319998933256603],[114.57499851865738,31.319998980994267],[114.63749835271804,31.319998998121342],[114.69999825847623,31.319998962647954],[114.76249811002621,31.319998989413154],[114.82499805317266,31.3199989737472],[114.8874978713726,31.31999896681778],[114.94999780081427,31.319998926440615],[114.94999780081427,31.81999795452687],[114.8874978713726,31.819997949521294],[114.82499805317266,31.81999795867751],[114.76249811002621,31.819997944076864],[114.69999825847623,31.819997936494538],[114.63749835271804,31.819997959933673],[114.57499851865738,31.81999798205765],[114.51249861031246,31.81999794447287],[114.44999875351041,31.819997977437605],[114.44999875351041,31.31999898523343]]]}"
00000000000000000319,1101,679,665941.0,15757.935198821797,10077.835714285715,3442.0,1.0699638E7,"{""type"":""Polygon"",""coordinates"":[[[114.94999780081427,31.319998926440615],[115.01249816795351,31.31999895423233],[115.0749986654598,31.31999895551161],[115.13749907662935,31.31999898060676],[115.19999954668145,31.319998922789047],[115.26249994931185,31.319998976414013],[115.32500033907466,31.319998971355524],[115.38750077038793,31.31999898185844],[115.45000120714293,31.319998937727515],[115.45000120714293,31.819997979169674],[115.38750077038793,31.819997954075497],[115.32500033907466,31.819997996443973],[115.26249994931185,31.81999793335532],[115.19999954668145,31.819997935590667],[115.13749907662935,31.819997929820516],[115.0749986654598,31.819997966883186],[115.01249816795351,31.81999799174431],[114.94999780081427,31.81999795452687],[114.94999780081427,31.319998926440615]]]}"
0000000000000000031a,1102,686,834124.0,18469.45918367347,9833.632530120482,5337.0,1.2670049E7,"{""type"":""Polygon"",""coordinates"":[[[115.45000120714293,31.319998937727515],[115.51250107096507,31.319998965023945],[115.57500095838192,31.31999894115677],[115.63750083301515,31.319998958078966],[115.70000074871464,31.319998925326917],[115.76250057859622,31.319998953532664],[115.82500046656986,31.319998932326836],[115.887500375804,31.319998952322702],[115.95000026937656,31.31999894124535],[115.95000026937656,31.819997957500167],[115.887500375804,31.819997929292878],[115.82500046656986,31.81999798460393],[115.76250057859622,31.819997953274292],[115.70000074871464,31.819997988878814],[115.63750083301515,31.81999795952438],[115.57500095838192,31.81999799876368],[115.51250107096507,31.81999795445505],[115.45000120714293,31.819997979169674],[115.45000120714293,31.319998937727515]]]}"
0000000000000000031b,1103,289,657290.0,14776.629757785468,10078.985074626866,5350.0,4270446.0,"{""type"":""Polygon"",""coordinates"":[[[115.95000026937656,31.31999894124535],[116.01250011027291,31.319998989188043],[116.07499995156216,31.319999003874347],[116.13749984612735,31.319998973899676],[116.1999997565261,31.319998988283015],[116.26249964521116,31.319998973443926],[116.32499947452831,31.319998936786074],[116.38749938684246,31.319998926867267],[116.44999925409569,31.319998970142354],[116.44999925409569,31.819997937333998],[116.38749938684246,31.819997944179953],[116.32499947452831,31.819997949387716],[116.26249964521116,31.819997927122216],[116.1999997565261,31.819997991947933],[116.13749984612735,31.81999797573064],[116.07499995156216,31.81999795250929],[116.01250011027291,31.819997996207587],[115.95000026937656,31.819997957500167],[115.95000026937656,31.31999894124535]]]}"
0000000000000000031c,1104,105,39833.0,10890.895238095238,9169.333333333334,5343.0,1143544.0,"{""type"":""Polygon"",""coordinates"":[[[116.44999925409569,31.319998970142354],[116.51249912824201,31.31999897214195],[116.57499897102883,31.319998939059992],[116.63749883404937,31.319998937775285],[116.69999876867364,31.319998953703486],[116.76249864621,31.319998931218457],[116.82499851772049,31.319998936135697],[116.8874983441674,31.31999897313184],[116.94999826605553,31.31999892528706],[116.94999826605553,31.81999799134116],[116.8874983441674,31.81999799629426],[116.82499851772049,31.819997934756756],[116.76249864621,31.819997924561815],[116.69999876867364,31.819997961918993],[116.63749883404937,31.81999798241101],[116.57499897102883,31.819997961390964],[116.51249912824201,31.819997995094393],[116.44999925409569,31.819997937333998],[116.44999925409569,31.319998970142354]]]}"
0000000000000000031d,1105,4,9924.0,7638.5,7262.0,6106.0,30554.0,"{""type"":""Polygon"",""coordinates"":[[[116.94999826605553,31.31999892528706],[117.01249869297735,31.31999893728303],[117.07499913599196,31.31999895233424],[117.1374995553392,31.31999897392413],[117.20000000084326,31.319998984833756],[117.26250043236597,31.319998987953028],[117.32500080961704,31.31999898594885],[117.38750127144553,31.319998940017257],[117.45000168746127,31.319998953325328],[117.45000168746127,31.81999800523814],[117.38750127144553,31.819998000500018],[117.32500080961704,31.81999798502754],[117.26250043236597,31.819997936926175],[117.20000000084326,31.81999797660803],[117.1374995553392,31.819997941622685],[117.07499913599196,31.819997990703524],[117.01249869297735,31.819997981347388],[116.94999826605553,31.81999799134116],[116.94999826605553,31.31999892528706]]]}"
0000000000000000031e,1106,25,13017.0,7313.56,6128.0,5337.0,182839.0,"{""type"":""Polygon"",""coordinates"":[[[117.45000168746127,31.319998953325328],[117.51250156887173,31.3199989701769],[117.57500141246646,31.319998948908882],[117.6375013560503,31.319998929625363],[117.70000117902012,31.31999895472511],[117.76250110819338,31.319998962201137],[117.82500092265155,31.31999899406207],[117.88750084859045,31.319998987428992],[117.9500006647658,31.319998983922737],[117.9500006647658,31.819997994804243],[117.88750084859045,31.819997957938668],[117.82500092265155,31.819998006874],[117.76250110819338,31.81999794044161],[117.70000117902012,31.81999798310382],[117.6375013560503,31.819997933183128],[117.57500141246646,31.819998014387714],[117.51250156887173,31.81999794432746],[117.45000168746127,31.81999800523814],[117.45000168746127,31.319998953325328]]]}"
0000000000000000031f,1107,4,12223.0,9549.75,9550.0,6876.0,38199.0,"{""type"":""Polygon"",""coordinates"":[[[117.9500006647658,31.319998983922737],[118.01250059673546,31.319999000083694],[118.07500042291933,31.319998996797487],[118.13750027893767,31.319999010880487],[118.20000021071498,31.31999893928665],[118.26250008541567,31.319998961778182],[118.32499994851155,31.319998974752956],[118.38749984514642,31.3199989544297],[118.44999973101154,31.319998978135985],[118.44999973101154,31.81999795019199],[118.38749984514642,31.81999798491711],[118.32499994851155,31.819997977783633],[118.26250008541567,31.819997932432333],[118.20000021071498,31.81999795359795],[118.13750027893767,31.819997985937405],[118.07500042291933,31.819998010817923],[118.01250059673546,31.819997972216772],[117.9500006647658,31.819997994804243],[117.9500006647658,31.319998983922737]]]}"
00000000000000000320,1108,47,38198.0,13028.978723404256,9158.0,5341.0,612362.0,"{""type"":""Polygon"",""coordinates"":[[[118.44999973101154,31.319998978135985],[118.51249956159542,31.3199989627841],[118.57499947028623,31.319998942138092],[118.63749932293841,31.319998934025914],[118.69999916329995,31.31999899293263],[118.76249903476817,31.319999012991417],[118.82499898038535,31.31999896794361],[118.88749886507792,31.3199989545341],[118.9499987313784,31.319998945898345],[118.94999873137841,31.819997985905275],[118.88749886507792,31.819997979567503],[118.82499898038535,31.81999796351109],[118.76249903476817,31.819997965692824],[118.69999916329995,31.81999797001882],[118.63749932293841,31.81999800393458],[118.57499947028623,31.819997935124658],[118.51249956159539,31.81999794946681],[118.44999973101154,31.81999795019199],[118.44999973101154,31.319998978135985]]]}"
00000000000000000321,1109,28,27502.0,9794.892857142857,7631.5,5345.0,274257.0,"{""type"":""Polygon"",""coordinates"":[[[118.9499987313784,31.319998945898345],[119.01249915429268,31.31999894311938],[119.07499955357449,31.31999899117177],[119.13749997075175,31.319998982329075],[119.20000044697548,31.31999896797761],[119.26250084569612,31.31999896344568],[119.32500129614436,31.319998997350158],[119.38750174984433,31.319998982723025],[119.45000215807949,31.319998991644017],[119.45000215807949,31.819997959619293],[119.38750174984433,31.81999793426241],[119.32500129614436,31.8199979884963],[119.26250084569612,31.81999797223037],[119.20000044697548,31.819997973009194],[119.13749997075175,31.819997963832442],[119.07499955357449,31.819997930077044],[119.01249915429268,31.819997980697362],[118.94999873137841,31.819997985905275],[118.9499987313784,31.319998945898345]]]}"
00000000000000000322,1110,0,,,,,0.0,"{""type"":""Polygon"",""coordinates"":[[[119.45000215807949,31.319998991644017],[119.51250202934987,31.319998968521013],[119.57500193431872,31.31999898869299],[119.63750182330921,31.319998964139717],[119.70000164639437,31.319998965632447],[119.7625015301001,31.31999893934558],[119.82500142375648,31.319998955211677],[119.88750127643594,31.319999003504545],[119.95000112518373,31.319998972428333],[119.95000112518373,31.819997984493284],[119.88750127643594,31.819997986434696],[119.82500142375648,31.819997956075614],[119.7625015301001,31.819998006088394],[119.70000164639437,31.81999798898405],[119.63750182330921,31.819997994235756],[119.57500193431869,31.819997997893307],[119.51250202934987,31.819997930409805],[119.45000215807949,31.819997959619293],[119.45000215807949,31.319998991644017]]]}"
00000000000000000323,1111,0,,,,,0.0,"{""type"":""Polygon"",""coordinates"":[[[119.95000112518373,31.319998972428333],[120.01250100662233,31.319998987734994],[120.07500086879638,31.319998959503945],[120.13750074759342,31.31999901263742],[120.20000067846723,31.31999895472985],[120.262500520381,31.319998955412906],[120.32500039614503,31.319998957285538],[120.38750025207365,31.31999894818804],[120.45000012210245,31.31999897185886],[120.45000012210245,31.819997941199155],[120.38750025207365,31.819997951683085],[120.32500039614503,31.81999795325928],[120.262500520381,31.819997982426045],[120.20000067846723,31.81999797349837],[120.13750074759342,31.81999798518254],[120.07500086879638,31.819998007010856],[120.01250100662233,31.819997995215044],[119.95000112518373,31.819997984493284],[119.95000112518373,31.319998972428333]]]}"
00000000000000000324,1112,0,,,,,0.0,"{""type"":""Polygon"",""coordinates"":[[[120.45000012210245,31.31999897185886],[120.51250003971631,31.31999899253121],[120.57499995013146,31.319998918140406],[120.63749979827895,31.319998972299896],[120.69999970425633,31.31999893728058],[120.76249952447415,31.31999898006085],[120.82499937814268,31.31999896118964],[120.88749929623037,31.31999900046234],[120.94999913413275,31.31999894861503],[120.94999913413275,31.819997975793004],[120.88749929623037,31.819997964437356],[120.82499937814268,31.819997968565715],[120.76249952447415,31.81999798060849],[120.69999970425633,31.819997961093925],[120.63749979827895,31.819997971952684],[120.57499995013146,31.819997926186417],[120.51250003971631,31.819997963615577],[120.45000012210245,31.819997941199155],[120.45000012210245,31.31999897185886]]]}"
00000000000000000325,1113,0,,,,,0.0,"{""type"":""Polygon"",""coordinates"":[[[120.94999913413275,31.31999894861503],[121.01249900963806,31.319998980225353],[121.07499895241493,31.31999897754395],[121.13749881682102,31.319998948160148],[121.19999863182602,31.31999900992965],[121.26249851323058,31.319998942165647],[121.32499840160763,31.319998963881705],[121.38749832444573,31.31999895577924],[121.44999813437167,31.319999002676813],[121.44999813437167,31.819997961796968],[121.38749832444573,31.819997990223634],[121.32499840160763,31.819997934901455],[121.26249851323058,31.819997946739452],[121.19999863182602,31.819997989412403],[121.13749881682102,31.819997924100406],[121.07499895241493,31.819997972273132],[121.01249900963809,31.81999793950661],[120.94999913413275,31.819997975793004],[120.94999913413275,31.31999894861503]]]}"
00000000000000000326,1114,0,,,,,0.0,"{""type"":""Polygon"",""coordinates"":[[[121.44999813437167,31.319999002676813],[121.51249855521633,31.31999895203713],[121.57499900250107,31.31999900590659],[121.63749950182846,31.31999896526148],[121.69999990430806,31.31999899212481],[121.76250032174214,31.319998941599017],[121.82500077832776,31.319998927190284],[121.88750121089527,31.31999892928246],[121.95000164273927,31.31999898226895],[121.95000164273927,31.81999795576819],[121.88750121089527,31.81999796435982],[121.82500077832776,31.819997952944767],[121.76250032174214,31.819997966551732],[121.69999990430806,31.819997947760463],[121.63749950182846,31.819997940942493],[121.57499900250107,31.81999793599745],[121.51249855521633,31.819998006633927],[121.44999813437167,31.819997961796968],[121.44999813437167,31.319999002676813]]]}"
0000000000000000032c,1150,0,,,,,0.0,"{""type"":""Polygon"",""coordinates"":[[[95.95000002904636,31.819998004505916],[96.0124999376128,31.819997938603798],[96.0749998024979,31.819997930080444],[96.13749971327046,31.81999796031282],[96.1999995190427,31.819997935500627],[96.26249939459098,31.819998005647264],[96.32499927405166,31.81999798599813],[96.38749917454423,31.819997947269428],[96.44999903397962,31.81999796397706],[96.44999903397962,32.32000146252898],[96.38749917454423,32.32000146899989],[96.32499927405166,32.32000146825196],[96.26249939459098,32.32000138622757],[96.1999995190427,32.32000141117154],[96.13749971327046,32.320001468676814],[96.0749998024979,32.32000140969045],[96.0124999376128,32.32000141381584],[95.95000002904636,32.320001413632696],[95.95000002904636,31.819998004505916]]]}"
0000000000000000032d,1151,1,25150.0,25150.0,25150.0,25150.0,25150.0,"{""type"":""Polygon"",""coordinates"":[[[96.44999903397962,31.81999796397706],[96.51249895477366,31.81999792913235],[96.57499879736615,31.81999800744892],[96.63749866822066,31.819998004869852],[96.69999859455561,31.819997990693217],[96.7624984422432,31.819997956066537],[96.82499832387141,31.819997965504275],[96.88749819066588,31.81999800537617],[96.94999807748074,31.819997970965648],[96.94999807748074,32.3200014277041],[96.88749819066588,32.32000138802237],[96.82499832387141,32.32000146878956],[96.7624984422432,32.320001430137545],[96.69999859455561,32.32000145794503],[96.63749866822066,32.32000140215292],[96.57499879736615,32.320001443874716],[96.51249895477366,32.320001428235294],[96.44999903397962,32.32000146252898],[96.44999903397962,31.81999796397706]]]}"
0000000000000000032e,1152,3,9139.0,6854.0,6092.0,5331.0,20562.0,"{""type"":""Polygon"",""coordinates"":[[[96.94999807748074,31.819997970965648],[97.01249851320925,31.819997989513695],[97.07499896351545,31.81999798676994],[97.13749938684082,31.819997948221307],[97.19999982553391,31.81999794097099],[97.26250024159937,31.819997950016628],[97.32500068108597,31.819997955439916],[97.38750110952894,31.81999794175661],[97.45000149410335,31.819997979704446],[97.45000149410335,32.32000142524226],[97.38750110952894,32.32000140112137],[97.32500068108597,32.320001449099365],[97.26250024159937,32.32000141291387],[97.19999982553391,32.320001394171506],[97.13749938684082,32.32000141293706],[97.07499896351545,32.32000139826402],[97.01249851320925,32.32000145568655],[96.94999807748074,32.3200014277041],[96.94999807748074,31.819997970965648]]]}"
0000000000000000032f,1153,0,,,,,0.0,"{""type"":""Polygon"",""coordinates"":[[[97.45000149410335,31.819997979704446],[97.51250139054343,31.819997991425115],[97.57500126430105,31.8199979320105],[97.63750117042193,31.81999795288238],[97.7000010001831,31.819997955951962],[97.76250089490264,31.81999800067594],[97.8250007491285,31.819997988536866],[97.88750062481778,31.819997983401763],[97.95000050266914,31.819997967578875],[97.95000050266914,32.32000142444359],[97.88750062481778,32.32000146753822],[97.8250007491285,32.320001433029766],[97.76250089490264,32.320001424672284],[97.7000010001831,32.320001465131824],[97.63750117042193,32.32000139469312],[97.57500126430105,32.32000141241456],[97.51250139054343,32.32000144409538],[97.45000149410335,32.32000142524226],[97.45000149410335,31.819997979704446]]]}"
00000000000000000330,1154,23,33440.0,11166.130434782608,8357.0,5313.0,256821.0,"{""type"":""Polygon"",""coordinates"":[[[97.95000050266914,31.819997967578875],[98.01250036495357,31.819998009486937],[98.07500027878137,31.819997999370656],[98.13750014641614,31.819997924089996],[98.20000003821951,31.819997932287908],[98.2624998594054,31.819998010411418],[98.32499976711529,31.81999795587236],[98.38749966969705,31.819997927198877],[98.44999956043617,31.819997990962623],[98.44999956043617,32.32000145621517],[98.38749966969705,32.32000144803636],[98.32499976711529,32.32000146319476],[98.2624998594054,32.32000143562471],[98.20000003821951,32.3200014653568],[98.13750014641614,32.32000141082945],[98.07500027878137,32.320001457468734],[98.01250036495357,32.32000145759823],[97.95000050266914,32.32000142444359],[97.95000050266914,31.819997967578875]]]}"
00000000000000000331,1159,0,,,,,0.0,"{""type"":""Polygon"",""coordinates"":[[[100.45000001014012,31.819997986858052],[100.5124998406031,31.81999794013351],[100.57499976065216,31.819997971023295],[100.63749963926456,31.8199979786434],[100.69999951819264,31.819997933514482],[100.76249935439841,31.819997984863083],[100.8249992780695,31.81999792350484],[100.88749907622298,31.819997998698526],[100.94999896751168,31.819997993282335],[100.94999896751168,32.320001448004966],[100.88749907622298,32.320001460579704],[100.8249992780695,32.32000139923259],[100.76249935439841,32.32000139521564],[100.69999951819264,32.32000145688943],[100.63749963926456,32.32000145102078],[100.57499976065216,32.32000140026126],[100.5124998406031,32.32000141982022],[100.45000001014012,32.32000143925085],[100.45000001014012,31.819997986858052]]]}"
00000000000000000332,1160,5,28875.0,15053.2,9118.0,7618.0,75266.0,"{""type"":""Polygon"",""coordinates"":[[[100.94999896751168,31.819997993282335],[101.01249882717767,31.819997976975923],[101.07499870389056,31.8199980043369],[101.13749864753342,31.81999795792917],[101.19999844987971,31.819998000336753],[101.26249833570857,31.819997998381414],[101.32499827178705,31.819997927222527],[101.38749813924753,31.81999794113596],[101.44999799327965,31.81999800713017],[101.44999799327965,32.320001427650446],[101.38749813924753,32.32000141428467],[101.32499827178705,32.32000145670893],[101.26249833570857,32.32000141739984],[101.19999844987971,32.32000139905173],[101.13749864753342,32.320001426709894],[101.07499870389056,32.32000146273392],[101.01249882717765,32.32000143074184],[100.94999896751168,32.320001448004966],[100.94999896751168,31.819997993282335]]]}"
00000000000000000333,1161,55,171577.0,20279.81818181818,12152.0,5312.0,1115390.0,"{""type"":""Polygon"",""coordinates"":[[[101.44999799327965,31.81999800713017],[101.51249841049612,31.819997958647253],[101.57499884204753,31.819997988224898],[101.63749925963809,31.81999798415827],[101.6999997227788,31.81999799789775],[101.7625001182872,31.819998011008316],[101.8250005946132,31.819997980585377],[101.88750104047836,31.819997973392972],[101.95000143238939,31.81999796226247],[101.95000143238939,32.32000140196512],[101.88750104047836,32.3200014464522],[101.8250005946132,32.320001403113565],[101.7625001182872,32.32000146980774],[101.6999997227788,32.320001409739575],[101.63749925963809,32.320001436690355],[101.57499884204753,32.320001398619475],[101.51249841049612,32.32000141532187],[101.44999799327965,32.320001427650446],[101.44999799327965,31.81999800713017]]]}"
00000000000000000334,1162,72,76025.0,15889.875,9895.6,5313.0,1144071.0,"{""type"":""Polygon"",""coordinates"":[[[101.95000143238939,31.81999796226247],[102.01250131215058,31.81999796135319],[102.07500118037699,31.819997979304357],[102.13750110367965,31.819997979752213],[102.2000009752185,31.819997942837198],[102.26250086349057,31.819998002796424],[102.32500066333235,31.8199979682864],[102.38750053252556,31.819997964368504],[102.45000045517783,31.81999796165847],[102.45000045517783,32.32000140030604],[102.38750053252556,32.3200014378141],[102.32500066333235,32.32000138984686],[102.26250086349057,32.32000145627987],[102.20000097521849,32.3200014280291],[102.13750110367965,32.32000141058688],[102.07500118037697,32.32000144113186],[102.01250131215058,32.3200014544616],[101.95000143238939,32.32000140196512],[101.95000143238939,31.81999796226247]]]}"
00000000000000000335,1163,8,34966.0,11601.625,9127.5,5319.0,92813.0,"{""type"":""Polygon"",""coordinates"":[[[102.45000045517783,31.81999796165847],[102.51250032874732,31.819997939258062],[102.57500022649201,31.819997944235983],[102.63750004749501,31.819997955315966],[102.69999995447873,31.81999792464903],[102.76249984827193,31.819998001355874],[102.82499971810891,31.819997983746358],[102.88749955406026,31.81999801168342],[102.94999943487058,31.81999795943265],[102.94999943487058,32.32000145019614],[102.88749955406026,32.32000139144421],[102.82499971810891,32.32000141851562],[102.76249984827193,32.320001401958315],[102.69999995447873,32.320001458063935],[102.63750004749501,32.32000144769792],[102.57500022649201,32.32000139276029],[102.51250032874732,32.32000142656557],[102.45000045517783,32.32000140030604],[102.45000045517783,31.81999796165847]]]}"
00000000000000000336,1164,2,6852.0,6081.5,6081.5,5311.0,12163.0,"{""type"":""Polygon"",""coordinates"":[[[102.94999943487058,31.81999795943265],[103.01249935240315,31.81999796615021],[103.07499921140635,31.819997923675782],[103.13749909321939,31.819997961550445],[103.19999899214639,31.819997961981986],[103.26249881522786,31.819997986957883],[103.3249987344573,31.8199979850061],[103.38749857035549,31.819997941612673],[103.44999840847325,31.819997984643198],[103.44999840847325,32.320001395405185],[103.38749857035549,32.32000145982421],[103.3249987344573,32.320001433113404],[103.26249881522786,32.32000144322211],[103.19999899214639,32.32000141981591],[103.13749909321939,32.32000141474533],[103.07499921140636,32.32000145153606],[103.01249935240315,32.32000139285373],[102.94999943487058,32.32000145019614],[102.94999943487058,31.81999795943265]]]}"
00000000000000000337,1165,5,10663.0,7912.2,8363.0,5317.0,39561.0,"{""type"":""Polygon"",""coordinates"":[[[103.44999840847325,31.819997984643198],[103.51249886474936,31.819997928591906],[103.57499932114563,31.81999797582799],[103.6374997774681,31.819997921598645],[103.70000014592347,31.819997996796218],[103.76250060453198,31.819997976934584],[103.8250010670569,31.81999800702476],[103.88750144784625,31.819997976369017],[103.95000192741529,31.81999800021133],[103.95000192741529,32.32000142373426],[103.88750144784625,32.32000141113899],[103.8250010670569,32.32000144218039],[103.762500604532,32.320001402790666],[103.70000014592347,32.32000140343464],[103.6374997774681,32.32000138487988],[103.57499932114563,32.32000140154515],[103.51249886474936,32.320001393567566],[103.44999840847325,32.320001395405185],[103.44999840847325,31.819997984643198]]]}"
00000000000000000338,1166,12,15194.0,8103.0,6832.5,5318.0,97236.0,"{""type"":""Polygon"",""coordinates"":[[[103.95000192741529,31.81999800021133],[104.01250180165823,31.81999795144797],[104.07500169504861,31.819997980822595],[104.13750152472561,31.819997976783373],[104.2000013857669,31.81999797787607],[104.2625012853988,31.819997947139917],[104.32500114279593,31.819997942574783],[104.38750105528894,31.81999800164395],[104.450000943384,31.819997926680657],[104.450000943384,32.32000143634547],[104.38750105528894,32.32000145014789],[104.32500114279593,32.32000140149901],[104.2625012853988,32.32000140280941],[104.2000013857669,32.32000141733694],[104.13750152472561,32.320001387629674],[104.07500169504861,32.32000143564186],[104.01250180165823,32.32000143882756],[103.95000192741529,32.32000142373426],[103.95000192741529,31.81999800021133]]]}"
00000000000000000339,1167,36,22066.0,7538.555555555556,6459.0,5310.0,271388.0,"{""type"":""Polygon"",""coordinates"":[[[104.450000943384,31.819997926680657],[104.512500817009,31.819997934878224],[104.57500068678307,31.819997987955073],[104.6375005640113,31.81999796237116],[104.70000037169314,31.81999799975507],[104.76250030042463,31.819997955139762],[104.825000185528,31.819997980002885],[104.88750004089037,31.81999794983099],[104.94999988105903,31.81999799461879],[104.94999988105903,32.32000144631896],[104.88750004089037,32.32000146573468],[104.825000185528,32.320001458158984],[104.76250030042463,32.32000146372428],[104.70000037169314,32.32000143769657],[104.6375005640113,32.320001398610465],[104.57500068678307,32.320001406915274],[104.512500817009,32.32000140655744],[104.450000943384,32.32000143634547],[104.450000943384,31.819997926680657]]]}"
0000000000000000033a,1168,19,38009.0,10671.368421052632,8343.0,5309.0,202756.0,"{""type"":""Polygon"",""coordinates"":[[[104.94999988105903,31.81999799461879],[105.01249981039842,31.819997978569223],[105.07499966646854,31.8199979675059],[105.1374995548915,31.81999799486884],[105.19999940353478,31.819997945598065],[105.26249931936047,31.819997937256453],[105.3249991420986,31.819997950075074],[105.38749906929306,31.81999800512252],[105.44999894178211,31.81999799743955],[105.44999894178211,32.32000145172086],[105.38749906929306,32.32000142254498],[105.3249991420986,32.32000139479707],[105.26249931936047,32.32000138875772],[105.19999940353478,32.32000146866083],[105.1374995548915,32.320001400997775],[105.07499966646853,32.32000140719634],[105.01249981039842,32.32000143320168],[104.94999988105903,32.32000144631896],[104.94999988105903,31.81999799461879]]]}"
0000000000000000033b,1169,5,8353.0,6387.4,6088.0,5317.0,31937.0,"{""type"":""Polygon"",""coordinates"":[[[105.44999894178211,31.81999799743955],[105.51249877961354,31.81999796952346],[105.57499869290272,31.819997952343076],[105.63749852402003,31.819998009971464],[105.69999838424833,31.81999800330493],[105.76249829603358,31.819997973507085],[105.82499819282428,31.819997972754386],[105.88749800852842,31.819997968413787],[105.94999794643947,31.81999797795942],[105.94999794643947,32.3200014363359],[105.88749800852842,32.32000140276199],[105.82499819282427,32.320001442817585],[105.76249829603358,32.32000145564691],[105.69999838424833,32.32000138975706],[105.63749852402003,32.32000144650741],[105.57499869290272,32.32000141679976],[105.51249877961354,32.32000143973619],[105.44999894178211,32.32000145172086],[105.44999894178211,31.81999799743955]]]}"
0000000000000000033c,1170,542,1778833.0,29177.32472324723,10935.245614035088,3605.0,1.581411E7,"{""type"":""Polygon"",""coordinates"":[[[105.94999794643947,31.81999797795942],[106.01249839000212,31.819997995030604],[106.07499873697631,31.81999797027028],[106.13749919243547,31.81999800457875],[106.19999960320455,31.819997991053402],[106.26250008579031,31.819997956855843],[106.32500048791435,31.81999796392537],[106.3875009271412,31.81999795422022],[106.45000134194315,31.819997977454236],[106.45000134194315,32.32000144971063],[106.3875009271412,32.32000144601579],[106.32500048791435,32.32000144710634],[106.26250008579031,32.32000140385538],[106.19999960320456,32.32000145888866],[106.13749919243547,32.320001466608076],[106.07499873697631,32.320001400633984],[106.01249839000212,32.32000145182341],[105.94999794643947,32.3200014363359],[105.94999794643947,31.81999797795942]]]}"
0000000000000000033d,1171,497,255768.0,20213.832997987927,9887.066666666668,4741.0,1.0046275E7,"{""type"":""Polygon"",""coordinates"":[[[106.45000134194315,31.819997977454236],[106.51250122173896,31.819997973925346],[106.57500113489608,31.81999799439953],[106.63750102130584,31.81999800338503],[106.70000091124314,31.819997953194974],[106.76250074549382,31.81999797677186],[106.82500064529452,31.81999792928114],[106.88750046233555,31.819997955266725],[106.95000040889545,31.819997981347534],[106.95000040889545,32.3200014146537],[106.88750046233555,32.3200013970318],[106.82500064529452,32.32000143131282],[106.76250074549382,32.32000142342802],[106.70000091124314,32.32000139771878],[106.63750102130584,32.3200014150613],[106.57500113489608,32.32000142755663],[106.51250122173896,32.32000139916993],[106.45000134194315,32.32000144971063],[106.45000134194315,31.819997977454236]]]}"
0000000000000000033e,1172,122,167996.0,15745.295081967213,8767.923076923076,5310.0,1920926.0,"{""type"":""Polygon"",""coordinates"":[[[106.95000040889545,31.819997981347534],[107.01250024745117,31.819997995170795],[107.07500010115804,31.81999793508162],[107.13750000360177,31.81999800421043],[107.19999989867381,31.819997996327455],[107.26249973064182,31.819997957982572],[107.32499962457192,31.819997994551066],[107.38749952560921,31.819997983429065],[107.44999937926345,31.819997970354084],[107.44999937926345,32.32000138603432],[107.38749952560921,32.320001429320605],[107.3249996245719,32.32000143474336],[107.26249973064182,32.32000144103608],[107.19999989867381,32.320001402934345],[107.13750000360177,32.3200014679139],[107.07500010115805,32.32000142229189],[107.01250024745117,32.320001387818856],[106.95000040889545,32.3200014146537],[106.95000040889545,31.819997981347534]]]}"
0000000000000000033f,1173,30,37256.0,9102.4,6859.5,5309.0,273072.0,"{""type"":""Polygon"",""coordinates"":[[[107.44999937926345,31.819997970354084],[107.51249922168424,31.819997988112533],[107.57499908946542,31.819997984945548],[107.63749901963907,31.819997992904398],[107.69999886898935,31.819997985365532],[107.76249876564697,31.819997980982578],[107.8249986574864,31.819997939771813],[107.88749849272108,31.819997989735477],[107.94999840073855,31.819997980261665],[107.94999840073855,32.32000138624731],[107.88749849272108,32.32000139792031],[107.82499865748639,32.32000139376612],[107.76249876564697,32.32000144082236],[107.69999886898934,32.320001412075236],[107.63749901963907,32.32000143149377],[107.57499908946542,32.32000139753979],[107.51249922168424,32.32000142074877],[107.44999937926345,32.32000138603432],[107.44999937926345,31.819997970354084]]]}"
00000000000000000340,1174,11,12192.0,7265.636363636364,6849.0,5323.0,79922.0,"{""type"":""Polygon"",""coordinates"":[[[107.94999840073855,31.819997980261665],[108.01249878272381,31.81999797279776],[108.07499922645421,31.819997978535007],[108.13749968162853,31.819997956260362],[108.20000009826589,31.819997948592807],[108.26250051721281,31.819997984570332],[108.3250009796999,31.819997925002074],[108.387501436792,31.819997979496634],[108.45000183986016,31.819997937947598],[108.45000183986016,32.32000139459988],[108.387501436792,32.32000144592059],[108.3250009796999,32.32000144071252],[108.26250051721281,32.32000142152549],[108.20000009826589,32.32000143078718],[108.13749968162853,32.32000144059933],[108.07499922645421,32.320001422654386],[108.01249878272381,32.3200014185844],[107.94999840073855,32.32000138624731],[107.94999840073855,31.819997980261665]]]}"
00000000000000000341,1175,4,12959.0,9144.25,9149.0,5320.0,36577.0,"{""type"":""Polygon"",""coordinates"":[[[108.45000183986016,31.819997937947598],[108.51250168769621,31.81999799362529],[108.57500156618424,31.819998009219518],[108.63750142769644,31.81999794168676],[108.70000131552,31.819997985481276],[108.76250118265287,31.819998013204618],[108.8250010730305,31.81999796731721],[108.88750094026051,31.819997971296377],[108.95000082890888,31.8199979669692],[108.95000082890888,32.32000143424293],[108.88750094026051,32.32000140681443],[108.8250010730305,32.32000140539751],[108.76250118265287,32.32000140520688],[108.70000131552,32.320001450593324],[108.63750142769644,32.32000143272241],[108.57500156618424,32.320001395414124],[108.51250168769621,32.32000139606655],[108.45000183986016,32.32000139459988],[108.45000183986016,31.819997937947598]]]}"
00000000000000000342,1176,21,182662.0,24440.619047619046,6088.0,5312.0,513253.0,"{""type"":""Polygon"",""coordinates"":[[[108.95000082890888,31.8199979669692],[109.01250069317662,31.819997993514363],[109.07500057824282,31.819997992185503],[109.13750043888552,31.819998001648187],[109.20000032087941,31.819997962580544],[109.26250017956323,31.819997996731647],[109.32500006128967,31.819997960560777],[109.38749992194201,31.81999797525662],[109.44999980843326,31.819997980276188],[109.44999980843326,32.32000145011572],[109.38749992194201,32.32000141005031],[109.32500006128967,32.320001473029386],[109.26250017956323,32.32000145043191],[109.20000032087941,32.320001471753784],[109.13750043888552,32.32000143086785],[109.07500057824282,32.320001456834255],[109.01250069317662,32.32000144286058],[108.95000082890888,32.32000143424293],[108.95000082890888,31.8199979669692]]]}"
00000000000000000343,1177,62,248956.0,21253.177419354837,9148.0,5312.0,1317697.0,"{""type"":""Polygon"",""coordinates"":[[[109.44999980843326,31.819997980276188],[109.51249967717493,31.81999801266777],[109.57499957562284,31.81999801130674],[109.63749946070045,31.819997929249315],[109.69999938038876,31.819997955197113],[109.76249920127421,31.819997972789622],[109.82499906265929,31.819997988621004],[109.88749892244346,31.819997954719],[109.94999882960636,31.819997974925293],[109.94999882960636,32.320001468130364],[109.88749892244346,32.320001448169336],[109.82499906265927,32.32000142353943],[109.76249920127421,32.3200014576481],[109.69999938038876,32.32000143271758],[109.63749946070045,32.320001426140514],[109.57499957562284,32.32000147099497],[109.51249967717493,32.32000146322843],[109.44999980843326,32.32000145011572],[109.44999980843326,31.819997980276188]]]}"
00000000000000000344,1178,30,53996.0,11319.666666666666,7993.5,5322.0,339590.0,"{""type"":""Polygon"",""coordinates"":[[[109.94999882960636,31.819997974925293],[110.01249874251052,31.819998000717437],[110.07499861973156,31.819997983440732],[110.13749851093976,31.81999794267172],[110.19999837515131,31.81999799581304],[110.26249826248451,31.819997995173715],[110.32499813237996,31.819997974352024],[110.38749794447425,31.819997966723303],[110.44999784043416,31.81999797506191],[110.44999784043416,32.32000144738108],[110.38749794447425,32.32000143118573],[110.32499813237996,32.32000145019411],[110.26249826248451,32.32000141972807],[110.19999837515131,32.320001389962535],[110.13749851093976,32.32000141093795],[110.07499861973156,32.32000138167611],[110.01249874251052,32.32000143462714],[109.94999882960636,32.320001468130364],[109.94999882960636,31.819997974925293]]]}"
00000000000000000345,1179,1361,110086.0,12354.378398236591,9129.8,4004.0,1.6814309E7,"{""type"":""Polygon"",""coordinates"":[[[110.44999784043416,31.81999797506191],[110.5124982349368,31.81999795578407],[110.57499872458666,31.819998001676634],[110.63749917888184,31.819997993868313],[110.69999955841789,31.819997964437988],[110.76250000585576,31.81999799741356],[110.82500048216698,31.819997957952868],[110.88750085753801,31.819997975787388],[110.95000127517434,31.81999796773285],[110.95000127517434,32.32000145471042],[110.88750085753803,32.320001406505206],[110.82500048216698,32.320001429299666],[110.76250000585576,32.32000144156934],[110.69999955841789,32.32000139719858],[110.63749917888184,32.32000143101492],[110.57499872458666,32.32000146034434],[110.5124982349368,32.320001453829455],[110.44999784043416,32.32000144738108],[110.44999784043416,31.81999797506191]]]}"
00000000000000000346,1180,0,,,,,0.0,"{""type"":""Polygon"",""coordinates"":[[[110.95000127517434,31.81999796773285],[111.012501150796,31.81999797528105],[111.07500108272143,31.819998002772422],[111.13750094178911,31.819997930042767],[111.2000007809136,31.819997937101196],[111.26250065316742,31.819997954686393],[111.3250005208042,31.819998011964742],[111.38750043719087,31.819997956239096],[111.45000027388987,31.819997997840147],[111.45000027388987,32.32000146668698],[111.38750043719087,32.320001443392144],[111.3250005208042,32.320001443499415],[111.26250065316742,32.320001422971586],[111.2000007809136,32.32000145217033],[111.13750094178911,32.32000142010036],[111.07500108272143,32.320001396450145],[111.012501150796,32.320001450563325],[110.95000127517434,32.32000145471042],[110.95000127517434,31.81999796773285]]]}"
00000000000000000347,1181,1,5335.0,5335.0,5335.0,5335.0,5335.0,"{""type"":""Polygon"",""coordinates"":[[[111.45000027388987,31.819997997840147],[111.51250017551725,31.819997967536153],[111.57500001390144,31.81999799228556],[111.63749993392162,31.81999798494088],[111.69999980765746,31.819997989181772],[111.76249968925852,31.819997933427253],[111.82499954201671,31.819998010083246],[111.8874994203104,31.819997981533156],[111.94999928765343,31.81999795691878],[111.94999928765343,32.32000143171322],[111.8874994203104,32.3200014290058],[111.82499954201671,32.32000143344751],[111.76249968925852,32.32000141933142],[111.69999980765746,32.320001459424844],[111.63749993392162,32.32000144509735],[111.57500001390144,32.32000144843938],[111.51250017551725,32.320001426372386],[111.45000027388987,32.32000146668698],[111.45000027388987,31.819997997840147]]]}"
00000000000000000348,1182,1,9136.0,9136.0,9136.0,9136.0,9136.0,"{""type"":""Polygon"",""coordinates"":[[[111.94999928765343,31.81999795691878],[112.0124991986357,31.819997945979598],[112.07499902601046,31.819997991071798],[112.13749891553334,31.819998002238254],[112.19999883111501,31.81999792223565],[112.26249864580134,31.819997957862824],[112.3249985965618,31.819997918864434],[112.38749846565608,31.81999794560208],[112.44999830829926,31.81999796315782],[112.44999830829926,32.32000143880716],[112.38749846565608,32.32000139413902],[112.32499859656178,32.320001419954174],[112.26249864580134,32.320001427502206],[112.19999883111501,32.32000144149384],[112.13749891553334,32.32000140615215],[112.07499902601046,32.320001444693816],[112.0124991986357,32.32000145042704],[111.94999928765343,32.32000143171322],[111.94999928765343,31.81999795691878]]]}"
00000000000000000349,1183,43,58698.0,13453.860465116279,9145.0,5333.0,578516.0,"{""type"":""Polygon"",""coordinates"":[[[112.44999830829926,31.81999796315782],[112.51249872542826,31.81999795975166],[112.57499913573395,31.819997977279208],[112.63749959462092,31.819997939804818],[112.70000006661674,31.819997952743602],[112.76250042539426,31.819997973666226],[112.82500090837965,31.819997973916358],[112.88750129843872,31.819998009957896],[112.95000174215942,31.819997987222674],[112.95000174215942,32.320001407264],[112.88750129843874,32.32000145099854],[112.82500090837965,32.32000142763463],[112.76250042539426,32.32000143242427],[112.70000006661674,32.32000140936774],[112.63749959462092,32.32000138831058],[112.57499913573395,32.32000141192593],[112.51249872542826,32.32000145795132],[112.44999830829926,32.32000143880716],[112.44999830829926,31.81999796315782]]]}"
0000000000000000034a,1184,7,15170.0,8679.857142857143,6826.0,5309.0,60759.0,"{""type"":""Polygon"",""coordinates"":[[[112.95000174215942,31.819997987222674],[113.01250165895986,31.819997948968336],[113.07500155915373,31.81999797789884],[113.13750140764363,31.819997930848135],[113.20000126025225,31.8199979756607],[113.2625011728133,31.819997951145805],[113.32500101945124,31.819997977195534],[113.3875008560576,31.819997974269487],[113.45000073852206,31.81999794450996],[113.45000073852206,32.320001466336024],[113.3875008560576,32.320001447136306],[113.32500101945124,32.32000138652642],[113.26250117281332,32.32000144674682],[113.20000126025225,32.32000146275573],[113.13750140764363,32.32000139734539],[113.07500155915373,32.320001411889756],[113.01250165895985,32.32000142201253],[112.95000174215942,32.320001407264],[112.95000174215942,31.819997987222674]]]}"
0000000000000000034b,1185,825,231393.0,12346.694545454546,7607.4098360655735,5312.0,1.0186023E7,"{""type"":""Polygon"",""coordinates"":[[[113.45000073852206,31.81999794450996],[113.51250063189647,31.81999798931783],[113.57500050125826,31.819997963847626],[113.63750040251857,31.819997951246496],[113.70000030076775,31.819997970057774],[113.76250016111256,31.81999795669735],[113.82500003945233,31.819997993218845],[113.88749990088554,31.8199979336261],[113.94999980127372,31.819997941083376],[113.94999980127372,32.32000139930718],[113.88749990088554,32.32000140603657],[113.82500003945233,32.32000145860845],[113.76250016111256,32.32000139550032],[113.70000030076775,32.32000144431061],[113.63750040251857,32.32000144276071],[113.57500050125826,32.320001454839364],[113.51250063189647,32.320001462768374],[113.45000073852206,32.320001466336024],[113.45000073852206,31.81999794450996]]]}"
0000000000000000034c,1186,772,649553.0,13523.814766839378,6223.9639175257735,5317.0,1.0440385E7,"{""type"":""Polygon"",""coordinates"":[[[113.94999980127372,31.819997941083376],[114.01249961494779,31.819997968970327],[114.07499948848324,31.819997998011814],[114.13749938691707,31.819997962982704],[114.19999927528013,31.819997961939354],[114.26249911859477,31.819998010915953],[114.32499906323218,31.819997925675924],[114.3874988927758,31.819998003344523],[114.44999875351041,31.819997977437605],[114.44999875351041,32.32000145417617],[114.3874988927758,32.3200014453977],[114.32499906323218,32.320001387416006],[114.26249911859477,32.32000146548364],[114.19999927528013,32.320001465359766],[114.13749938691707,32.320001408979365],[114.07499948848324,32.320001443798695],[114.01249961494779,32.32000147297087],[113.94999980127372,32.32000139930718],[113.94999980127372,31.819997941083376]]]}"
0000000000000000034d,1187,60,19051.0,8138.2,7236.5,5319.0,488292.0,"{""type"":""Polygon"",""coordinates"":[[[114.44999875351041,31.819997977437605],[114.51249861031246,31.81999794447287],[114.57499851865738,31.81999798205765],[114.63749835271804,31.819997959933673],[114.69999825847623,31.819997936494538],[114.76249811002621,31.819997944076864],[114.82499805317266,31.81999795867751],[114.8874978713726,31.819997949521294],[114.94999780081427,31.81999795452687],[114.94999780081427,32.320001438566635],[114.8874978713726,32.32000140368843],[114.82499805317266,32.32000142976418],[114.76249811002621,32.32000139946462],[114.69999825847623,32.32000142479996],[114.63749835271804,32.320001449788876],[114.57499851865738,32.32000144271289],[114.51249861031246,32.320001427842186],[114.44999875351041,32.32000145417617],[114.44999875351041,31.819997977437605]]]}"
0000000000000000034e,1188,15,25151.0,8890.333333333334,7617.0,5333.0,133355.0,"{""type"":""Polygon"",""coordinates"":[[[114.94999780081427,31.81999795452687],[115.01249816795351,31.81999799174431],[115.0749986654598,31.819997966883186],[115.13749907662935,31.819997929820516],[115.19999954668145,31.819997935590667],[115.26249994931185,31.81999793335532],[115.32500033907466,31.819997996443973],[115.38750077038793,31.819997954075497],[115.45000120714293,31.819997979169674],[115.45000120714293,32.32000142166578],[115.38750077038793,32.320001427163376],[115.32500033907466,32.320001459096574],[115.26249994931185,32.320001426927625],[115.19999954668145,32.320001420838565],[115.13749907662935,32.3200014497419],[115.0749986654598,32.32000140288038],[115.01249816795351,32.32000146959015],[114.94999780081427,32.320001438566635],[114.94999780081427,31.81999795452687]]]}"
0000000000000000034f,1189,78,174581.0,20701.29487179487,8555.333333333334,5312.0,1614701.0,"{""type"":""Polygon"",""coordinates"":[[[115.45000120714293,31.819997979169674],[115.51250107096507,31.81999795445505],[115.57500095838192,31.81999799876368],[115.63750083301515,31.81999795952438],[115.70000074871464,31.819997988878814],[115.76250057859622,31.819997953274292],[115.82500046656986,31.81999798460393],[115.887500375804,31.819997929292878],[115.95000026937656,31.819997957500167],[115.95000026937656,32.32000145526995],[115.887500375804,32.32000140978485],[115.82500046656986,32.320001399743994],[115.76250057859622,32.3200014178138],[115.70000074871464,32.320001456428884],[115.63750083301515,32.32000146624268],[115.57500095838192,32.320001419303445],[115.51250107096507,32.320001407376985],[115.45000120714293,32.32000142166578],[115.45000120714293,31.819997979169674]]]}"
00000000000000000350,1190,6,17446.0,10619.833333333334,9861.0,5310.0,63719.0,"{""type"":""Polygon"",""coordinates"":[[[115.95000026937656,31.819997957500167],[116.01250011027291,31.819997996207587],[116.07499995156216,31.81999795250929],[116.13749984612735,31.81999797573064],[116.1999997565261,31.819997991947933],[116.26249964521116,31.819997927122216],[116.32499947452831,31.819997949387716],[116.38749938684246,31.819997944179953],[116.44999925409569,31.819997937333998],[116.44999925409569,32.32000143998077],[116.38749938684246,32.32000144104321],[116.32499947452831,32.32000146606192],[116.26249964521116,32.3200014094689],[116.1999997565261,32.32000138660463],[116.13749984612735,32.32000139182046],[116.07499995156216,32.320001419237954],[116.01250011027291,32.320001462748515],[115.95000026937656,32.32000145526995],[115.95000026937656,31.819997957500167]]]}"
00000000000000000351,1193,50,127626.0,19644.48,10255.5,5319.0,982224.0,"{""type"":""Polygon"",""coordinates"":[[[117.45000168746127,31.81999800523814],[117.51250156887173,31.81999794432746],[117.57500141246646,31.819998014387714],[117.6375013560503,31.819997933183128],[117.70000117902012,31.81999798310382],[117.76250110819338,31.81999794044161],[117.82500092265155,31.819998006874],[117.88750084859045,31.819997957938668],[117.9500006647658,31.819997994804243],[117.9500006647658,32.32000146465015],[117.88750084859045,32.32000142208295],[117.82500092265155,32.32000146719658],[117.76250110819338,32.32000140004226],[117.70000117902012,32.32000144581297],[117.6375013560503,32.32000140405274],[117.57500141246646,32.32000141937202],[117.51250156887173,32.32000145042385],[117.45000168746127,32.32000146028526],[117.45000168746127,31.81999800523814]]]}"
00000000000000000352,1194,56,50881.0,14002.92857142857,10244.5,5315.0,784164.0,"{""type"":""Polygon"",""coordinates"":[[[117.9500006647658,31.819997994804243],[118.01250059673546,31.819997972216772],[118.07500042291933,31.819998010817923],[118.13750027893767,31.819997985937405],[118.20000021071498,31.81999795359795],[118.26250008541567,31.819997932432333],[118.32499994851155,31.819997977783633],[118.38749984514642,31.81999798491711],[118.44999973101154,31.81999795019199],[118.44999973101154,32.32000141119269],[118.38749984514642,32.32000138240259],[118.32499994851155,32.320001464484704],[118.26250008541567,32.320001423682186],[118.20000021071498,32.320001444884554],[118.13750027893767,32.3200014741635],[118.07500042291933,32.32000141400993],[118.01250059673546,32.3200014485632],[117.9500006647658,32.32000146465015],[117.9500006647658,31.819997994804243]]]}"
00000000000000000353,1195,22,28952.0,11864.363636363636,10656.5,5321.0,261016.0,"{""type"":""Polygon"",""coordinates"":[[[118.44999973101154,31.81999795019199],[118.51249956159539,31.81999794946681],[118.57499947028623,31.819997935124658],[118.63749932293841,31.81999800393458],[118.69999916329995,31.81999797001882],[118.76249903476817,31.819997965692824],[118.82499898038535,31.81999796351109],[118.88749886507792,31.819997979567503],[118.94999873137841,31.819997985905275],[118.9499987313784,32.32000143928674],[118.88749886507792,32.32000137934282],[118.82499898038535,32.32000145331011],[118.76249903476817,32.32000145268075],[118.69999916329995,32.32000144124464],[118.63749932293841,32.32000144752293],[118.57499947028623,32.32000142029856],[118.51249956159539,32.320001466561365],[118.44999973101154,32.32000141119269],[118.44999973101154,31.81999795019199]]]}"
00000000000000000354,1196,54,43443.0,12208.962962962964,8740.0,5319.0,659284.0,"{""type"":""Polygon"",""coordinates"":[[[118.94999873137841,31.819997985905275],[119.01249915429268,31.819997980697362],[119.07499955357449,31.819997930077044],[119.13749997075175,31.819997963832442],[119.20000044697548,31.819997973009194],[119.26250084569612,31.81999797223037],[119.32500129614436,31.8199979884963],[119.38750174984433,31.81999793426241],[119.45000215807949,31.819997959619293],[119.45000215807949,32.32000139974274],[119.38750174984433,32.32000140154178],[119.32500129614436,32.32000145917176],[119.26250084569612,32.32000142411425],[119.20000044697548,32.32000138446362],[119.13749997075175,32.32000147293748],[119.07499955357449,32.32000143854691],[119.01249915429268,32.32000139088806],[118.9499987313784,32.32000143928674],[118.94999873137841,31.819997985905275]]]}"
00000000000000000355,1197,0,,,,,0.0,"{""type"":""Polygon"",""coordinates"":[[[119.45000215807949,31.819997959619293],[119.51250202934987,31.819997930409805],[119.57500193431869,31.819997997893307],[119.63750182330921,31.819997994235756],[119.70000164639437,31.81999798898405],[119.7625015301001,31.819998006088394],[119.82500142375648,31.819997956075614],[119.88750127643594,31.819997986434696],[119.95000112518373,31.819997984493284],[119.95000112518373,32.3200014226037],[119.88750127643594,32.32000144204498],[119.82500142375648,32.32000139681798],[119.7625015301001,32.32000140033881],[119.70000164639437,32.32000146422149],[119.63750182330921,32.32000144228617],[119.57500193431869,32.32000139093106],[119.51250202934987,32.32000139956661],[119.45000215807949,32.32000139974274],[119.45000215807949,31.819997959619293]]]}"
00000000000000000356,1198,0,,,,,0.0,"{""type"":""Polygon"",""coordinates"":[[[119.95000112518373,31.819997984493284],[120.01250100662233,31.819997995215044],[120.07500086879638,31.819998007010856],[120.13750074759342,31.81999798518254],[120.20000067846723,31.81999797349837],[120.262500520381,31.819997982426045],[120.32500039614503,31.81999795325928],[120.38750025207365,31.819997951683085],[120.45000012210245,31.819997941199155],[120.45000012210248,32.320001423592025],[120.38750025207365,32.32000143888984],[120.32500039614503,32.320001403543706],[120.262500520381,32.320001433611985],[120.20000067846723,32.3200013862277],[120.13750074759342,32.32000139991736],[120.07500086879638,32.3200014650059],[120.01250100662233,32.32000146064052],[119.95000112518373,32.3200014226037],[119.95000112518373,31.819997984493284]]]}"
00000000000000000357,1199,0,,,,,0.0,"{""type"":""Polygon"",""coordinates"":[[[120.45000012210245,31.819997941199155],[120.51250003971631,31.819997963615577],[120.57499995013146,31.819997926186417],[120.63749979827895,31.819997971952684],[120.69999970425633,31.819997961093925],[120.76249952447415,31.81999798060849],[120.82499937814268,31.819997968565715],[120.88749929623037,31.819997964437356],[120.94999913413275,31.819997975793004],[120.94999913413275,32.32000142089435],[120.88749929623037,32.32000139906383],[120.82499937814268,32.320001419920466],[120.76249952447415,32.32000139847262],[120.69999970425633,32.32000145315836],[120.63749979827895,32.32000141256216],[120.57499995013146,32.320001425541996],[120.51250003971631,32.32000139803562],[120.45000012210248,32.320001423592025],[120.45000012210245,31.819997941199155]]]}"
00000000000000000358,1200,0,,,,,0.0,"{""type"":""Polygon"",""coordinates"":[[[120.94999913413275,31.819997975793004],[121.01249900963809,31.81999793950661],[121.07499895241493,31.819997972273132],[121.13749881682102,31.819997924100406],[121.19999863182602,31.819997989412403],[121.26249851323058,31.819997946739452],[121.32499840160763,31.819997934901455],[121.38749832444573,31.819997990223634],[121.44999813437167,31.819997961796968],[121.44999813437167,32.32000145467279],[121.38749832444573,32.32000137927017],[121.32499840160763,32.320001393636645],[121.26249851323058,32.32000141517683],[121.19999863182602,32.32000140898566],[121.13749881682102,32.320001393815524],[121.07499895241493,32.320001435872975],[121.01249900963809,32.32000142089917],[120.94999913413275,32.32000142089435],[120.94999913413275,31.819997975793004]]]}"
00000000000000000359,1236,0,,,,,0.0,"{""type"":""Polygon"",""coordinates"":[[[96.44999903397962,32.32000146252898],[96.51249895477366,32.320001428235294],[96.57499879736615,32.320001443874716],[96.63749866822066,32.32000140215292],[96.69999859455561,32.32000145794503],[96.7624984422432,32.320001430137545],[96.82499832387141,32.32000146878956],[96.88749819066588,32.32000138802237],[96.94999807748074,32.3200014277041],[96.94999807748074,32.820000399175754],[96.88749819066588,32.82000043594776],[96.82499832387141,32.82000044281039],[96.7624984422432,32.820000438254084],[96.69999859455561,32.82000043607163],[96.63749866822066,32.820000458554205],[96.57499879736615,32.82000042896049],[96.51249895477366,32.82000045044264],[96.44999903397962,32.8200004586253],[96.44999903397962,32.32000146252898]]]}"
0000000000000000035a,1237,0,,,,,0.0,"{""type"":""Polygon"",""coordinates"":[[[96.94999807748074,32.3200014277041],[97.01249851320925,32.32000145568655],[97.07499896351545,32.32000139826402],[97.13749938684082,32.32000141293706],[97.19999982553391,32.320001394171506],[97.26250024159937,32.32000141291387],[97.32500068108597,32.320001449099365],[97.38750110952894,32.32000140112137],[97.45000149410335,32.32000142524226],[97.45000149410335,32.820000450900224],[97.38750110952894,32.82000042365545],[97.32500068108597,32.82000040257673],[97.26250024159937,32.820000403542025],[97.19999982553391,32.8200004422477],[97.13749938684082,32.82000045326565],[97.07499896351544,32.82000045177945],[97.01249851320925,32.8200004573977],[96.94999807748074,32.820000399175754],[96.94999807748074,32.3200014277041]]]}"
0000000000000000035b,1238,0,,,,,0.0,"{""type"":""Polygon"",""coordinates"":[[[97.45000149410335,32.32000142524226],[97.51250139054343,32.32000144409538],[97.57500126430105,32.32000141241456],[97.63750117042193,32.32000139469312],[97.7000010001831,32.320001465131824],[97.76250089490264,32.320001424672284],[97.8250007491285,32.320001433029766],[97.88750062481778,32.32000146753822],[97.95000050266914,32.32000142444359],[97.95000050266914,32.820000403939055],[97.88750062481778,32.8200004618504],[97.8250007491285,32.82000046084906],[97.76250089490264,32.82000041884489],[97.7000010001831,32.820000444196516],[97.63750117042193,32.820000463655916],[97.57500126430105,32.82000041894821],[97.51250139054343,32.820000407475405],[97.45000149410335,32.820000450900224],[97.45000149410335,32.32000142524226]]]}"
0000000000000000035c,1239,1,9098.0,9098.0,9098.0,9098.0,9098.0,"{""type"":""Polygon"",""coordinates"":[[[97.95000050266914,32.32000142444359],[98.01250036495357,32.32000145759823],[98.07500027878137,32.320001457468734],[98.13750014641614,32.32000141082945],[98.20000003821951,32.3200014653568],[98.2624998594054,32.32000143562471],[98.32499976711529,32.32000146319476],[98.38749966969705,32.32000144803636],[98.44999956043617,32.32000145621517],[98.44999956043617,32.82000043516497],[98.38749966969705,32.82000038903774],[98.32499976711529,32.82000046813253],[98.2624998594054,32.820000435994466],[98.20000003821951,32.82000039230226],[98.13750014641614,32.82000045300567],[98.07500027878137,32.82000046081351],[98.01250036495357,32.82000044002232],[97.95000050266914,32.820000403939055],[97.95000050266914,32.32000142444359]]]}"
0000000000000000035f,1248,0,,,,,0.0,"{""type"":""Polygon"",""coordinates"":[[[102.45000045517783,32.32000140030604],[102.51250032874732,32.32000142656557],[102.57500022649201,32.32000139276029],[102.63750004749501,32.32000144769792],[102.69999995447873,32.320001458063935],[102.76249984827193,32.320001401958315],[102.82499971810891,32.32000141851562],[102.88749955406026,32.32000139144421],[102.94999943487058,32.32000145019614],[102.94999943487058,32.82000041886444],[102.88749955406026,32.82000045314696],[102.82499971810891,32.820000398646485],[102.76249984827193,32.82000046551732],[102.69999995447873,32.82000043126587],[102.63750004749501,32.82000041171994],[102.57500022649201,32.82000042894517],[102.51250032874732,32.82000044681558],[102.45000045517783,32.82000040213451],[102.45000045517783,32.32000140030604]]]}"
00000000000000000360,1249,17,10600.0,7958.470588235294,8306.0,6042.0,135294.0,"{""type"":""Polygon"",""coordinates"":[[[102.94999943487058,32.32000145019614],[103.01249935240315,32.32000139285373],[103.07499921140636,32.32000145153606],[103.13749909321939,32.32000141474533],[103.19999899214639,32.32000141981591],[103.26249881522786,32.32000144322211],[103.3249987344573,32.320001433113404],[103.38749857035549,32.32000145982421],[103.44999840847325,32.320001395405185],[103.44999840847325,32.820000417163655],[103.38749857035549,32.820000457300445],[103.3249987344573,32.8200003988513],[103.26249881522786,32.820000454189234],[103.19999899214639,32.820000384382425],[103.13749909321939,32.82000041073377],[103.07499921140636,32.82000038778271],[103.01249935240315,32.82000043295434],[102.94999943487058,32.82000041886444],[102.94999943487058,32.32000145019614]]]}"
00000000000000000361,1250,12,28731.0,12214.083333333334,9057.5,5293.0,146569.0,"{""type"":""Polygon"",""coordinates"":[[[103.44999840847325,32.320001395405185],[103.51249886474936,32.320001393567566],[103.57499932114563,32.32000140154515],[103.6374997774681,32.32000138487988],[103.70000014592347,32.32000140343464],[103.762500604532,32.320001402790666],[103.8250010670569,32.32000144218039],[103.88750144784625,32.32000141113899],[103.95000192741529,32.32000142373426],[103.95000192741529,32.82000038479032],[103.88750144784625,32.820000426141924],[103.8250010670569,32.82000041539821],[103.76250060453198,32.82000040847842],[103.70000014592347,32.820000431199695],[103.6374997774681,32.82000042487773],[103.57499932114563,32.8200004443107],[103.51249886474936,32.820000430180464],[103.44999840847325,32.820000417163655],[103.44999840847325,32.320001395405185]]]}"
00000000000000000362,1251,28,45370.0,11983.392857142857,7554.5,5283.0,335535.0,"{""type"":""Polygon"",""coordinates"":[[[103.95000192741529,32.32000142373426],[104.01250180165823,32.32000143882756],[104.07500169504861,32.32000143564186],[104.13750152472561,32.320001387629674],[104.2000013857669,32.32000141733694],[104.2625012853988,32.32000140280941],[104.32500114279593,32.32000140149901],[104.38750105528894,32.32000145014789],[104.450000943384,32.32000143634547],[104.450000943384,32.820000457384076],[104.38750105528894,32.820000457882756],[104.32500114279593,32.8200004663116],[104.2625012853988,32.82000042628864],[104.2000013857669,32.82000047037351],[104.13750152472561,32.820000457389334],[104.07500169504861,32.82000042477962],[104.01250180165823,32.820000419790055],[103.95000192741529,32.82000038479032],[103.95000192741529,32.32000142373426]]]}"
00000000000000000363,1252,117,35478.0,8687.649572649572,6800.583333333333,5280.0,1016455.0,"{""type"":""Polygon"",""coordinates"":[[[104.450000943384,32.32000143634547],[104.512500817009,32.32000140655744],[104.57500068678307,32.320001406915274],[104.6375005640113,32.320001398610465],[104.70000037169314,32.32000143769657],[104.76250030042463,32.32000146372428],[104.825000185528,32.320001458158984],[104.88750004089037,32.32000146573468],[104.94999988105903,32.32000144631896],[104.94999988105903,32.82000043232938],[104.88750004089037,32.82000039885744],[104.825000185528,32.82000040508541],[104.76250030042463,32.8200004072769],[104.70000037169314,32.8200004455363],[104.6375005640113,32.8200004543227],[104.57500068678307,32.82000041028622],[104.512500817009,32.820000426356366],[104.450000943384,32.820000457384076],[104.450000943384,32.32000143634547]]]}"
00000000000000000364,1253,58,35537.0,9504.293103448275,7548.0,5280.0,551249.0,"{""type"":""Polygon"",""coordinates"":[[[104.94999988105903,32.32000144631896],[105.01249981039842,32.32000143320168],[105.07499966646853,32.32000140719634],[105.1374995548915,32.320001400997775],[105.19999940353478,32.32000146866083],[105.26249931936047,32.32000138875772],[105.3249991420986,32.32000139479707],[105.38749906929306,32.32000142254498],[105.44999894178211,32.32000145172086],[105.44999894178211,32.820000426238906],[105.38749906929306,32.8200004167987],[105.3249991420986,32.820000471806],[105.26249931936047,32.82000044359983],[105.19999940353478,32.82000039680741],[105.1374995548915,32.820000435444605],[105.07499966646854,32.82000044428265],[105.01249981039842,32.82000045389377],[104.94999988105903,32.82000043232938],[104.94999988105903,32.32000144631896]]]}"
00000000000000000365,1254,13,14377.0,7856.461538461538,7564.0,5286.0,102134.0,"{""type"":""Polygon"",""coordinates"":[[[105.44999894178211,32.32000145172086],[105.51249877961354,32.32000143973619],[105.57499869290272,32.32000141679976],[105.63749852402003,32.32000144650741],[105.69999838424833,32.32000138975706],[105.76249829603358,32.32000145564691],[105.82499819282427,32.320001442817585],[105.88749800852842,32.32000140276199],[105.94999794643947,32.3200014363359],[105.94999794643947,32.820000448440425],[105.88749800852842,32.82000045177223],[105.82499819282427,32.82000041959222],[105.76249829603358,32.82000042006363],[105.69999838424833,32.82000040232847],[105.63749852402003,32.820000399306814],[105.57499869290272,32.82000045518644],[105.51249877961354,32.820000457220516],[105.44999894178211,32.820000426238906],[105.44999894178211,32.32000145172086]]]}"
00000000000000000366,1255,388,707442.0,20839.981958762888,9854.42857142857,4357.0,8085913.0,"{""type"":""Polygon"",""coordinates"":[[[105.94999794643947,32.3200014363359],[106.01249839000212,32.32000145182341],[106.07499873697631,32.320001400633984],[106.13749919243547,32.320001466608076],[106.19999960320456,32.32000145888866],[106.26250008579031,32.32000140385538],[106.32500048791435,32.32000144710634],[106.3875009271412,32.32000144601579],[106.45000134194315,32.32000144971063],[106.45000134194315,32.8200004727017],[106.3875009271412,32.82000046977598],[106.32500048791435,32.82000044316525],[106.26250008579031,32.820000428099476],[106.19999960320456,32.820000399683025],[106.13749919243547,32.82000046455484],[106.07499873697631,32.82000042958912],[106.01249839000212,32.82000040110747],[105.94999794643947,32.820000448440425],[105.94999794643947,32.3200014363359]]]}"
00000000000000000367,1256,239,315246.0,19617.330543933054,9085.513513513513,4283.0,4688542.0,"{""type"":""Polygon"",""coordinates"":[[[106.45000134194315,32.32000144971063],[106.51250122173896,32.32000139916993],[106.57500113489608,32.32000142755663],[106.63750102130584,32.3200014150613],[106.70000091124314,32.32000139771878],[106.76250074549382,32.32000142342802],[106.82500064529452,32.32000143131282],[106.88750046233555,32.3200013970318],[106.95000040889545,32.3200014146537],[106.95000040889545,32.8200004435781],[106.88750046233555,32.820000420318515],[106.82500064529452,32.82000041610626],[106.76250074549382,32.820000421790695],[106.70000091124314,32.82000046187179],[106.63750102130584,32.82000043036905],[106.57500113489608,32.82000044727491],[106.51250122173896,32.82000039361223],[106.45000134194315,32.8200004727017],[106.45000134194315,32.32000144971063]]]}"
00000000000000000368,1257,170,226007.0,19862.74705882353,9821.333333333334,5285.0,3376667.0,"{""type"":""Polygon"",""coordinates"":[[[106.95000040889545,32.3200014146537],[107.01250024745117,32.320001387818856],[107.07500010115805,32.32000142229189],[107.13750000360177,32.3200014679139],[107.19999989867381,32.320001402934345],[107.26249973064182,32.32000144103608],[107.3249996245719,32.32000143474336],[107.38749952560921,32.320001429320605],[107.44999937926345,32.32000138603432],[107.44999937926345,32.8200004057147],[107.38749952560921,32.82000038601391],[107.32499962457192,32.82000045917563],[107.26249973064182,32.82000041384696],[107.19999989867381,32.820000455785525],[107.13750000360177,32.820000398565796],[107.07500010115805,32.82000044742691],[107.01250024745117,32.82000038991718],[106.95000040889545,32.8200004435781],[106.95000040889545,32.3200014146537]]]}"
00000000000000000369,1258,105,94406.0,12554.190476190477,7546.3,5280.0,1318190.0,"{""type"":""Polygon"",""coordinates"":[[[107.44999937926345,32.32000138603432],[107.51249922168424,32.32000142074877],[107.57499908946542,32.32000139753979],[107.63749901963907,32.32000143149377],[107.69999886898934,32.320001412075236],[107.76249876564697,32.32000144082236],[107.82499865748639,32.32000139376612],[107.88749849272108,32.32000139792031],[107.94999840073855,32.32000138624731],[107.94999840073855,32.82000045168127],[107.88749849272108,32.82000046059587],[107.8249986574864,32.820000413031494],[107.76249876564697,32.82000045978064],[107.69999886898934,32.820000391560164],[107.63749901963907,32.82000041552238],[107.57499908946542,32.82000043140666],[107.51249922168425,32.82000046612874],[107.44999937926345,32.8200004057147],[107.44999937926345,32.32000138603432]]]}"
0000000000000000036a,1259,1,14405.0,14405.0,14405.0,14405.0,14405.0,"{""type"":""Polygon"",""coordinates"":[[[107.94999840073855,32.32000138624731],[108.01249878272381,32.3200014185844],[108.07499922645421,32.320001422654386],[108.13749968162853,32.32000144059933],[108.20000009826589,32.32000143078718],[108.26250051721281,32.32000142152549],[108.3250009796999,32.32000144071252],[108.387501436792,32.32000144592059],[108.45000183986016,32.32000139459988],[108.45000183986016,32.82000044625017],[108.387501436792,32.82000042368378],[108.3250009796999,32.82000046629323],[108.26250051721281,32.820000450656885],[108.20000009826589,32.82000041943311],[108.13749968162853,32.82000042865703],[108.07499922645421,32.820000450811094],[108.01249878272381,32.82000044457305],[107.94999840073855,32.82000045168127],[107.94999840073855,32.32000138624731]]]}"
0000000000000000036b,1260,3,6038.0,5784.0,6034.0,5280.0,17352.0,"{""type"":""Polygon"",""coordinates"":[[[108.45000183986016,32.32000139459988],[108.51250168769621,32.32000139606655],[108.57500156618424,32.320001395414124],[108.63750142769644,32.32000143272241],[108.70000131552,32.320001450593324],[108.76250118265287,32.32000140520688],[108.8250010730305,32.32000140539751],[108.88750094026051,32.32000140681443],[108.95000082890888,32.32000143424293],[108.95000082890888,32.82000039673025],[108.88750094026051,32.820000424837495],[108.8250010730305,32.82000042945522],[108.76250118265287,32.820000469543615],[108.70000131552,32.820000423712855],[108.63750142769644,32.8200004333249],[108.57500156618424,32.8200004594979],[108.51250168769621,32.8200003938759],[108.45000183986016,32.82000044625017],[108.45000183986016,32.32000139459988]]]}"
0000000000000000036c,1261,4,9857.0,6438.5,5300.5,5296.0,25754.0,"{""type"":""Polygon"",""coordinates"":[[[108.95000082890888,32.32000143424293],[109.01250069317662,32.32000144286058],[109.07500057824282,32.320001456834255],[109.13750043888552,32.32000143086785],[109.20000032087941,32.320001471753784],[109.26250017956323,32.32000145043191],[109.32500006128967,32.320001473029386],[109.38749992194201,32.32000141005031],[109.44999980843326,32.32000145011572],[109.44999980843326,32.82000044552269],[109.38749992194201,32.82000046205513],[109.32500006128967,32.8200004443421],[109.26250017956323,32.82000045373986],[109.20000032087941,32.8200004540165],[109.13750043888552,32.820000423065366],[109.07500057824282,32.820000406966706],[109.01250069317662,32.820000465905515],[108.95000082890888,32.82000039673025],[108.95000082890888,32.32000143424293]]]}"
0000000000000000036d,1262,11,200540.0,25102.727272727272,6800.0,5282.0,276130.0,"{""type"":""Polygon"",""coordinates"":[[[109.44999980843326,32.32000145011572],[109.51249967717493,32.32000146322843],[109.57499957562284,32.32000147099497],[109.63749946070045,32.320001426140514],[109.69999938038876,32.32000143271758],[109.76249920127421,32.3200014576481],[109.82499906265927,32.32000142353943],[109.88749892244346,32.320001448169336],[109.94999882960636,32.320001468130364],[109.94999882960634,32.82000039852894],[109.88749892244346,32.82000047439595],[109.82499906265927,32.820000404201494],[109.76249920127421,32.82000041699473],[109.69999938038876,32.82000039609705],[109.63749946070045,32.82000041945892],[109.57499957562284,32.82000043762776],[109.51249967717493,32.82000043045214],[109.44999980843326,32.82000044552269],[109.44999980843326,32.32000145011572]]]}"
0000000000000000036e,1263,20,387706.0,27512.9,8315.0,5290.0,550258.0,"{""type"":""Polygon"",""coordinates"":[[[109.94999882960636,32.320001468130364],[110.01249874251052,32.32000143462714],[110.07499861973156,32.32000138167611],[110.13749851093976,32.32000141093795],[110.19999837515131,32.320001389962535],[110.26249826248451,32.32000141972807],[110.32499813237996,32.32000145019411],[110.38749794447425,32.32000143118573],[110.44999784043416,32.32000144738108],[110.44999784043416,32.820000398412034],[110.38749794447425,32.820000391846804],[110.32499813237996,32.82000043898802],[110.26249826248453,32.82000045651149],[110.19999837515131,32.82000041240902],[110.13749851093975,32.82000043951799],[110.07499861973156,32.82000043808654],[110.01249874251052,32.82000045792435],[109.94999882960634,32.82000039852894],[109.94999882960636,32.320001468130364]]]}"
0000000000000000036f,1264,585,93964.0,13192.14188034188,9091.8,5285.0,7717403.0,"{""type"":""Polygon"",""coordinates"":[[[110.44999784043416,32.32000144738108],[110.5124982349368,32.320001453829455],[110.57499872458666,32.32000146034434],[110.63749917888184,32.32000143101492],[110.69999955841789,32.32000139719858],[110.76250000585576,32.32000144156934],[110.82500048216698,32.320001429299666],[110.88750085753803,32.320001406505206],[110.95000127517434,32.32000145471042],[110.95000127517434,32.82000042572469],[110.88750085753803,32.82000042588739],[110.82500048216698,32.820000427959954],[110.76250000585576,32.82000043402838],[110.69999955841789,32.82000039857552],[110.63749917888184,32.82000045638066],[110.57499872458666,32.820000443752],[110.5124982349368,32.82000041238887],[110.44999784043416,32.820000398412034],[110.44999784043416,32.32000144738108]]]}"
00000000000000000370,1265,5,8328.0,6360.8,6059.0,5305.0,31804.0,"{""type"":""Polygon"",""coordinates"":[[[110.95000127517434,32.32000145471042],[111.012501150796,32.320001450563325],[111.07500108272143,32.320001396450145],[111.13750094178911,32.32000142010036],[111.2000007809136,32.32000145217033],[111.26250065316742,32.320001422971586],[111.3250005208042,32.320001443499415],[111.38750043719087,32.320001443392144],[111.45000027388987,32.32000146668698],[111.45000027388987,32.82000047164067],[111.38750043719087,32.82000041066151],[111.3250005208042,32.820000463450356],[111.26250065316742,32.82000042238366],[111.2000007809136,32.82000044038432],[111.13750094178911,32.8200004075745],[111.07500108272143,32.82000039411776],[111.012501150796,32.82000046983026],[110.95000127517434,32.82000042572469],[110.95000127517434,32.32000145471042]]]}"
00000000000000000371,1266,1,6036.0,6036.0,6036.0,6036.0,6036.0,"{""type"":""Polygon"",""coordinates"":[[[111.45000027388987,32.32000146668698],[111.51250017551725,32.320001426372386],[111.57500001390144,32.32000144843938],[111.63749993392162,32.32000144509735],[111.69999980765746,32.320001459424844],[111.76249968925852,32.32000141933142],[111.82499954201671,32.32000143344751],[111.8874994203104,32.3200014290058],[111.94999928765343,32.32000143171322],[111.94999928765343,32.82000045871024],[111.8874994203104,32.82000045957068],[111.82499954201671,32.82000047022498],[111.76249968925852,32.8200004657071],[111.69999980765746,32.82000043730787],[111.63749993392162,32.820000441428164],[111.57500001390144,32.82000046870261],[111.51250017551725,32.820000394621474],[111.45000027388987,32.82000047164067],[111.45000027388987,32.32000146668698]]]}"
00000000000000000372,1268,0,,,,,0.0,"{""type"":""Polygon"",""coordinates"":[[[112.44999830829926,32.32000143880716],[112.51249872542826,32.32000145795132],[112.57499913573395,32.32000141192593],[112.63749959462092,32.32000138831058],[112.70000006661674,32.32000140936774],[112.76250042539426,32.32000143242427],[112.82500090837965,32.32000142763463],[112.88750129843874,32.32000145099854],[112.95000174215942,32.320001407264],[112.95000174215942,32.82000046887701],[112.88750129843872,32.82000040977138],[112.82500090837965,32.820000437770894],[112.76250042539426,32.82000040426247],[112.70000006661674,32.820000416806266],[112.63749959462092,32.820000424887894],[112.57499913573395,32.82000047141069],[112.51249872542826,32.82000045320855],[112.44999830829926,32.82000044725575],[112.44999830829926,32.32000143880716]]]}"
00000000000000000373,1269,17,25019.0,9254.70588235294,7557.0,5290.0,157330.0,"{""type"":""Polygon"",""coordinates"":[[[112.95000174215942,32.320001407264],[113.01250165895985,32.32000142201253],[113.07500155915373,32.320001411889756],[113.13750140764363,32.32000139734539],[113.20000126025225,32.32000146275573],[113.26250117281332,32.32000144674682],[113.32500101945124,32.32000138652642],[113.3875008560576,32.320001447136306],[113.45000073852206,32.320001466336024],[113.45000073852206,32.82000045738891],[113.3875008560576,32.820000433314995],[113.32500101945124,32.820000434202065],[113.26250117281332,32.82000045979939],[113.20000126025225,32.82000042803019],[113.13750140764363,32.82000046511539],[113.07500155915373,32.82000040699414],[113.01250165895985,32.820000414787806],[112.95000174215942,32.82000046887701],[112.95000174215942,32.320001407264]]]}"
00000000000000000374,1270,3,13641.0,9337.333333333334,8308.0,6063.0,28012.0,"{""type"":""Polygon"",""coordinates"":[[[113.45000073852206,32.320001466336024],[113.51250063189647,32.320001462768374],[113.57500050125826,32.320001454839364],[113.63750040251857,32.32000144276071],[113.70000030076775,32.32000144431061],[113.76250016111256,32.32000139550032],[113.82500003945233,32.32000145860845],[113.88749990088554,32.32000140603657],[113.94999980127372,32.32000139930718],[113.94999980127372,32.820000445859044],[113.88749990088554,32.82000043351769],[113.82500003945233,32.82000044541866],[113.76250016111256,32.820000402858426],[113.70000030076775,32.820000451966536],[113.63750040251857,32.8200004321287],[113.57500050125826,32.82000040771853],[113.51250063189646,32.82000044297495],[113.45000073852206,32.82000045738891],[113.45000073852206,32.320001466336024]]]}"
0000000000000000037a,1276,0,,,,,0.0,"{""type"":""Polygon"",""coordinates"":[[[116.44999925409569,32.32000143998077],[116.51249912824201,32.32000144739715],[116.57499897102883,32.32000146772558],[116.63749883404937,32.320001404516454],[116.69999876867364,32.320001401721164],[116.76249864621,32.32000140298458],[116.82499851772052,32.32000139114341],[116.8874983441674,32.320001449346705],[116.94999826605553,32.320001458884875],[116.94999826605553,32.82000040358809],[116.8874983441674,32.820000452909476],[116.82499851772049,32.82000039094096],[116.76249864621,32.82000041698555],[116.69999876867364,32.820000449132294],[116.63749883404937,32.82000042568275],[116.57499897102883,32.820000403243085],[116.51249912824201,32.82000039945983],[116.44999925409569,32.820000431551],[116.44999925409569,32.32000143998077]]]}"
0000000000000000037b,1277,6,27182.0,13970.666666666666,12836.0,5290.0,83824.0,"{""type"":""Polygon"",""coordinates"":[[[116.94999826605553,32.320001458884875],[117.01249869297735,32.32000139866408],[117.07499913599196,32.3200014536228],[117.1374995553392,32.320001385289416],[117.20000000084326,32.32000141450308],[117.26250043236597,32.320001382346504],[117.32500080961704,32.32000144969015],[117.38750127144553,32.3200014153216],[117.45000168746127,32.32000146028526],[117.45000168746127,32.82000042539477],[117.38750127144553,32.82000041793437],[117.32500080961702,32.82000041941064],[117.26250043236597,32.8200004093413],[117.20000000084326,32.82000043023659],[117.1374995553392,32.82000040240898],[117.07499913599196,32.82000040522253],[117.01249869297735,32.82000045906521],[116.94999826605553,32.82000040358809],[116.94999826605553,32.320001458884875]]]}"
0000000000000000037c,1278,9,37033.0,15367.111111111111,10615.0,5291.0,138304.0,"{""type"":""Polygon"",""coordinates"":[[[117.45000168746127,32.32000146028526],[117.51250156887173,32.32000145042385],[117.57500141246646,32.32000141937202],[117.6375013560503,32.32000140405274],[117.70000117902012,32.32000144581297],[117.76250110819338,32.32000140004226],[117.82500092265155,32.32000146719658],[117.88750084859045,32.32000142208295],[117.9500006647658,32.32000146465015],[117.9500006647658,32.820000442403284],[117.88750084859045,32.82000039634346],[117.82500092265155,32.82000043926614],[117.76250110819338,32.820000451849694],[117.70000117902012,32.820000421845215],[117.6375013560503,32.82000038816627],[117.57500141246646,32.82000041708215],[117.51250156887173,32.82000046777795],[117.45000168746127,32.82000042539477],[117.45000168746127,32.32000146028526]]]}"
0000000000000000037d,1279,72,58264.0,13390.875,9066.0,5286.0,964143.0,"{""type"":""Polygon"",""coordinates"":[[[117.9500006647658,32.32000146465015],[118.01250059673546,32.3200014485632],[118.07500042291933,32.32000141400993],[118.13750027893767,32.3200014741635],[118.20000021071498,32.320001444884554],[118.26250008541567,32.320001423682186],[118.32499994851155,32.320001464484704],[118.38749984514642,32.32000138240259],[118.44999973101154,32.32000141119269],[118.44999973101154,32.82000042265503],[118.38749984514642,32.82000041646854],[118.32499994851155,32.82000043473691],[118.26250008541567,32.82000040383188],[118.20000021071498,32.82000042990733],[118.13750027893767,32.82000046045016],[118.07500042291933,32.820000399016536],[118.01250059673546,32.82000043007492],[117.9500006647658,32.820000442403284],[117.9500006647658,32.32000146465015]]]}"
0000000000000000037e,1280,4,9068.0,7935.75,7934.5,6806.0,31743.0,"{""type"":""Polygon"",""coordinates"":[[[118.44999973101154,32.32000141119269],[118.51249956159539,32.320001466561365],[118.57499947028623,32.32000142029856],[118.63749932293841,32.32000144752293],[118.69999916329995,32.32000144124464],[118.76249903476817,32.32000145268075],[118.82499898038535,32.32000145331011],[118.88749886507792,32.32000137934282],[118.9499987313784,32.32000143928674],[118.9499987313784,32.820000450896195],[118.88749886507792,32.820000427435474],[118.82499898038535,32.82000044318969],[118.76249903476817,32.82000044946046],[118.69999916329995,32.820000431557695],[118.63749932293841,32.820000419061415],[118.57499947028623,32.820000441148295],[118.51249956159539,32.82000044758416],[118.44999973101154,32.82000042265503],[118.44999973101154,32.32000141119269]]]}"
0000000000000000037f,1281,0,,,,,0.0,"{""type"":""Polygon"",""coordinates"":[[[118.9499987313784,32.32000143928674],[119.01249915429268,32.32000139088806],[119.07499955357449,32.32000143854691],[119.13749997075175,32.32000147293748],[119.20000044697548,32.32000138446362],[119.26250084569612,32.32000142411425],[119.32500129614436,32.32000145917176],[119.38750174984433,32.32000140154178],[119.45000215807949,32.32000139974274],[119.45000215807949,32.820000449974366],[119.38750174984433,32.820000415196034],[119.32500129614436,32.8200004120944],[119.26250084569612,32.82000045101166],[119.20000044697548,32.82000038476016],[119.13749997075175,32.820000425544194],[119.07499955357449,32.82000040287451],[119.01249915429268,32.82000042714471],[118.9499987313784,32.820000450896195],[118.9499987313784,32.32000143928674]]]}"
00000000000000000380,1282,0,,,,,0.0,"{""type"":""Polygon"",""coordinates"":[[[119.45000215807949,32.32000139974274],[119.51250202934987,32.32000139956661],[119.57500193431869,32.32000139093106],[119.63750182330921,32.32000144228617],[119.70000164639437,32.32000146422149],[119.7625015301001,32.32000140033881],[119.82500142375648,32.32000139681798],[119.88750127643594,32.32000144204498],[119.95000112518373,32.3200014226037],[119.95000112518373,32.82000040963125],[119.88750127643594,32.82000046571276],[119.82500142375648,32.820000424536566],[119.7625015301001,32.82000040022781],[119.70000164639437,32.82000040527882],[119.63750182330921,32.8200004519871],[119.57500193431869,32.8200004412419],[119.51250202934987,32.820000462975734],[119.45000215807949,32.820000449974366],[119.45000215807949,32.32000139974274]]]}"
00000000000000000381,1283,0,,,,,0.0,"{""type"":""Polygon"",""coordinates"":[[[119.95000112518373,32.3200014226037],[120.01250100662233,32.32000146064052],[120.07500086879638,32.3200014650059],[120.13750074759342,32.32000139991736],[120.20000067846723,32.3200013862277],[120.262500520381,32.320001433611985],[120.32500039614503,32.320001403543706],[120.38750025207365,32.32000143888984],[120.45000012210248,32.320001423592025],[120.45000012210245,32.82000043744893],[120.38750025207365,32.82000040297712],[120.32500039614503,32.82000043209761],[120.262500520381,32.82000040741452],[120.20000067846723,32.82000042200821],[120.13750074759342,32.82000045912851],[120.07500086879638,32.82000043157139],[120.01250100662233,32.820000454913405],[119.95000112518373,32.82000040963125],[119.95000112518373,32.3200014226037]]]}"
00000000000000000382,1284,0,,,,,0.0,"{""type"":""Polygon"",""coordinates"":[[[120.45000012210248,32.320001423592025],[120.51250003971631,32.32000139803562],[120.57499995013146,32.320001425541996],[120.63749979827895,32.32000141256216],[120.69999970425633,32.32000145315836],[120.76249952447415,32.32000139847262],[120.82499937814268,32.320001419920466],[120.88749929623037,32.32000139906383],[120.94999913413275,32.32000142089435],[120.94999913413275,32.82000042437704],[120.88749929623037,32.820000419900715],[120.82499937814268,32.82000040672897],[120.76249952447415,32.82000045662121],[120.69999970425633,32.82000045525468],[120.63749979827895,32.820000389277524],[120.57499995013146,32.82000040762707],[120.51250003971631,32.82000041830167],[120.45000012210245,32.82000043744893],[120.45000012210248,32.320001423592025]]]}"
00000000000000000384,1333,33,139560.0,17830.848484848484,8289.0,5251.0,588418.0,"{""type"":""Polygon"",""coordinates"":[[[102.94999943487058,32.82000041886444],[103.01249935240315,32.82000043295434],[103.07499921140636,32.82000038778271],[103.13749909321939,32.82000041073377],[103.19999899214639,32.820000384382425],[103.26249881522786,32.820000454189234],[103.3249987344573,32.8200003988513],[103.38749857035549,32.820000457300445],[103.44999840847325,32.820000417163655],[103.44999840847325,33.319999471103586],[103.38749857035549,33.31999946467456],[103.3249987344573,33.31999943570798],[103.26249881522786,33.319999427821244],[103.19999899214639,33.31999945575008],[103.13749909321939,33.319999403806214],[103.07499921140636,33.31999946404892],[103.01249935240315,33.319999417069674],[102.94999943487058,33.319999389072485],[102.94999943487058,32.82000041886444]]]}"
00000000000000000385,1334,51,54764.0,13813.509803921568,9759.0,5251.0,704489.0,"{""type"":""Polygon"",""coordinates"":[[[103.44999840847325,32.820000417163655],[103.51249886474936,32.820000430180464],[103.57499932114563,32.8200004443107],[103.6374997774681,32.82000042487773],[103.70000014592347,32.820000431199695],[103.76250060453198,32.82000040847842],[103.8250010670569,32.82000041539821],[103.88750144784625,32.820000426141924],[103.95000192741529,32.82000038479032],[103.95000192741529,33.31999944975466],[103.88750144784625,33.319999443576535],[103.8250010670569,33.31999945775862],[103.76250060453198,33.319999464635586],[103.70000014592347,33.31999940614699],[103.6374997774681,33.31999939217897],[103.57499932114563,33.31999939389284],[103.51249886474936,33.319999436582656],[103.44999840847325,33.319999471103586],[103.44999840847325,32.820000417163655]]]}"
00000000000000000386,1335,21,27093.0,8276.333333333334,6778.0,5257.0,173803.0,"{""type"":""Polygon"",""coordinates"":[[[103.95000192741529,32.82000038479032],[104.01250180165823,32.820000419790055],[104.07500169504861,32.82000042477962],[104.13750152472561,32.820000457389334],[104.2000013857669,32.82000047037351],[104.2625012853988,32.82000042628864],[104.32500114279593,32.8200004663116],[104.38750105528894,32.820000457882756],[104.450000943384,32.820000457384076],[104.450000943384,33.31999944111583],[104.38750105528894,33.319999416953976],[104.32500114279593,33.31999946972815],[104.2625012853988,33.31999945979226],[104.2000013857669,33.31999943569959],[104.13750152472561,33.319999425028094],[104.07500169504861,33.31999946549114],[104.01250180165823,33.319999436802114],[103.95000192741529,33.31999944975466],[103.95000192741529,32.82000038479032]]]}"
00000000000000000387,1336,48,29361.0,9327.270833333334,6772.5,5253.0,447709.0,"{""type"":""Polygon"",""coordinates"":[[[104.450000943384,32.820000457384076],[104.512500817009,32.820000426356366],[104.57500068678307,32.82000041028622],[104.6375005640113,32.8200004543227],[104.70000037169314,32.8200004455363],[104.76250030042463,32.8200004072769],[104.825000185528,32.82000040508541],[104.88750004089037,32.82000039885744],[104.94999988105903,32.82000043232938],[104.94999988105903,33.31999944841376],[104.88750004089037,33.31999944032902],[104.825000185528,33.31999945358681],[104.76250030042463,33.319999445108635],[104.70000037169314,33.31999945523709],[104.6375005640113,33.3199994189221],[104.57500068678307,33.31999939743248],[104.512500817009,33.319999419663056],[104.450000943384,33.31999944111583],[104.450000943384,32.820000457384076]]]}"
00000000000000000388,1337,49,30901.0,10029.204081632653,7512.0,5252.0,491431.0,"{""type"":""Polygon"",""coordinates"":[[[104.94999988105903,32.82000043232938],[105.01249981039842,32.82000045389377],[105.07499966646854,32.82000044428265],[105.1374995548915,32.820000435444605],[105.19999940353478,32.82000039680741],[105.26249931936047,32.82000044359983],[105.3249991420986,32.820000471806],[105.38749906929306,32.8200004167987],[105.44999894178211,32.820000426238906],[105.44999894178211,33.319999453886005],[105.38749906929306,33.31999946353188],[105.3249991420986,33.31999943212138],[105.26249931936047,33.31999946372284],[105.19999940353478,33.31999945621007],[105.1374995548915,33.31999942960445],[105.07499966646854,33.31999943713846],[105.01249981039842,33.31999942590755],[104.94999988105903,33.31999944841376],[104.94999988105903,32.82000043232938]]]}"
00000000000000000389,1338,7,12751.0,8279.285714285714,6781.0,6027.0,57955.0,"{""type"":""Polygon"",""coordinates"":[[[105.44999894178211,32.820000426238906],[105.51249877961354,32.820000457220516],[105.57499869290272,32.82000045518644],[105.63749852402003,32.820000399306814],[105.69999838424833,32.82000040232847],[105.76249829603358,32.82000042006363],[105.82499819282427,32.82000041959222],[105.88749800852842,32.82000045177223],[105.94999794643947,32.820000448440425],[105.94999794643947,33.31999940885057],[105.88749800852842,33.319999453740024],[105.82499819282427,33.319999437825466],[105.76249829603358,33.319999429714905],[105.69999838424833,33.31999946264409],[105.63749852402003,33.31999940271445],[105.57499869290272,33.31999946140011],[105.51249877961354,33.31999944362945],[105.44999894178211,33.319999453886005],[105.44999894178211,32.820000426238906]]]}"
0000000000000000038a,1339,300,209027.0,15245.783333333333,8574.466666666667,5258.0,4573735.0,"{""type"":""Polygon"",""coordinates"":[[[105.94999794643947,32.820000448440425],[106.01249839000212,32.82000040110747],[106.07499873697631,32.82000042958912],[106.13749919243547,32.82000046455484],[106.19999960320456,32.820000399683025],[106.26250008579031,32.820000428099476],[106.32500048791435,32.82000044316525],[106.3875009271412,32.82000046977598],[106.45000134194315,32.8200004727017],[106.45000134194315,33.319999462472886],[106.3875009271412,33.31999947080712],[106.32500048791435,33.31999942658427],[106.26250008579031,33.319999448567074],[106.19999960320456,33.3199994293294],[106.13749919243547,33.31999939180063],[106.07499873697631,33.319999394616325],[106.01249839000212,33.31999946045754],[105.94999794643947,33.31999940885057],[105.94999794643947,32.820000448440425]]]}"
0000000000000000038b,1340,130,85903.0,11613.846153846154,7523.25,5252.0,1509800.0,"{""type"":""Polygon"",""coordinates"":[[[106.45000134194315,32.8200004727017],[106.51250122173896,32.82000039361223],[106.57500113489608,32.82000044727491],[106.63750102130584,32.82000043036905],[106.70000091124314,32.82000046187179],[106.76250074549382,32.820000421790695],[106.82500064529452,32.82000041610626],[106.88750046233555,32.820000420318515],[106.95000040889545,32.8200004435781],[106.95000040889545,33.319999413878456],[106.88750046233555,33.3199994010055],[106.82500064529452,33.31999945714365],[106.76250074549382,33.31999940768092],[106.70000091124314,33.31999944360611],[106.63750102130584,33.3199994602026],[106.57500113489608,33.319999410772446],[106.51250122173896,33.319999427229256],[106.45000134194315,33.319999462472886],[106.45000134194315,32.8200004727017]]]}"
0000000000000000038c,1341,14,30006.0,9926.5,6021.0,5265.0,138971.0,"{""type"":""Polygon"",""coordinates"":[[[106.95000040889545,32.8200004435781],[107.01250024745117,32.82000038991718],[107.07500010115805,32.82000044742691],[107.13750000360177,32.820000398565796],[107.19999989867381,32.820000455785525],[107.26249973064182,32.82000041384696],[107.32499962457192,32.82000045917563],[107.38749952560921,32.82000038601391],[107.44999937926345,32.8200004057147],[107.44999937926345,33.31999946371828],[107.38749952560921,33.31999940309193],[107.32499962457192,33.3199993980144],[107.26249973064182,33.31999940468837],[107.19999989867381,33.31999946220517],[107.13750000360177,33.319999468869796],[107.07500010115805,33.319999463120666],[107.01250024745117,33.3199994001524],[106.95000040889545,33.319999413878456],[106.95000040889545,32.8200004435781]]]}"
0000000000000000038d,1342,87,86628.0,13938.310344827587,7522.142857142857,5251.0,1212633.0,"{""type"":""Polygon"",""coordinates"":[[[107.44999937926345,32.8200004057147],[107.51249922168425,32.82000046612874],[107.57499908946542,32.82000043140666],[107.63749901963907,32.82000041552238],[107.69999886898934,32.820000391560164],[107.76249876564697,32.82000045978064],[107.8249986574864,32.820000413031494],[107.88749849272108,32.82000046059587],[107.94999840073855,32.82000045168127],[107.94999840073855,33.319999441883645],[107.88749849272108,33.31999939207356],[107.82499865748639,33.31999941059981],[107.76249876564697,33.31999939965393],[107.69999886898934,33.319999400116174],[107.63749901963907,33.31999945274839],[107.57499908946542,33.31999945852266],[107.51249922168425,33.31999944445908],[107.44999937926345,33.31999946371828],[107.44999937926345,32.8200004057147]]]}"
0000000000000000038e,1343,48,19514.0,7964.354166666667,6391.0,5252.0,382289.0,"{""type"":""Polygon"",""coordinates"":[[[107.94999840073855,32.82000045168127],[108.01249878272381,32.82000044457305],[108.07499922645421,32.820000450811094],[108.13749968162853,32.82000042865703],[108.20000009826589,32.82000041943311],[108.26250051721281,32.820000450656885],[108.3250009796999,32.82000046629323],[108.387501436792,32.82000042368378],[108.45000183986016,32.82000044625017],[108.45000183986016,33.31999943159101],[108.387501436792,33.31999945088972],[108.32500097969988,33.31999940705629],[108.26250051721281,33.31999942590104],[108.20000009826589,33.319999467647534],[108.13749968162853,33.31999942313033],[108.07499922645421,33.31999943112323],[108.01249878272381,33.319999450987254],[107.94999840073855,33.319999441883645],[107.94999840073855,32.82000045168127]]]}"
0000000000000000038f,1344,60,28535.0,7913.283333333334,7508.5,5256.0,474797.0,"{""type"":""Polygon"",""coordinates"":[[[108.45000183986016,32.82000044625017],[108.51250168769621,32.8200003938759],[108.57500156618424,32.8200004594979],[108.63750142769644,32.8200004333249],[108.70000131552,32.820000423712855],[108.76250118265287,32.820000469543615],[108.8250010730305,32.82000042945522],[108.88750094026051,32.820000424837495],[108.95000082890888,32.82000039673025],[108.95000082890888,33.31999942369474],[108.88750094026051,33.31999946203488],[108.8250010730305,33.31999942715529],[108.76250118265287,33.31999946094299],[108.70000131552,33.31999944311196],[108.63750142769644,33.319999432377095],[108.57500156618424,33.319999473140435],[108.51250168769621,33.319999458255005],[108.45000183986016,33.31999943159101],[108.45000183986016,32.82000044625017]]]}"
00000000000000000390,1345,48,70012.0,11630.708333333334,7529.5,5253.0,558274.0,"{""type"":""Polygon"",""coordinates"":[[[108.95000082890888,32.82000039673025],[109.01250069317662,32.820000465905515],[109.07500057824282,32.820000406966706],[109.13750043888552,32.820000423065366],[109.20000032087941,32.8200004540165],[109.26250017956323,32.82000045373986],[109.32500006128967,32.8200004443421],[109.38749992194201,32.82000046205513],[109.44999980843326,32.82000044552269],[109.44999980843326,33.31999942582722],[109.38749992194201,33.319999459215076],[109.32500006128967,33.319999404090524],[109.26250017956323,33.319999404583506],[109.20000032087941,33.31999942516509],[109.13750043888552,33.319999444542425],[109.07500057824282,33.31999942659983],[109.01250069317662,33.31999943186314],[108.95000082890888,33.31999942369474],[108.95000082890888,32.82000039673025]]]}"
00000000000000000391,1346,33,80364.0,11571.666666666666,6757.0,5255.0,381865.0,"{""type"":""Polygon"",""coordinates"":[[[109.44999980843326,32.82000044552269],[109.51249967717493,32.82000043045214],[109.57499957562284,32.82000043762776],[109.63749946070045,32.82000041945892],[109.69999938038876,32.82000039609705],[109.76249920127421,32.82000041699473],[109.82499906265927,32.820000404201494],[109.88749892244346,32.82000047439595],[109.94999882960634,32.82000039852894],[109.94999882960634,33.31999943818038],[109.88749892244346,33.31999941092386],[109.82499906265927,33.31999942575998],[109.76249920127421,33.319999464701226],[109.69999938038876,33.31999941212174],[109.63749946070045,33.31999942874241],[109.57499957562284,33.31999946570442],[109.51249967717493,33.31999942133536],[109.44999980843326,33.31999942582722],[109.44999980843326,32.82000044552269]]]}"
00000000000000000392,1347,21,18010.0,8329.42857142857,7515.0,5251.0,174918.0,"{""type"":""Polygon"",""coordinates"":[[[109.94999882960634,32.82000039852894],[110.01249874251052,32.82000045792435],[110.07499861973156,32.82000043808654],[110.13749851093975,32.82000043951799],[110.19999837515131,32.82000041240902],[110.26249826248453,32.82000045651149],[110.32499813237996,32.82000043898802],[110.38749794447425,32.820000391846804],[110.44999784043416,32.820000398412034],[110.44999784043416,33.319999455730304],[110.38749794447425,33.319999430692434],[110.32499813237996,33.31999939490565],[110.26249826248451,33.31999943051348],[110.19999837515131,33.319999424183834],[110.13749851093976,33.319999426532426],[110.07499861973156,33.31999942113232],[110.01249874251052,33.319999458103496],[109.94999882960634,33.31999943818038],[109.94999882960634,32.82000039852894]]]}"
00000000000000000393,1348,3,6754.0,5769.666666666667,5279.0,5276.0,17309.0,"{""type"":""Polygon"",""coordinates"":[[[110.44999784043416,32.820000398412034],[110.5124982349368,32.82000041238887],[110.57499872458666,32.820000443752],[110.63749917888184,32.82000045638066],[110.69999955841789,32.82000039857552],[110.76250000585576,32.82000043402838],[110.82500048216698,32.820000427959954],[110.88750085753803,32.82000042588739],[110.95000127517434,32.82000042572469],[110.95000127517433,33.31999945609143],[110.88750085753801,33.319999399837116],[110.82500048216698,33.31999944008836],[110.76250000585576,33.319999416151525],[110.69999955841789,33.31999944690776],[110.63749917888184,33.31999942126113],[110.57499872458666,33.31999942308616],[110.5124982349368,33.31999942246962],[110.44999784043416,33.319999455730304],[110.44999784043416,32.820000398412034]]]}"
00000000000000000394,1349,17,15768.0,8043.176470588235,6769.0,5265.0,136734.0,"{""type"":""Polygon"",""coordinates"":[[[110.95000127517434,32.82000042572469],[111.012501150796,32.82000046983026],[111.07500108272143,32.82000039411776],[111.13750094178911,32.8200004075745],[111.2000007809136,32.82000044038432],[111.26250065316742,32.82000042238366],[111.3250005208042,32.820000463450356],[111.38750043719087,32.82000041066151],[111.45000027388987,32.82000047164067],[111.45000027388987,33.31999944511807],[111.38750043719087,33.31999941157892],[111.3250005208042,33.31999941722228],[111.26250065316744,33.31999941922122],[111.2000007809136,33.319999407120726],[111.13750094178911,33.319999435654395],[111.07500108272143,33.31999941191504],[111.012501150796,33.319999406101],[110.95000127517433,33.31999945609143],[110.95000127517434,32.82000042572469]]]}"
00000000000000000395,1350,3,10508.0,8261.666666666666,8256.0,6021.0,24785.0,"{""type"":""Polygon"",""coordinates"":[[[111.45000027388987,32.82000047164067],[111.51250017551725,32.820000394621474],[111.57500001390144,32.82000046870261],[111.63749993392162,32.820000441428164],[111.69999980765746,32.82000043730787],[111.76249968925852,32.8200004657071],[111.82499954201671,32.82000047022498],[111.8874994203104,32.82000045957068],[111.94999928765343,32.82000045871024],[111.94999928765343,33.31999940142128],[111.8874994203104,33.319999394414154],[111.82499954201671,33.319999399122096],[111.76249968925852,33.319999391318596],[111.69999980765746,33.319999444727266],[111.63749993392162,33.31999945297838],[111.57500001390144,33.3199994075008],[111.51250017551725,33.319999429631814],[111.45000027388987,33.31999944511807],[111.45000027388987,32.82000047164067]]]}"
00000000000000000396,1351,1,8257.0,8257.0,8257.0,8257.0,8257.0,"{""type"":""Polygon"",""coordinates"":[[[111.94999928765343,32.82000045871024],[112.0124991986357,32.820000393777455],[112.07499902601046,32.82000046963674],[112.13749891553334,32.82000043137072],[112.19999883111501,32.82000038461601],[112.26249864580134,32.82000045163888],[112.3249985965618,32.82000044135223],[112.38749846565608,32.82000041072957],[112.44999830829926,32.82000044725575],[112.44999830829926,33.319999437792475],[112.38749846565608,33.319999403494315],[112.3249985965618,33.31999943233236],[112.26249864580134,33.3199994380969],[112.19999883111501,33.319999445673005],[112.13749891553334,33.31999940235821],[112.07499902601046,33.31999943102644],[112.0124991986357,33.31999942725518],[111.94999928765343,33.31999940142128],[111.94999928765343,32.82000045871024]]]}"
00000000000000000397,1352,0,,,,,0.0,"{""type"":""Polygon"",""coordinates"":[[[112.44999830829926,32.82000044725575],[112.51249872542826,32.82000045320855],[112.57499913573395,32.82000047141069],[112.63749959462092,32.820000424887894],[112.70000006661674,32.820000416806266],[112.76250042539426,32.82000040426247],[112.82500090837965,32.820000437770894],[112.88750129843872,32.82000040977138],[112.95000174215942,32.82000046887701],[112.95000174215942,33.31999945281427],[112.88750129843872,33.31999945374385],[112.82500090837965,33.31999945050243],[112.76250042539426,33.319999458535776],[112.70000006661674,33.319999422797615],[112.63749959462092,33.319999456665734],[112.57499913573395,33.319999440869324],[112.51249872542826,33.31999943582827],[112.44999830829926,33.319999437792475],[112.44999830829926,32.82000044725575]]]}"
00000000000000000398,1353,0,,,,,0.0,"{""type"":""Polygon"",""coordinates"":[[[112.95000174215942,32.82000046887701],[113.01250165895985,32.820000414787806],[113.07500155915373,32.82000040699414],[113.13750140764363,32.82000046511539],[113.20000126025225,32.82000042803019],[113.26250117281332,32.82000045979939],[113.32500101945124,32.820000434202065],[113.3875008560576,32.820000433314995],[113.45000073852206,32.82000045738891],[113.45000073852206,33.31999943020615],[113.3875008560576,33.31999940650867],[113.32500101945124,33.31999939188492],[113.2625011728133,33.319999386978765],[113.20000126025225,33.319999391987984],[113.13750140764363,33.31999945202331],[113.07500155915373,33.31999940470769],[113.01250165895985,33.319999411260426],[112.95000174215942,33.31999945281427],[112.95000174215942,32.82000046887701]]]}"
000000000000000003a2,1363,1,5267.0,5267.0,5267.0,5267.0,5267.0,"{""type"":""Polygon"",""coordinates"":[[[117.9500006647658,32.820000442403284],[118.01250059673546,32.82000043007492],[118.07500042291933,32.820000399016536],[118.13750027893767,32.82000046045016],[118.20000021071498,32.82000042990733],[118.26250008541567,32.82000040383188],[118.32499994851155,32.82000043473691],[118.38749984514642,32.82000041646854],[118.44999973101154,32.82000042265503],[118.44999973101154,33.3199994058599],[118.38749984514642,33.319999403151854],[118.32499994851155,33.31999941728663],[118.26250008541567,33.31999945463312],[118.20000021071498,33.319999464534106],[118.13750027893767,33.31999947461193],[118.07500042291933,33.31999946834235],[118.01250059673546,33.31999939395042],[117.9500006647658,33.31999945759957],[117.9500006647658,32.820000442403284]]]}"
000000000000000003a3,1364,0,,,,,0.0,"{""type"":""Polygon"",""coordinates"":[[[118.44999973101154,32.82000042265503],[118.51249956159539,32.82000044758416],[118.57499947028623,32.820000441148295],[118.63749932293841,32.820000419061415],[118.69999916329995,32.820000431557695],[118.76249903476817,32.82000044946046],[118.82499898038535,32.82000044318969],[118.88749886507792,32.820000427435474],[118.9499987313784,32.820000450896195],[118.9499987313784,33.319999403124534],[118.88749886507792,33.31999940252561],[118.82499898038535,33.31999942508089],[118.76249903476817,33.31999942350866],[118.69999916329995,33.319999462352975],[118.63749932293841,33.31999941519072],[118.57499947028623,33.31999939074604],[118.51249956159539,33.31999941883054],[118.44999973101154,33.3199994058599],[118.44999973101154,32.82000042265503]]]}"
000000000000000003a4,1365,0,,,,,0.0,"{""type"":""Polygon"",""coordinates"":[[[118.9499987313784,32.820000450896195],[119.01249915429268,32.82000042714471],[119.07499955357449,32.82000040287451],[119.13749997075175,32.820000425544194],[119.20000044697548,32.82000038476016],[119.26250084569612,32.82000045101166],[119.32500129614436,32.8200004120944],[119.38750174984433,32.820000415196034],[119.45000215807949,32.820000449974366],[119.45000215807949,33.31999944308176],[119.38750174984433,33.31999944261726],[119.32500129614436,33.319999449247454],[119.26250084569612,33.31999939592301],[119.20000044697548,33.319999450140266],[119.13749997075175,33.31999943324742],[119.07499955357449,33.319999411068004],[119.01249915429268,33.31999941637414],[118.9499987313784,33.319999403124534],[118.9499987313784,32.820000450896195]]]}"
000000000000000003a5,1366,0,,,,,0.0,"{""type"":""Polygon"",""coordinates"":[[[119.45000215807949,32.820000449974366],[119.51250202934987,32.820000462975734],[119.57500193431869,32.8200004412419],[119.63750182330921,32.8200004519871],[119.70000164639437,32.82000040527882],[119.7625015301001,32.82000040022781],[119.82500142375648,32.820000424536566],[119.88750127643594,32.82000046571276],[119.95000112518373,32.82000040963125],[119.95000112518373,33.31999945388531],[119.88750127643594,33.31999946632788],[119.82500142375648,33.31999942645637],[119.7625015301001,33.319999449165564],[119.70000164639437,33.319999469870965],[119.63750182330921,33.31999942366685],[119.57500193431869,33.319999447621406],[119.51250202934987,33.31999939795071],[119.45000215807949,33.31999944308176],[119.45000215807949,32.820000449974366]]]}"
000000000000000003a6,1367,0,,,,,0.0,"{""type"":""Polygon"",""coordinates"":[[[119.95000112518373,32.82000040963125],[120.01250100662233,32.820000454913405],[120.07500086879638,32.82000043157139],[120.13750074759342,32.82000045912851],[120.20000067846723,32.82000042200821],[120.262500520381,32.82000040741452],[120.32500039614503,32.82000043209761],[120.38750025207365,32.82000040297712],[120.45000012210245,32.82000043744893],[120.45000012210248,33.319999421206944],[120.38750025207365,33.31999941871803],[120.32500039614503,33.31999943691596],[120.262500520381,33.31999943794133],[120.20000067846723,33.31999943768339],[120.13750074759342,33.31999942098897],[120.07500086879638,33.31999945740396],[120.01250100662233,33.31999942973518],[119.95000112518373,33.31999945388531],[119.95000112518373,32.82000040963125]]]}"
000000000000000003a7,1368,1,8292.0,8292.0,8292.0,8292.0,8292.0,"{""type"":""Polygon"",""coordinates"":[[[120.45000012210245,32.82000043744893],[120.51250003971631,32.82000041830167],[120.57499995013146,32.82000040762707],[120.63749979827895,32.820000389277524],[120.69999970425633,32.82000045525468],[120.76249952447415,32.82000045662121],[120.82499937814268,32.82000040672897],[120.88749929623037,32.820000419900715],[120.94999913413275,32.82000042437704],[120.94999913413275,33.31999942129658],[120.88749929623037,33.31999944323551],[120.82499937814268,33.31999940487463],[120.76249952447415,33.319999455772596],[120.69999970425633,33.31999940596433],[120.63749979827895,33.31999939880875],[120.57499995013146,33.319999428204135],[120.51250003971631,33.31999940411538],[120.45000012210248,33.319999421206944],[120.45000012210245,32.82000043744893]]]}"
000000000000000003a8,1417,29,38184.0,10021.724137931034,6741.0,5229.0,290630.0,"{""type"":""Polygon"",""coordinates"":[[[102.94999943487058,33.319999389072485],[103.01249935240315,33.319999417069674],[103.07499921140636,33.31999946404892],[103.13749909321939,33.319999403806214],[103.19999899214639,33.31999945575008],[103.26249881522786,33.319999427821244],[103.3249987344573,33.31999943570798],[103.38749857035549,33.31999946467456],[103.44999840847325,33.319999471103586],[103.44999840847325,33.81999840677229],[103.38749857035549,33.81999843817399],[103.3249987344573,33.81999843788731],[103.26249881522786,33.81999844979208],[103.19999899214639,33.81999840498083],[103.13749909321939,33.81999844004912],[103.07499921140635,33.81999841149835],[103.01249935240315,33.81999843627687],[102.94999943487058,33.81999847299015],[102.94999943487058,33.319999389072485]]]}"
000000000000000003a9,1418,43,80131.0,13382.813953488372,7496.0,5227.0,575461.0,"{""type"":""Polygon"",""coordinates"":[[[103.44999840847325,33.319999471103586],[103.51249886474936,33.319999436582656],[103.57499932114563,33.31999939389284],[103.6374997774681,33.31999939217897],[103.70000014592347,33.31999940614699],[103.76250060453198,33.319999464635586],[103.8250010670569,33.31999945775862],[103.88750144784625,33.319999443576535],[103.95000192741529,33.31999944975466],[103.95000192741529,33.81999844901402],[103.88750144784625,33.81999840244527],[103.8250010670569,33.81999844715596],[103.76250060453198,33.81999847275214],[103.70000014592347,33.81999842173889],[103.6374997774681,33.81999840369347],[103.57499932114563,33.81999839055956],[103.51249886474936,33.81999840775609],[103.44999840847325,33.81999840677229],[103.44999840847325,33.319999471103586]]]}"
000000000000000003aa,1419,23,34364.0,9747.260869565218,8211.0,5226.0,224187.0,"{""type"":""Polygon"",""coordinates"":[[[103.95000192741529,33.31999944975466],[104.01250180165823,33.319999436802114],[104.07500169504861,33.31999946549114],[104.13750152472561,33.319999425028094],[104.2000013857669,33.31999943569959],[104.2625012853988,33.31999945979226],[104.32500114279593,33.31999946972815],[104.38750105528894,33.319999416953976],[104.450000943384,33.31999944111583],[104.450000943384,33.81999844493131],[104.38750105528894,33.81999840940366],[104.32500114279593,33.819998434878606],[104.2625012853988,33.81999846616241],[104.2000013857669,33.81999846868859],[104.13750152472561,33.819998470171456],[104.07500169504861,33.819998425048674],[104.01250180165823,33.81999846465343],[103.95000192741529,33.81999844901402],[103.95000192741529,33.31999944975466]]]}"
000000000000000003ab,1420,56,97475.0,11217.875,7498.5,5223.0,628201.0,"{""type"":""Polygon"",""coordinates"":[[[104.450000943384,33.31999944111583],[104.512500817009,33.319999419663056],[104.57500068678307,33.31999939743248],[104.6375005640113,33.3199994189221],[104.70000037169314,33.31999945523709],[104.76250030042463,33.319999445108635],[104.825000185528,33.31999945358681],[104.88750004089037,33.31999944032902],[104.94999988105903,33.31999944841376],[104.94999988105903,33.81999843466876],[104.88750004089037,33.81999847111147],[104.825000185528,33.819998426627194],[104.76250030042463,33.81999842538532],[104.70000037169314,33.81999842466902],[104.6375005640113,33.81999844327815],[104.57500068678307,33.81999845954593],[104.512500817009,33.81999841912985],[104.450000943384,33.81999844493131],[104.450000943384,33.31999944111583]]]}"
000000000000000003ac,1421,78,53017.0,12286.576923076924,8226.0,5228.0,958353.0,"{""type"":""Polygon"",""coordinates"":[[[104.94999988105903,33.31999944841376],[105.01249981039842,33.31999942590755],[105.07499966646854,33.31999943713846],[105.1374995548915,33.31999942960445],[105.19999940353478,33.31999945621007],[105.26249931936047,33.31999946372284],[105.3249991420986,33.31999943212138],[105.38749906929306,33.31999946353188],[105.44999894178211,33.319999453886005],[105.44999894178211,33.819998434217034],[105.38749906929306,33.8199984053537],[105.3249991420986,33.81999839652858],[105.26249931936047,33.819998428310946],[105.19999940353478,33.81999839984572],[105.1374995548915,33.81999841444609],[105.07499966646854,33.819998442473604],[105.01249981039842,33.81999843160955],[104.94999988105903,33.81999843466876],[104.94999988105903,33.31999944841376]]]}"
000000000000000003ad,1422,94,35880.0,9200.08510638298,7482.818181818182,4103.0,864808.0,"{""type"":""Polygon"",""coordinates"":[[[105.44999894178211,33.319999453886005],[105.51249877961354,33.31999944362945],[105.57499869290272,33.31999946140011],[105.63749852402003,33.31999940271445],[105.69999838424833,33.31999946264409],[105.76249829603358,33.319999429714905],[105.82499819282427,33.319999437825466],[105.88749800852842,33.319999453740024],[105.94999794643947,33.31999940885057],[105.94999794643948,33.819998420197415],[105.88749800852842,33.81999845532719],[105.82499819282427,33.819998403809144],[105.76249829603358,33.81999841772953],[105.69999838424833,33.819998447466205],[105.63749852402003,33.819998443237345],[105.57499869290272,33.81999844973819],[105.51249877961354,33.819998439719164],[105.44999894178211,33.819998434217034],[105.44999894178211,33.319999453886005]]]}"
000000000000000003ae,1423,1,5248.0,5248.0,5248.0,5248.0,5248.0,"{""type"":""Polygon"",""coordinates"":[[[105.94999794643947,33.31999940885057],[106.01249839000212,33.31999946045754],[106.07499873697631,33.319999394616325],[106.13749919243547,33.31999939180063],[106.19999960320456,33.3199994293294],[106.26250008579031,33.319999448567074],[106.32500048791435,33.31999942658427],[106.3875009271412,33.31999947080712],[106.45000134194315,33.319999462472886],[106.45000134194315,33.8199984660318],[106.3875009271412,33.819998441112624],[106.32500048791435,33.81999841714758],[106.26250008579031,33.81999842977646],[106.19999960320456,33.819998455720196],[106.13749919243547,33.819998435090845],[106.07499873697631,33.81999842687018],[106.01249839000212,33.81999845382016],[105.94999794643948,33.819998420197415],[105.94999794643947,33.31999940885057]]]}"
000000000000000003af,1424,87,974395.0,23157.137931034482,10047.0,5222.0,2014671.0,"{""type"":""Polygon"",""coordinates"":[[[106.45000134194315,33.319999462472886],[106.51250122173896,33.319999427229256],[106.57500113489608,33.319999410772446],[106.63750102130584,33.3199994602026],[106.70000091124314,33.31999944360611],[106.76250074549382,33.31999940768092],[106.82500064529452,33.31999945714365],[106.88750046233555,33.3199994010055],[106.95000040889545,33.319999413878456],[106.95000040889545,33.819998392935254],[106.88750046233555,33.81999843518044],[106.82500064529452,33.81999842958009],[106.76250074549382,33.81999845154338],[106.70000091124314,33.8199984430147],[106.63750102130584,33.8199984660692],[106.57500113489608,33.81999839184243],[106.51250122173896,33.81999843493143],[106.45000134194315,33.8199984660318],[106.45000134194315,33.319999462472886]]]}"
000000000000000003b0,1425,122,74691.0,14441.540983606557,8597.541666666668,5221.0,1761868.0,"{""type"":""Polygon"",""coordinates"":[[[106.95000040889545,33.319999413878456],[107.01250024745117,33.3199994001524],[107.07500010115805,33.319999463120666],[107.13750000360177,33.319999468869796],[107.19999989867381,33.31999946220517],[107.26249973064182,33.31999940468837],[107.32499962457192,33.3199993980144],[107.38749952560921,33.31999940309193],[107.44999937926345,33.31999946371828],[107.44999937926345,33.81999839045825],[107.38749952560921,33.819998423074175],[107.32499962457192,33.81999839093306],[107.26249973064182,33.81999841605789],[107.19999989867381,33.81999845513633],[107.13750000360177,33.81999840770897],[107.07500010115804,33.819998395084596],[107.01250024745117,33.81999845583086],[106.95000040889545,33.819998392935254],[106.95000040889545,33.319999413878456]]]}"
000000000000000003b1,1426,54,88456.0,12419.111111111111,7495.0,5226.0,670632.0,"{""type"":""Polygon"",""coordinates"":[[[107.44999937926345,33.31999946371828],[107.51249922168425,33.31999944445908],[107.57499908946542,33.31999945852266],[107.63749901963907,33.31999945274839],[107.69999886898934,33.319999400116174],[107.76249876564697,33.31999939965393],[107.82499865748639,33.31999941059981],[107.88749849272108,33.31999939207356],[107.94999840073855,33.319999441883645],[107.94999840073855,33.8199984411865],[107.88749849272108,33.81999847321816],[107.8249986574864,33.81999844900652],[107.76249876564697,33.81999843689369],[107.69999886898934,33.81999839551495],[107.63749901963907,33.819998448344265],[107.57499908946542,33.81999841512034],[107.51249922168424,33.819998405513964],[107.44999937926345,33.81999839045825],[107.44999937926345,33.31999946371828]]]}"
000000000000000003b2,1427,334,105942.0,11322.440119760478,7471.5,5221.0,3781695.0,"{""type"":""Polygon"",""coordinates"":[[[107.94999840073855,33.319999441883645],[108.01249878272381,33.319999450987254],[108.07499922645421,33.31999943112323],[108.13749968162853,33.31999942313033],[108.20000009826589,33.319999467647534],[108.26250051721281,33.31999942590104],[108.32500097969988,33.31999940705629],[108.387501436792,33.31999945088972],[108.45000183986016,33.31999943159101],[108.45000183986016,33.81999843148277],[108.387501436792,33.81999839151199],[108.3250009796999,33.819998407467324],[108.26250051721281,33.81999844040591],[108.20000009826589,33.819998451181704],[108.13749968162853,33.81999841415082],[108.07499922645421,33.81999846802084],[108.01249878272381,33.81999840803418],[107.94999840073855,33.8199984411865],[107.94999840073855,33.319999441883645]]]}"
000000000000000003b3,1428,60,65672.0,10496.783333333333,7462.0,5221.0,629807.0,"{""type"":""Polygon"",""coordinates"":[[[108.45000183986016,33.31999943159101],[108.51250168769621,33.319999458255005],[108.57500156618424,33.319999473140435],[108.63750142769644,33.319999432377095],[108.70000131552,33.31999944311196],[108.76250118265287,33.31999946094299],[108.8250010730305,33.31999942715529],[108.88750094026051,33.31999946203488],[108.95000082890888,33.31999942369474],[108.95000082890888,33.81999841863602],[108.88750094026051,33.819998455151215],[108.8250010730305,33.819998450565954],[108.76250118265287,33.819998464553905],[108.70000131551998,33.81999846007692],[108.63750142769644,33.81999841401885],[108.57500156618424,33.81999845321687],[108.51250168769621,33.81999847174746],[108.45000183986016,33.81999843148277],[108.45000183986016,33.31999943159101]]]}"
000000000000000003b4,1429,4,15721.0,9165.75,7860.5,5221.0,36663.0,"{""type"":""Polygon"",""coordinates"":[[[108.95000082890888,33.31999942369474],[109.01250069317662,33.31999943186314],[109.07500057824282,33.31999942659983],[109.13750043888552,33.319999444542425],[109.20000032087941,33.31999942516509],[109.26250017956323,33.319999404583506],[109.32500006128967,33.319999404090524],[109.38749992194201,33.319999459215076],[109.44999980843326,33.31999942582722],[109.44999980843326,33.81999844085142],[109.38749992194201,33.819998403516905],[109.32500006128967,33.819998469062426],[109.26250017956323,33.819998453696456],[109.20000032087941,33.81999840449386],[109.13750043888552,33.81999846499902],[109.07500057824282,33.81999843573156],[109.01250069317662,33.81999845962461],[108.95000082890888,33.81999841863602],[108.95000082890888,33.31999942369474]]]}"
000000000000000003b5,1430,21,20963.0,8792.238095238095,6738.0,5223.0,184637.0,"{""type"":""Polygon"",""coordinates"":[[[109.44999980843326,33.31999942582722],[109.51249967717493,33.31999942133536],[109.57499957562284,33.31999946570442],[109.63749946070045,33.31999942874241],[109.69999938038876,33.31999941212174],[109.76249920127421,33.319999464701226],[109.82499906265927,33.31999942575998],[109.88749892244346,33.31999941092386],[109.94999882960634,33.31999943818038],[109.94999882960634,33.81999844446642],[109.88749892244346,33.81999839795254],[109.82499906265927,33.81999841539139],[109.76249920127421,33.81999839778349],[109.69999938038876,33.81999839428815],[109.63749946070045,33.81999840201937],[109.57499957562284,33.81999845455333],[109.51249967717493,33.81999845145971],[109.44999980843326,33.81999844085142],[109.44999980843326,33.31999942582722]]]}"
000000000000000003b6,1431,11,8247.0,6331.272727272727,5972.0,5243.0,69644.0,"{""type"":""Polygon"",""coordinates"":[[[109.94999882960634,33.31999943818038],[110.01249874251052,33.319999458103496],[110.07499861973156,33.31999942113232],[110.13749851093976,33.319999426532426],[110.19999837515131,33.319999424183834],[110.26249826248451,33.31999943051348],[110.32499813237996,33.31999939490565],[110.38749794447425,33.319999430692434],[110.44999784043416,33.319999455730304],[110.44999784043416,33.81999844208939],[110.38749794447425,33.81999840627887],[110.32499813237996,33.81999845838866],[110.26249826248453,33.81999843616097],[110.19999837515131,33.81999839064507],[110.13749851093975,33.819998454460894],[110.07499861973156,33.81999844861768],[110.01249874251052,33.819998423464966],[109.94999882960634,33.81999844446642],[109.94999882960634,33.31999943818038]]]}"
000000000000000003b7,1432,26,99275.0,23675.19230769231,13439.5,5228.0,615555.0,"{""type"":""Polygon"",""coordinates"":[[[110.44999784043416,33.319999455730304],[110.5124982349368,33.31999942246962],[110.57499872458666,33.31999942308616],[110.63749917888184,33.31999942126113],[110.69999955841789,33.31999944690776],[110.76250000585576,33.319999416151525],[110.82500048216698,33.31999944008836],[110.88750085753801,33.319999399837116],[110.95000127517433,33.31999945609143],[110.95000127517433,33.819998408021256],[110.88750085753803,33.81999847281023],[110.82500048216698,33.819998401146165],[110.76250000585576,33.8199984413792],[110.69999955841789,33.81999846775848],[110.63749917888184,33.8199984517996],[110.57499872458666,33.81999839635778],[110.5124982349368,33.81999843533024],[110.44999784043416,33.81999844208939],[110.44999784043416,33.319999455730304]]]}"
000000000000000003b8,1433,63,65647.0,15834.317460317461,9698.0,5221.0,997562.0,"{""type"":""Polygon"",""coordinates"":[[[110.95000127517433,33.31999945609143],[111.012501150796,33.319999406101],[111.07500108272143,33.31999941191504],[111.13750094178911,33.319999435654395],[111.2000007809136,33.319999407120726],[111.26250065316744,33.31999941922122],[111.3250005208042,33.31999941722228],[111.38750043719087,33.31999941157892],[111.45000027388987,33.31999944511807],[111.45000027388987,33.819998443518394],[111.38750043719087,33.819998457656155],[111.3250005208042,33.81999843632152],[111.26250065316744,33.819998418539505],[111.2000007809136,33.81999839470693],[111.13750094178911,33.81999841986953],[111.07500108272143,33.81999840238801],[111.012501150796,33.8199984128895],[110.95000127517433,33.819998408021256],[110.95000127517433,33.31999945609143]]]}"
000000000000000003b9,1434,63,74952.0,11267.920634920634,8220.0,3186.0,709879.0,"{""type"":""Polygon"",""coordinates"":[[[111.45000027388987,33.31999944511807],[111.51250017551725,33.319999429631814],[111.57500001390144,33.3199994075008],[111.63749993392162,33.31999945297838],[111.69999980765746,33.319999444727266],[111.76249968925852,33.319999391318596],[111.82499954201671,33.319999399122096],[111.8874994203104,33.319999394414154],[111.94999928765343,33.31999940142128],[111.94999928765343,33.819998419591776],[111.8874994203104,33.81999843179537],[111.82499954201671,33.81999845681093],[111.76249968925852,33.81999839002433],[111.69999980765746,33.81999846783013],[111.63749993392162,33.81999842273778],[111.57500001390144,33.81999840935477],[111.51250017551725,33.81999846764801],[111.45000027388987,33.819998443518394],[111.45000027388987,33.31999944511807]]]}"
000000000000000003ba,1435,4,28434.0,12890.5,8953.0,5222.0,51562.0,"{""type"":""Polygon"",""coordinates"":[[[111.94999928765343,33.31999940142128],[112.0124991986357,33.31999942725518],[112.07499902601046,33.31999943102644],[112.13749891553334,33.31999940235821],[112.19999883111501,33.319999445673005],[112.26249864580134,33.3199994380969],[112.3249985965618,33.31999943233236],[112.38749846565608,33.319999403494315],[112.44999830829926,33.319999437792475],[112.44999830829926,33.819998420206424],[112.38749846565608,33.81999842157512],[112.32499859656178,33.819998400378246],[112.26249864580134,33.81999843349336],[112.19999883111501,33.819998464990626],[112.13749891553334,33.81999844370315],[112.07499902601046,33.819998411280324],[112.0124991986357,33.81999842644932],[111.94999928765343,33.819998419591776],[111.94999928765343,33.31999940142128]]]}"
000000000000000003bb,1436,1,6720.0,6720.0,6720.0,6720.0,6720.0,"{""type"":""Polygon"",""coordinates"":[[[112.44999830829926,33.319999437792475],[112.51249872542826,33.31999943582827],[112.57499913573395,33.319999440869324],[112.63749959462092,33.319999456665734],[112.70000006661674,33.319999422797615],[112.76250042539426,33.319999458535776],[112.82500090837965,33.31999945050243],[112.88750129843872,33.31999945374385],[112.95000174215942,33.31999945281427],[112.95000174215942,33.819998454984756],[112.88750129843874,33.8199984745956],[112.82500090837965,33.81999839882111],[112.76250042539426,33.819998405531855],[112.70000006661674,33.81999844024314],[112.63749959462092,33.81999845553873],[112.57499913573395,33.81999841392375],[112.51249872542826,33.81999845699176],[112.44999830829926,33.819998420206424],[112.44999830829926,33.319999437792475]]]}"
000000000000000003c8,1500,10,11883.0,7425.3,6684.0,5196.0,74253.0,"{""type"":""Polygon"",""coordinates"":[[[102.45000045517783,33.81999846875746],[102.51250032874732,33.81999845907535],[102.57500022649201,33.81999846368835],[102.63750004749501,33.819998460852396],[102.69999995447873,33.81999840139787],[102.76249984827193,33.81999843065498],[102.82499971810891,33.81999843325168],[102.88749955406026,33.81999846116423],[102.94999943487058,33.81999847299015],[102.94999943487058,34.32000191552508],[102.88749955406026,34.320001894482054],[102.82499971810891,34.320001850180965],[102.76249984827193,34.32000190759414],[102.69999995447873,34.320001848713616],[102.63750004749501,34.32000187194362],[102.57500022649201,34.32000191634327],[102.51250032874732,34.32000186463715],[102.45000045517783,34.320001905432584],[102.45000045517783,33.81999846875746]]]}"
000000000000000003c9,1501,4,5957.0,5401.25,5216.5,5215.0,21605.0,"{""type"":""Polygon"",""coordinates"":[[[102.94999943487058,33.81999847299015],[103.01249935240315,33.81999843627687],[103.07499921140635,33.81999841149835],[103.13749909321939,33.81999844004912],[103.19999899214639,33.81999840498083],[103.26249881522786,33.81999844979208],[103.3249987344573,33.81999843788731],[103.38749857035549,33.81999843817399],[103.44999840847325,33.81999840677229],[103.44999840847325,34.32000187097599],[103.38749857035549,34.32000188036691],[103.3249987344573,34.320001848093455],[103.26249881522786,34.32000190150793],[103.19999899214639,34.320001889006925],[103.13749909321939,34.32000186379235],[103.07499921140635,34.3200018498747],[103.01249935240315,34.3200018806854],[102.94999943487058,34.32000191552508],[102.94999943487058,33.81999847299015]]]}"
000000000000000003ca,1502,9,11914.0,7108.111111111111,5954.0,5192.0,63973.0,"{""type"":""Polygon"",""coordinates"":[[[103.44999840847325,33.81999840677229],[103.51249886474936,33.81999840775609],[103.57499932114563,33.81999839055956],[103.6374997774681,33.81999840369347],[103.70000014592347,33.81999842173889],[103.76250060453198,33.81999847275214],[103.8250010670569,33.81999844715596],[103.88750144784625,33.81999840244527],[103.95000192741529,33.81999844901402],[103.95000192741529,34.32000191968936],[103.88750144784625,34.320001864172525],[103.8250010670569,34.32000188608474],[103.76250060453198,34.32000187627332],[103.70000014592347,34.32000186094023],[103.6374997774681,34.32000186623526],[103.57499932114563,34.32000186488361],[103.51249886474936,34.32000188242095],[103.44999840847325,34.32000187097599],[103.44999840847325,33.81999840677229]]]}"
000000000000000003cb,1503,0,,,,,0.0,"{""type"":""Polygon"",""coordinates"":[[[103.95000192741529,33.81999844901402],[104.01250180165823,33.81999846465343],[104.07500169504861,33.819998425048674],[104.13750152472561,33.819998470171456],[104.2000013857669,33.81999846868859],[104.2625012853988,33.81999846616241],[104.32500114279593,33.819998434878606],[104.38750105528894,33.81999840940366],[104.450000943384,33.81999844493131],[104.450000943384,34.32000188854851],[104.38750105528894,34.32000188002743],[104.32500114279593,34.32000191582994],[104.2625012853988,34.3200018583556],[104.2000013857669,34.32000192273281],[104.13750152472561,34.32000188783702],[104.07500169504861,34.32000187478169],[104.01250180165823,34.32000184866375],[103.95000192741529,34.32000191968936],[103.95000192741529,33.81999844901402]]]}"
000000000000000003cc,1504,9,14871.0,7854.777777777777,6687.0,5194.0,70693.0,"{""type"":""Polygon"",""coordinates"":[[[104.450000943384,33.81999844493131],[104.512500817009,33.81999841912985],[104.57500068678307,33.81999845954593],[104.6375005640113,33.81999844327815],[104.70000037169314,33.81999842466902],[104.76250030042463,33.81999842538532],[104.825000185528,33.819998426627194],[104.88750004089037,33.81999847111147],[104.94999988105903,33.81999843466876],[104.94999988105903,34.32000185390356],[104.88750004089037,34.32000189705011],[104.825000185528,34.32000192287294],[104.76250030042463,34.32000188962144],[104.70000037169314,34.32000192095736],[104.6375005640113,34.32000186999478],[104.57500068678307,34.32000188165805],[104.512500817009,34.32000190223686],[104.450000943384,34.32000188854851],[104.450000943384,33.81999844493131]]]}"
000000000000000003cd,1505,43,25976.0,8739.697674418605,6681.0,5193.0,375807.0,"{""type"":""Polygon"",""coordinates"":[[[104.94999988105903,33.81999843466876],[105.01249981039842,33.81999843160955],[105.07499966646854,33.819998442473604],[105.1374995548915,33.81999841444609],[105.19999940353478,33.81999839984572],[105.26249931936047,33.819998428310946],[105.3249991420986,33.81999839652858],[105.38749906929306,33.8199984053537],[105.44999894178211,33.819998434217034],[105.44999894178211,34.32000186482458],[105.38749906929306,34.3200018506107],[105.3249991420986,34.320001915982786],[105.26249931936047,34.32000191615079],[105.19999940353478,34.320001917001626],[105.1374995548915,34.32000185597202],[105.07499966646854,34.32000186969735],[105.01249981039842,34.32000190649991],[104.94999988105903,34.32000185390356],[104.94999988105903,33.81999843466876]]]}"
000000000000000003ce,1506,24,31314.0,8415.875,5966.0,5211.0,201981.0,"{""type"":""Polygon"",""coordinates"":[[[105.44999894178211,33.819998434217034],[105.51249877961354,33.819998439719164],[105.57499869290272,33.81999844973819],[105.63749852402003,33.819998443237345],[105.69999838424833,33.819998447466205],[105.76249829603358,33.81999841772953],[105.82499819282427,33.819998403809144],[105.88749800852842,33.81999845532719],[105.94999794643948,33.819998420197415],[105.94999794643948,34.3200019226494],[105.88749800852842,34.320001925545995],[105.82499819282427,34.32000189790601],[105.76249829603358,34.32000190921408],[105.69999838424833,34.320001910449406],[105.63749852402003,34.320001852431766],[105.57499869290272,34.32000186274445],[105.51249877961354,34.32000191494938],[105.44999894178211,34.32000186482458],[105.44999894178211,33.819998434217034]]]}"
000000000000000003cf,1507,5,17804.0,9643.4,7418.0,5193.0,48217.0,"{""type"":""Polygon"",""coordinates"":[[[105.94999794643948,33.819998420197415],[106.01249839000212,33.81999845382016],[106.07499873697631,33.81999842687018],[106.13749919243547,33.819998435090845],[106.19999960320456,33.819998455720196],[106.26250008579031,33.81999842977646],[106.32500048791435,33.81999841714758],[106.3875009271412,33.819998441112624],[106.45000134194315,33.8199984660318],[106.45000134194315,34.320001860647636],[106.3875009271412,34.320001870068644],[106.32500048791435,34.32000193249776],[106.26250008579031,34.320001918851],[106.19999960320456,34.32000188906215],[106.13749919243547,34.32000186626964],[106.07499873697631,34.32000190983482],[106.01249839000212,34.32000187756993],[105.94999794643948,34.3200019226494],[105.94999794643948,33.819998420197415]]]}"
000000000000000003d6,1514,84,53438.0,11778.035714285714,7794.125,5193.0,989355.0,"{""type"":""Polygon"",""coordinates"":[[[109.44999980843326,33.81999844085142],[109.51249967717493,33.81999845145971],[109.57499957562284,33.81999845455333],[109.63749946070045,33.81999840201937],[109.69999938038876,33.81999839428815],[109.76249920127421,33.81999839778349],[109.82499906265927,33.81999841539139],[109.88749892244346,33.81999839795254],[109.94999882960634,33.81999844446642],[109.94999882960636,34.32000186806028],[109.88749892244346,34.320001920515764],[109.82499906265927,34.320001894911094],[109.76249920127421,34.32000185617244],[109.69999938038876,34.32000185373265],[109.63749946070045,34.320001885628486],[109.57499957562285,34.32000190414201],[109.51249967717493,34.32000189151525],[109.44999980843326,34.32000189613066],[109.44999980843326,33.81999844085142]]]}"
000000000000000003d7,1515,11,20118.0,8963.454545454546,6700.0,5212.0,98598.0,"{""type"":""Polygon"",""coordinates"":[[[109.94999882960634,33.81999844446642],[110.01249874251052,33.819998423464966],[110.07499861973156,33.81999844861768],[110.13749851093975,33.819998454460894],[110.19999837515131,33.81999839064507],[110.26249826248453,33.81999843616097],[110.32499813237996,33.81999845838866],[110.38749794447425,33.81999840627887],[110.44999784043416,33.81999844208939],[110.44999784043416,34.32000192547357],[110.38749794447425,34.32000192311774],[110.32499813237996,34.320001861763735],[110.26249826248451,34.32000190574506],[110.19999837515131,34.32000186277597],[110.13749851093976,34.320001865253985],[110.07499861973156,34.32000189840743],[110.01249874251052,34.32000185030353],[109.94999882960636,34.32000186806028],[109.94999882960634,33.81999844446642]]]}"
000000000000000004d8,37,259,213386.0,13998.401544401544,8524.59090909091,5800.0,3625586.0,"{""type"":""Polygon"",""coordinates"":[[[110.95000127517434,21.820000145620188],[111.012501150796,21.82000012891403],[111.07500108272143,21.820000130502926],[111.13750094178911,21.82000011986257],[111.2000007809136,21.820000128649408],[111.26250065316744,21.820000101694664],[111.3250005208042,21.820000082244924],[111.38750043719087,21.820000101039078],[111.45000027388987,21.820000126736844],[111.45000027388987,22.319999151781357],[111.38750043719087,22.319999138076103],[111.3250005208042,22.319999122337332],[111.26250065316744,22.319999136350685],[111.2000007809136,22.31999915026418],[111.13750094178911,22.31999912149381],[111.07500108272143,22.319999106090403],[111.012501150796,22.319999073273785],[110.95000127517433,22.319999140590888],[110.95000127517434,21.820000145620188]]]}"
000000000000000004d9,38,50,69816.0,11749.76,8706.0,5800.0,587488.0,"{""type"":""Polygon"",""coordinates"":[[[111.45000027388987,21.820000126736844],[111.51250017551725,21.820000090928044],[111.57500001390144,21.82000013465867],[111.63749993392162,21.820000102570823],[111.69999980765746,21.820000135267634],[111.76249968925852,21.82000008940275],[111.82499954201671,21.820000092682758],[111.8874994203104,21.820000087506408],[111.94999928765343,21.82000011481581],[111.94999928765343,22.31999913945292],[111.8874994203104,22.31999913885574],[111.82499954201671,22.31999906921253],[111.76249968925852,22.31999914891444],[111.69999980765746,22.31999909155834],[111.63749993392162,22.319999115140714],[111.57500001390144,22.319999105107975],[111.51250017551725,22.319999093925045],[111.45000027388987,22.319999151781357],[111.45000027388987,21.820000126736844]]]}"
000000000000000004da,39,12,64657.0,14027.416666666666,8294.5,5807.0,168329.0,"{""type"":""Polygon"",""coordinates"":[[[111.94999928765343,21.82000011481581],[112.0124991986357,21.820000116514088],[112.07499902601046,21.82000014580238],[112.13749891553334,21.82000013143737],[112.19999883111501,21.820000113419116],[112.26249864580134,21.820000144378437],[112.32499859656178,21.820000139339623],[112.3874984656561,21.820000077382325],[112.44999830829926,21.82000007077224],[112.44999830829926,22.319999094409305],[112.38749846565608,22.319999107042896],[112.32499859656178,22.319999067334038],[112.26249864580134,22.31999912194433],[112.19999883111501,22.319999120091044],[112.13749891553334,22.319999148150888],[112.07499902601046,22.31999915395651],[112.0124991986357,22.319999098203333],[111.94999928765343,22.31999913945292],[111.94999928765343,21.82000011481581]]]}"
000000000000000004df,44,477,134183.0,14480.924528301886,9087.375,4767.0,6907401.0,"{""type"":""Polygon"",""coordinates"":[[[99.95000096556808,22.319999107088545],[100.01250088437155,22.319999069538174],[100.07500069700846,22.319999076948775],[100.13750060505761,22.31999909682848],[100.20000046983237,22.31999911774931],[100.26250032462946,22.31999911743648],[100.32500020405068,22.319999073352456],[100.38750014399517,22.319999142444424],[100.45000001014012,22.31999913295478],[100.45000001014012,22.819998131020977],[100.38750014399517,22.819998152592266],[100.32500020405068,22.819998094024047],[100.26250032462946,22.81999814716999],[100.20000046983237,22.819998155503185],[100.13750060505761,22.819998141910208],[100.07500069700846,22.819998129010536],[100.01250088437155,22.819998128387038],[99.95000096556808,22.819998083125924],[99.95000096556808,22.319999107088545]]]}"
000000000000000004e6,51,273,1655966.0,43221.12087912088,11409.625,5780.0,1.1799366E7,"{""type"":""Polygon"",""coordinates"":[[[107.44999937926345,22.319999070745265],[107.51249922168424,22.319999094383252],[107.57499908946542,22.31999910401204],[107.63749901963907,22.319999145266582],[107.69999886898934,22.319999108039013],[107.76249876564697,22.319999115291495],[107.8249986574864,22.31999913424195],[107.88749849272108,22.319999132013738],[107.94999840073855,22.319999142794707],[107.94999840073855,22.819998109488626],[107.88749849272108,22.819998096252387],[107.82499865748639,22.819998127551468],[107.76249876564697,22.81999808231228],[107.69999886898935,22.819998081662774],[107.63749901963907,22.819998071068174],[107.57499908946542,22.819998104108404],[107.51249922168424,22.819998115519102],[107.44999937926345,22.819998148195566],[107.44999937926345,22.319999070745265]]]}"
000000000000000004e7,52,27,73730.0,14652.333333333334,9092.0,5786.0,395613.0,"{""type"":""Polygon"",""coordinates"":[[[107.94999840073855,22.319999142794707],[108.01249878272381,22.31999908155197],[108.07499922645421,22.31999913108655],[108.13749968162853,22.319999082226186],[108.20000009826589,22.31999907648721],[108.26250051721281,22.319999069357696],[108.32500097969988,22.31999910367219],[108.387501436792,22.319999144905065],[108.45000183986016,22.319999070871507],[108.45000183986016,22.819998149883514],[108.387501436792,22.819998079276264],[108.3250009796999,22.819998095320145],[108.26250051721281,22.819998145636912],[108.20000009826589,22.81999809002953],[108.13749968162853,22.81999814921807],[108.07499922645421,22.819998105473527],[108.01249878272381,22.8199980808034],[107.94999840073855,22.819998109488626],[107.94999840073855,22.319999142794707]]]}"
000000000000000004e8,53,37,28120.0,10219.594594594595,8274.0,5780.0,378125.0,"{""type"":""Polygon"",""coordinates"":[[[108.45000183986016,22.319999070871507],[108.51250168769621,22.31999907526814],[108.57500156618424,22.319999136456666],[108.63750142769644,22.319999131642742],[108.70000131552,22.319999102184564],[108.76250118265287,22.319999099902546],[108.8250010730305,22.319999078143617],[108.88750094026051,22.319999088288203],[108.95000082890888,22.31999908320765],[108.95000082890888,22.819998111425004],[108.88750094026051,22.819998130364368],[108.8250010730305,22.819998155588436],[108.76250118265287,22.819998147549953],[108.70000131552,22.819998142821312],[108.63750142769644,22.819998101327172],[108.57500156618424,22.819998146733536],[108.51250168769621,22.81999815099313],[108.45000183986016,22.819998149883514],[108.45000183986016,22.319999070871507]]]}"
000000000000000004e9,54,151,161369.0,17727.39735099338,10753.2,5782.0,2676837.0,"{""type"":""Polygon"",""coordinates"":[[[108.95000082890888,22.31999908320765],[109.01250069317662,22.319999113840115],[109.07500057824282,22.31999913257943],[109.13750043888552,22.31999910261483],[109.20000032087941,22.319999150493487],[109.26250017956323,22.319999151677518],[109.32500006128967,22.31999914490495],[109.38749992194201,22.31999909256556],[109.44999980843326,22.31999912005228],[109.44999980843326,22.81999812292919],[109.38749992194201,22.81999813528187],[109.32500006128967,22.81999815642471],[109.26250017956323,22.81999814894463],[109.20000032087941,22.819998151026386],[109.13750043888552,22.81999812472033],[109.07500057824282,22.81999810780549],[109.01250069317662,22.81999814912735],[108.95000082890888,22.819998111425004],[108.95000082890888,22.31999908320765]]]}"
000000000000000004ea,55,988,252617.0,18488.602226720646,10755.415094339623,5183.0,1.8266739E7,"{""type"":""Polygon"",""coordinates"":[[[109.44999980843326,22.31999912005228],[109.51249967717493,22.319999102119443],[109.57499957562284,22.319999076442674],[109.63749946070045,22.319999091718103],[109.69999938038876,22.319999097926285],[109.76249920127421,22.319999154774525],[109.82499906265927,22.319999113332344],[109.88749892244346,22.319999108474086],[109.94999882960634,22.31999908920432],[109.94999882960636,22.81999810207968],[109.88749892244346,22.819998142993235],[109.82499906265929,22.819998093132543],[109.76249920127421,22.819998091262313],[109.69999938038876,22.819998090212053],[109.63749946070045,22.819998152865146],[109.57499957562284,22.819998132808223],[109.51249967717493,22.81999808077455],[109.44999980843326,22.81999812292919],[109.44999980843326,22.31999912005228]]]}"
000000000000000004eb,56,785,166346.0,17015.187261146497,10758.057142857142,5593.0,1.3356922E7,"{""type"":""Polygon"",""coordinates"":[[[109.94999882960634,22.31999908920432],[110.01249874251052,22.319999102851604],[110.07499861973156,22.319999109598278],[110.13749851093975,22.319999144726857],[110.19999837515131,22.31999908111854],[110.26249826248451,22.319999127320656],[110.32499813237996,22.319999068937296],[110.38749794447425,22.319999125742957],[110.44999784043416,22.319999146119457],[110.44999784043416,22.81999811531545],[110.38749794447425,22.81999814273733],[110.32499813237996,22.819998138665735],[110.26249826248451,22.819998082039586],[110.19999837515131,22.81999810109082],[110.13749851093976,22.819998063354422],[110.07499861973156,22.819998108690722],[110.01249874251052,22.81999810411862],[109.94999882960636,22.81999810207968],[109.94999882960634,22.31999908920432]]]}"
000000000000000004ec,57,1046,233375.0,18248.72084130019,10754.038461538461,4767.0,1.9088162E7,"{""type"":""Polygon"",""coordinates"":[[[110.44999784043416,22.319999146119457],[110.5124982349368,22.319999115793483],[110.57499872458666,22.31999912739866],[110.63749917888184,22.319999064481188],[110.69999955841789,22.31999914542397],[110.76250000585576,22.319999130653603],[110.82500048216698,22.319999064588],[110.88750085753803,22.319999090239165],[110.95000127517433,22.319999140590888],[110.95000127517434,22.819998074275407],[110.88750085753803,22.81999814486404],[110.82500048216698,22.819998066140034],[110.76250000585576,22.819998079315877],[110.69999955841789,22.819998128507518],[110.63749917888184,22.819998083330614],[110.57499872458666,22.81999809765135],[110.5124982349368,22.819998127184945],[110.44999784043416,22.81999811531545],[110.44999784043416,22.319999146119457]]]}"
000000000000000004ed,58,408,515181.0,21780.267156862745,8943.878048780487,5780.0,8886349.0,"{""type"":""Polygon"",""coordinates"":[[[110.95000127517433,22.319999140590888],[111.012501150796,22.319999073273785],[111.07500108272143,22.319999106090403],[111.13750094178911,22.31999912149381],[111.2000007809136,22.31999915026418],[111.26250065316744,22.319999136350685],[111.3250005208042,22.319999122337332],[111.38750043719087,22.319999138076103],[111.45000027388987,22.319999151781357],[111.45000027388987,22.81999813791646],[111.38750043719087,22.819998103454417],[111.3250005208042,22.8199981468144],[111.26250065316742,22.819998127422593],[111.2000007809136,22.819998102701962],[111.13750094178911,22.819998117227424],[111.07500108272143,22.819998141478102],[111.012501150796,22.8199981455533],[110.95000127517434,22.819998074275407],[110.95000127517433,22.319999140590888]]]}"
000000000000000004ee,59,147,71206.0,11841.30612244898,7444.6,5035.0,1740672.0,"{""type"":""Polygon"",""coordinates"":[[[111.45000027388987,22.319999151781357],[111.51250017551725,22.319999093925045],[111.57500001390144,22.319999105107975],[111.63749993392162,22.319999115140714],[111.69999980765746,22.31999909155834],[111.76249968925852,22.31999914891444],[111.82499954201671,22.31999906921253],[111.8874994203104,22.31999913885574],[111.94999928765343,22.31999913945292],[111.94999928765343,22.819998128655307],[111.8874994203104,22.819998102758483],[111.82499954201671,22.819998081118563],[111.76249968925852,22.819998110396448],[111.69999980765746,22.81999807757808],[111.63749993392162,22.819998115096453],[111.57500001390144,22.819998109322103],[111.51250017551725,22.81999809316391],[111.45000027388987,22.81999813791646],[111.45000027388987,22.319999151781357]]]}"
000000000000000004ef,60,69,57143.0,10127.217391304348,7441.125,5781.0,698778.0,"{""type"":""Polygon"",""coordinates"":[[[111.94999928765343,22.31999913945292],[112.0124991986357,22.319999098203333],[112.07499902601046,22.31999915395651],[112.13749891553334,22.319999148150888],[112.19999883111501,22.319999120091044],[112.26249864580134,22.31999912194433],[112.32499859656178,22.319999067334038],[112.38749846565608,22.319999107042896],[112.44999830829926,22.319999094409305],[112.44999830829926,22.81999807003704],[112.38749846565608,22.81999810312992],[112.3249985965618,22.819998064683766],[112.26249864580134,22.819998102266382],[112.19999883111501,22.819998065359673],[112.13749891553334,22.819998127780092],[112.07499902601046,22.81999815182436],[112.0124991986357,22.819998098889478],[111.94999928765343,22.819998128655307],[111.94999928765343,22.31999913945292]]]}"
000000000000000004f0,61,0,,,,,0.0,"{""type"":""Polygon"",""coordinates"":[[[112.44999830829926,22.319999094409305],[112.51249872542826,22.319999146818216],[112.57499913573395,22.319999123324212],[112.63749959462092,22.3199991342381],[112.70000006661674,22.319999131077555],[112.76250042539426,22.319999078654188],[112.82500090837965,22.319999145385328],[112.88750129843872,22.319999137439982],[112.95000174215942,22.31999915020778],[112.95000174215942,22.819998102686363],[112.88750129843874,22.819998123874665],[112.82500090837965,22.819998139804895],[112.76250042539426,22.81999814208876],[112.70000006661674,22.819998067400572],[112.63749959462092,22.819998091988918],[112.57499913573395,22.819998079934972],[112.51249872542826,22.81999808042412],[112.44999830829926,22.81999807003704],[112.44999830829926,22.319999094409305]]]}"
000000000000000004f1,62,0,,,,,0.0,"{""type"":""Polygon"",""coordinates"":[[[112.95000174215942,22.31999915020778],[113.01250165895986,22.319999129858367],[113.07500155915373,22.319999117272925],[113.13750140764363,22.319999148263246],[113.20000126025225,22.319999073524166],[113.26250117281332,22.31999908590457],[113.32500101945124,22.319999148524516],[113.3875008560576,22.319999111429176],[113.45000073852206,22.31999908098364],[113.45000073852206,22.81999811372389],[113.3875008560576,22.819998156654744],[113.32500101945124,22.81999808800444],[113.26250117281332,22.819998144572686],[113.20000126025225,22.819998135158798],[113.13750140764363,22.81999809704161],[113.07500155915373,22.81999809523711],[113.01250165895985,22.819998108812005],[112.95000174215942,22.819998102686363],[112.95000174215942,22.31999915020778]]]}"
000000000000000004f4,65,394,297968.0,18048.022842639595,8949.842857142858,5760.0,7110921.0,"{""type"":""Polygon"",""coordinates"":[[[99.45000201518567,22.81999814189708],[99.5125018654743,22.819998069559233],[99.57500174951721,22.819998100979543],[99.63750160295518,22.819998130835415],[99.70000144757573,22.819998138542307],[99.76250139162286,22.819998098035445],[99.82500120435228,22.819998093889232],[99.88750108168576,22.819998094344353],[99.95000096556808,22.819998083125924],[99.95000096556808,23.320001582908596],[99.88750108168577,23.32000152910751],[99.82500120435228,23.320001556051775],[99.76250139162286,23.320001590372804],[99.70000144757573,23.320001574399974],[99.63750160295518,23.320001603499808],[99.57500174951721,23.32000161422412],[99.5125018654743,23.320001537504286],[99.45000201518567,23.32000156876344],[99.45000201518567,22.81999814189708]]]}"
000000000000000004f5,66,539,539241.0,18412.469387755104,9684.850931677018,5760.0,9924321.0,"{""type"":""Polygon"",""coordinates"":[[[99.95000096556808,22.819998083125924],[100.01250088437155,22.819998128387038],[100.07500069700846,22.819998129010536],[100.13750060505761,22.819998141910208],[100.20000046983237,22.819998155503185],[100.26250032462946,22.81999814716999],[100.32500020405068,22.819998094024047],[100.38750014399517,22.819998152592266],[100.45000001014012,22.819998131020977],[100.45000001014012,23.32000157590612],[100.38750014399517,23.320001613194783],[100.32500020405068,23.320001570510478],[100.26250032462947,23.320001549945783],[100.20000046983237,23.32000157504144],[100.13750060505761,23.320001579225426],[100.07500069700846,23.320001585455074],[100.01250088437155,23.3200016054647],[99.95000096556808,23.320001582908596],[99.95000096556808,22.819998083125924]]]}"
000000000000000004f6,67,164,161331.0,15868.701219512195,9881.818181818182,5759.0,2602467.0,"{""type"":""Polygon"",""coordinates"":[[[100.45000001014012,22.819998131020977],[100.5124998406031,22.819998095655215],[100.57499976065216,22.819998106781267],[100.63749963926456,22.81999815172057],[100.69999951819264,22.819998116430497],[100.76249935439841,22.8199980720115],[100.8249992780695,22.819998077610233],[100.88749907622298,22.819998125840005],[100.94999896751168,22.819998089953337],[100.94999896751168,23.320001550481294],[100.88749907622298,23.320001613625795],[100.8249992780695,23.320001589992717],[100.76249935439841,23.320001606852838],[100.69999951819264,23.320001581945263],[100.63749963926456,23.320001546341587],[100.57499976065216,23.320001608760794],[100.5124998406031,23.32000161434698],[100.45000001014012,23.32000157590612],[100.45000001014012,22.819998131020977]]]}"
000000000000000004f7,68,0,,,,,0.0,"{""type"":""Polygon"",""coordinates"":[[[100.94999896751168,22.819998089953337],[101.01249882717767,22.819998135789287],[101.07499870389056,22.819998147930534],[101.13749864753342,22.81999810040132],[101.19999844987971,22.81999807495196],[101.26249833570857,22.819998122659694],[101.32499827178705,22.819998133245136],[101.38749813924753,22.819998092198926],[101.44999799327965,22.819998151693063],[101.44999799327965,23.320001528216476],[101.38749813924753,23.32000152915671],[101.32499827178705,23.32000153565134],[101.26249833570857,23.320001575196457],[101.19999844987971,23.32000157292155],[101.13749864753342,23.32000154972103],[101.07499870389056,23.320001544771035],[101.01249882717767,23.320001566112428],[100.94999896751168,23.320001550481294],[100.94999896751168,22.819998089953337]]]}"
000000000000000004f8,69,0,,,,,0.0,"{""type"":""Polygon"",""coordinates"":[[[101.44999799327965,22.819998151693063],[101.51249841049612,22.81999806721447],[101.57499884204753,22.819998123610713],[101.63749925963809,22.819998120154263],[101.6999997227788,22.819998118306973],[101.7625001182872,22.819998102561218],[101.8250005946132,22.819998127404652],[101.88750104047836,22.81999808741976],[101.95000143238939,22.819998139139344],[101.95000143238939,23.320001595650467],[101.88750104047836,23.320001571528955],[101.8250005946132,23.320001541379145],[101.7625001182872,23.320001617510627],[101.6999997227788,23.32000154758345],[101.63749925963809,23.32000154615778],[101.57499884204753,23.320001539460847],[101.51249841049612,23.32000155604721],[101.44999799327965,23.320001528216476],[101.44999799327965,22.819998151693063]]]}"
000000000000000004f9,70,0,,,,,0.0,"{""type"":""Polygon"",""coordinates"":[[[101.95000143238939,22.819998139139344],[102.01250131215058,22.819998114032543],[102.07500118037699,22.81999812883751],[102.13750110367965,22.819998064243332],[102.20000097521849,22.81999808246807],[102.26250086349057,22.819998063770104],[102.32500066333235,22.819998080596513],[102.38750053252556,22.819998095339045],[102.45000045517783,22.819998083706174],[102.45000045517783,23.320001607881043],[102.38750053252556,23.32000154752219],[102.32500066333235,23.320001538739874],[102.26250086349057,23.320001606220252],[102.20000097521849,23.32000160942557],[102.13750110367965,23.32000156553902],[102.07500118037697,23.320001594702546],[102.01250131215058,23.320001535023884],[101.95000143238939,23.320001595650467],[101.95000143238939,22.819998139139344]]]}"
000000000000000004fa,71,0,,,,,0.0,"{""type"":""Polygon"",""coordinates"":[[[102.45000045517783,22.819998083706174],[102.51250032874732,22.819998117531732],[102.57500022649201,22.819998075919603],[102.63750004749501,22.81999811972343],[102.69999995447873,22.819998120532397],[102.76249984827193,22.819998149394767],[102.82499971810891,22.8199980915722],[102.88749955406026,22.819998099995523],[102.94999943487058,22.819998141567382],[102.94999943487058,23.320001608781205],[102.88749955406026,23.320001599932105],[102.82499971810891,23.32000160966952],[102.76249984827193,23.320001582339188],[102.69999995447873,23.320001543952127],[102.63750004749501,23.32000160960801],[102.57500022649201,23.32000153001836],[102.51250032874732,23.320001612705685],[102.45000045517783,23.320001607881043],[102.45000045517783,22.819998083706174]]]}"
000000000000000004fb,72,40,186561.0,17640.925,9490.0,5767.0,705637.0,"{""type"":""Polygon"",""coordinates"":[[[102.94999943487058,22.819998141567382],[103.01249935240315,22.819998100873843],[103.07499921140635,22.819998137322308],[103.13749909321939,22.819998127883885],[103.19999899214639,22.819998134989014],[103.26249881522786,22.81999813906495],[103.3249987344573,22.81999809812434],[103.38749857035549,22.81999808879889],[103.44999840847325,22.819998076040807],[103.44999840847325,23.320001602695225],[103.38749857035549,23.32000160051184],[103.3249987344573,23.320001577087567],[103.26249881522786,23.32000156799136],[103.19999899214639,23.320001585914756],[103.13749909321939,23.32000158438602],[103.07499921140635,23.320001583239208],[103.01249935240315,23.320001609658682],[102.94999943487058,23.320001608781205],[102.94999943487058,22.819998141567382]]]}"
000000000000000004fc,73,862,370950.0,23479.448955916472,11019.3,5759.0,2.0239285E7,"{""type"":""Polygon"",""coordinates"":[[[103.44999840847325,22.819998076040807],[103.51249886474936,22.819998068062546],[103.57499932114563,22.819998089290717],[103.6374997774681,22.81999811145009],[103.70000014592347,22.81999811376442],[103.76250060453198,22.819998141225227],[103.8250010670569,22.819998083543968],[103.88750144784625,22.819998097448444],[103.95000192741529,22.819998137939518],[103.95000192741529,23.320001529745706],[103.88750144784625,23.32000154412921],[103.8250010670569,23.320001563693303],[103.76250060453198,23.32000154513876],[103.70000014592347,23.32000159906783],[103.6374997774681,23.320001569057478],[103.57499932114563,23.320001588851355],[103.51249886474936,23.320001590504006],[103.44999840847325,23.320001602695225],[103.44999840847325,22.819998076040807]]]}"
00000000000000000502,79,1362,298099.0,18398.650513950073,11126.615384615385,3352.0,2.5058962E7,"{""type"":""Polygon"",""coordinates"":[[[106.95000040889545,22.819998081940284],[107.01250024745117,22.819998068777604],[107.07500010115805,22.819998117258542],[107.13750000360177,22.819998098361538],[107.19999989867381,22.81999806882894],[107.26249973064182,22.81999808522804],[107.32499962457192,22.8199980958949],[107.38749952560921,22.81999806894736],[107.44999937926345,22.819998148195566],[107.44999937926345,23.320001593199226],[107.38749952560921,23.320001582699657],[107.32499962457192,23.32000154115305],[107.26249973064182,23.32000158893002],[107.19999989867381,23.320001582593168],[107.13750000360177,23.320001574560504],[107.07500010115804,23.320001596697548],[107.01250024745117,23.320001592781733],[106.95000040889545,23.320001604412056],[106.95000040889545,22.819998081940284]]]}"
00000000000000000503,80,362,785806.0,30920.35359116022,13956.333333333334,5377.0,1.1193168E7,"{""type"":""Polygon"",""coordinates"":[[[107.44999937926345,22.819998148195566],[107.51249922168424,22.819998115519102],[107.57499908946542,22.819998104108404],[107.63749901963907,22.819998071068174],[107.69999886898935,22.819998081662774],[107.76249876564697,22.81999808231228],[107.82499865748639,22.819998127551468],[107.88749849272108,22.819998096252387],[107.94999840073855,22.819998109488626],[107.94999840073855,23.320001527821447],[107.88749849272108,23.3200015604204],[107.82499865748639,23.320001583363172],[107.76249876564697,23.320001564194794],[107.69999886898934,23.32000153673994],[107.63749901963907,23.320001534725964],[107.57499908946542,23.3200016125778],[107.51249922168425,23.32000161757003],[107.44999937926345,23.320001593199226],[107.44999937926345,22.819998148195566]]]}"
00000000000000000504,81,41,60222.0,14303.219512195123,9073.0,5768.0,586432.0,"{""type"":""Polygon"",""coordinates"":[[[107.94999840073855,22.819998109488626],[108.01249878272381,22.8199980808034],[108.07499922645421,22.819998105473527],[108.13749968162853,22.81999814921807],[108.20000009826589,22.81999809002953],[108.26250051721281,22.819998145636912],[108.3250009796999,22.819998095320145],[108.387501436792,22.819998079276264],[108.45000183986016,22.819998149883514],[108.45000183986016,23.320001542694584],[108.387501436792,23.320001534572956],[108.32500097969988,23.320001554371892],[108.26250051721281,23.320001550212954],[108.20000009826589,23.320001557611125],[108.13749968162853,23.320001535146698],[108.07499922645421,23.320001616301532],[108.01249878272381,23.320001573081367],[107.94999840073855,23.320001527821447],[107.94999840073855,22.819998109488626]]]}"
00000000000000000505,82,211,286652.0,17271.957345971565,9043.15,5759.0,3644383.0,"{""type"":""Polygon"",""coordinates"":[[[108.45000183986016,22.819998149883514],[108.51250168769621,22.81999815099313],[108.57500156618424,22.819998146733536],[108.63750142769644,22.819998101327172],[108.70000131552,22.819998142821312],[108.76250118265287,22.819998147549953],[108.8250010730305,22.819998155588436],[108.88750094026051,22.819998130364368],[108.95000082890888,22.819998111425004],[108.95000082890888,23.32000153388205],[108.88750094026051,23.32000158218781],[108.8250010730305,23.320001572986705],[108.76250118265287,23.3200015548177],[108.70000131552,23.320001564796417],[108.63750142769644,23.320001563616152],[108.57500156618424,23.320001587989122],[108.51250168769621,23.320001598076626],[108.45000183986016,23.320001542694584],[108.45000183986016,22.819998149883514]]]}"
00000000000000000506,83,143,310593.0,15727.664335664336,9001.72,5761.0,2249056.0,"{""type"":""Polygon"",""coordinates"":[[[108.95000082890888,22.819998111425004],[109.01250069317662,22.81999814912735],[109.07500057824282,22.81999810780549],[109.13750043888552,22.81999812472033],[109.20000032087941,22.819998151026386],[109.26250017956323,22.81999814894463],[109.32500006128967,22.81999815642471],[109.38749992194201,22.81999813528187],[109.44999980843326,22.81999812292919],[109.44999980843326,23.32000155795308],[109.38749992194201,23.32000160898132],[109.32500006128967,23.32000159990648],[109.26250017956323,23.32000158123795],[109.20000032087941,23.320001591723642],[109.13750043888552,23.320001594207252],[109.07500057824282,23.320001539761254],[109.01250069317662,23.320001565194335],[108.95000082890888,23.32000153388205],[108.95000082890888,22.819998111425004]]]}"
00000000000000000507,84,141,202251.0,17486.78014184397,9891.833333333334,5759.0,2465636.0,"{""type"":""Polygon"",""coordinates"":[[[109.44999980843326,22.81999812292919],[109.51249967717493,22.81999808077455],[109.57499957562284,22.819998132808223],[109.63749946070045,22.819998152865146],[109.69999938038876,22.819998090212053],[109.76249920127421,22.819998091262313],[109.82499906265929,22.819998093132543],[109.88749892244346,22.819998142993235],[109.94999882960636,22.81999810207968],[109.94999882960634,23.32000154490894],[109.88749892244346,23.320001589443173],[109.82499906265927,23.32000155600734],[109.76249920127421,23.320001584110134],[109.69999938038876,23.320001540177657],[109.63749946070045,23.320001575045307],[109.57499957562284,23.32000154276182],[109.51249967717493,23.320001581930892],[109.44999980843326,23.32000155795308],[109.44999980843326,22.81999812292919]]]}"
00000000000000000508,85,1107,257512.0,19012.216802168023,10715.60606060606,5759.0,2.1046524E7,"{""type"":""Polygon"",""coordinates"":[[[109.94999882960636,22.81999810207968],[110.01249874251052,22.81999810411862],[110.07499861973156,22.819998108690722],[110.13749851093976,22.819998063354422],[110.19999837515131,22.81999810109082],[110.26249826248451,22.819998082039586],[110.32499813237996,22.819998138665735],[110.38749794447425,22.81999814273733],[110.44999784043416,22.81999811531545],[110.44999784043416,23.320001561443195],[110.38749794447425,23.320001601568254],[110.32499813237996,23.320001530493556],[110.26249826248451,23.32000158855489],[110.19999837515131,23.32000155737038],[110.13749851093975,23.320001565573012],[110.07499861973156,23.32000158009566],[110.01249874251052,23.32000155546279],[109.94999882960634,23.32000154490894],[109.94999882960636,22.81999810207968]]]}"
00000000000000000509,86,1163,738149.0,18202.824591573517,9702.395569620254,4744.0,2.1169885E7,"{""type"":""Polygon"",""coordinates"":[[[110.44999784043416,22.81999811531545],[110.5124982349368,22.819998127184945],[110.57499872458666,22.81999809765135],[110.63749917888184,22.819998083330614],[110.69999955841789,22.819998128507518],[110.76250000585576,22.819998079315877],[110.82500048216698,22.819998066140034],[110.88750085753803,22.81999814486404],[110.95000127517434,22.819998074275407],[110.95000127517434,23.320001583015546],[110.88750085753803,23.320001549024877],[110.82500048216698,23.32000154023117],[110.76250000585576,23.320001539149416],[110.69999955841789,23.320001576900047],[110.63749917888184,23.320001523796257],[110.57499872458666,23.320001534697088],[110.5124982349368,23.32000156596953],[110.44999784043416,23.320001561443195],[110.44999784043416,22.81999811531545]]]}"
0000000000000000050a,87,897,233569.0,14805.926421404682,8593.172932330826,2662.0,1.3280916E7,"{""type"":""Polygon"",""coordinates"":[[[110.95000127517434,22.819998074275407],[111.012501150796,22.8199981455533],[111.07500108272143,22.819998141478102],[111.13750094178911,22.819998117227424],[111.2000007809136,22.819998102701962],[111.26250065316742,22.819998127422593],[111.3250005208042,22.8199981468144],[111.38750043719087,22.819998103454417],[111.45000027388987,22.81999813791646],[111.45000027388987,23.320001591249994],[111.38750043719087,23.3200015525575],[111.3250005208042,23.32000158733027],[111.26250065316744,23.320001555496564],[111.2000007809136,23.32000160176037],[111.13750094178911,23.320001598509602],[111.07500108272143,23.320001603509503],[111.012501150796,23.320001587741956],[110.95000127517434,23.320001583015546],[110.95000127517434,22.819998074275407]]]}"
0000000000000000050b,88,778,239820.0,14190.665809768638,8572.685039370079,5699.0,1.1040338E7,"{""type"":""Polygon"",""coordinates"":[[[111.45000027388987,22.81999813791646],[111.51250017551725,22.81999809316391],[111.57500001390144,22.819998109322103],[111.63749993392162,22.819998115096453],[111.69999980765746,22.81999807757808],[111.76249968925852,22.819998110396448],[111.82499954201671,22.819998081118563],[111.8874994203104,22.819998102758483],[111.94999928765343,22.819998128655307],[111.94999928765343,23.32000153367299],[111.8874994203104,23.320001567187933],[111.82499954201671,23.32000159436137],[111.76249968925852,23.32000157632615],[111.69999980765746,23.320001573371776],[111.63749993392162,23.320001546146123],[111.57500001390144,23.320001554423616],[111.51250017551725,23.320001545332016],[111.45000027388987,23.320001591249994],[111.45000027388987,22.81999813791646]]]}"
0000000000000000050c,89,963,105538.0,12565.619937694704,9057.629032258064,3694.0,1.2100692E7,"{""type"":""Polygon"",""coordinates"":[[[111.94999928765343,22.819998128655307],[112.0124991986357,22.819998098889478],[112.07499902601046,22.81999815182436],[112.13749891553334,22.819998127780092],[112.19999883111501,22.819998065359673],[112.26249864580134,22.819998102266382],[112.3249985965618,22.819998064683766],[112.38749846565608,22.81999810312992],[112.44999830829926,22.81999807003704],[112.44999830829926,23.32000155457041],[112.3874984656561,23.320001588518277],[112.32499859656178,23.32000153403561],[112.26249864580134,23.32000153955909],[112.19999883111501,23.32000154086954],[112.13749891553334,23.320001541122423],[112.07499902601046,23.320001575162742],[112.0124991986357,23.320001605176024],[111.94999928765343,23.32000153367299],[111.94999928765343,22.819998128655307]]]}"
0000000000000000050d,90,193,73305.0,12652.051813471502,8231.652173913044,5759.0,2441846.0,"{""type"":""Polygon"",""coordinates"":[[[112.44999830829926,22.81999807003704],[112.51249872542826,22.81999808042412],[112.57499913573395,22.819998079934972],[112.63749959462092,22.819998091988918],[112.70000006661674,22.819998067400572],[112.76250042539426,22.81999814208876],[112.82500090837965,22.819998139804895],[112.88750129843874,22.819998123874665],[112.95000174215942,22.819998102686363],[112.95000174215942,23.320001546146887],[112.88750129843872,23.320001563262927],[112.82500090837965,23.32000155146813],[112.76250042539426,23.320001589322665],[112.70000006661674,23.3200015280705],[112.63749959462092,23.320001545309204],[112.57499913573395,23.320001591486086],[112.51249872542826,23.320001544829204],[112.44999830829926,23.32000155457041],[112.44999830829926,22.81999807003704]]]}"
0000000000000000050e,91,2,21402.0,15226.0,15226.0,9050.0,30452.0,"{""type"":""Polygon"",""coordinates"":[[[112.95000174215942,22.819998102686363],[113.01250165895985,22.819998108812005],[113.07500155915373,22.81999809523711],[113.13750140764363,22.81999809704161],[113.20000126025225,22.819998135158798],[113.26250117281332,22.819998144572686],[113.32500101945124,22.81999808800444],[113.3875008560576,22.819998156654744],[113.45000073852206,22.81999811372389],[113.45000073852206,23.320001597395294],[113.3875008560576,23.320001596130002],[113.32500101945124,23.320001538471956],[113.26250117281332,23.32000157666223],[113.20000126025225,23.32000160610609],[113.13750140764363,23.32000157905587],[113.07500155915373,23.320001561471262],[113.01250165895985,23.320001533392528],[112.95000174215942,23.320001546146887],[112.95000174215942,22.819998102686363]]]}"
0000000000000000050f,92,13,15644.0,9757.0,9882.0,5760.0,126841.0,"{""type"":""Polygon"",""coordinates"":[[[113.45000073852206,22.81999811372389],[113.51250063189646,22.819998078289572],[113.57500050125826,22.8199980836713],[113.63750040251857,22.819998148756298],[113.70000030076775,22.81999813557083],[113.76250016111256,22.81999807681365],[113.82500003945235,22.81999807593291],[113.88749990088554,22.81999807969589],[113.94999980127372,22.819998105596003],[113.94999980127372,23.32000160628465],[113.88749990088554,23.32000155278588],[113.82500003945233,23.32000156946398],[113.76250016111256,23.320001554619417],[113.70000030076775,23.320001562213932],[113.63750040251857,23.320001575190457],[113.57500050125826,23.32000156169432],[113.51250063189647,23.32000157506074],[113.45000073852206,23.320001597395294],[113.45000073852206,22.81999811372389]]]}"
00000000000000000510,93,38,77553.0,18428.263157894737,9889.5,5759.0,700274.0,"{""type"":""Polygon"",""coordinates"":[[[113.94999980127372,22.819998105596003],[114.01249961494779,22.819998114427392],[114.07499948848324,22.81999810874959],[114.13749938691707,22.819998119638345],[114.19999927528013,22.819998092818036],[114.26249911859477,22.819998144101156],[114.32499906323218,22.819998104447414],[114.3874988927758,22.819998118395254],[114.44999875351041,22.81999810150969],[114.44999875351041,23.320001574856914],[114.3874988927758,23.320001552104305],[114.32499906323218,23.320001539265835],[114.26249911859477,23.320001537042852],[114.19999927528013,23.32000157140066],[114.13749938691707,23.320001557388892],[114.07499948848324,23.32000155021898],[114.01249961494779,23.320001604994303],[113.94999980127372,23.32000160628465],[113.94999980127372,22.819998105596003]]]}"
00000000000000000511,94,76,151002.0,16086.144736842105,9288.166666666668,5759.0,1222547.0,"{""type"":""Polygon"",""coordinates"":[[[114.44999875351041,22.81999810150969],[114.51249861031246,22.81999808345478],[114.57499851865738,22.81999807885511],[114.63749835271804,22.819998131659872],[114.69999825847623,22.81999807129313],[114.76249811002621,22.81999811111022],[114.82499805317266,22.819998079925202],[114.8874978713726,22.81999812070291],[114.94999780081427,22.81999813156975],[114.94999780081427,23.320001580924103],[114.8874978713726,23.320001577204515],[114.82499805317266,23.320001576595207],[114.76249811002621,23.320001597757763],[114.69999825847623,23.320001582900183],[114.63749835271804,23.320001619645627],[114.57499851865738,23.32000158015382],[114.51249861031246,23.320001551370467],[114.44999875351041,23.320001574856914],[114.44999875351041,22.81999810150969]]]}"
00000000000000000512,95,168,158057.0,18832.309523809523,11538.142857142857,5761.0,3163828.0,"{""type"":""Polygon"",""coordinates"":[[[114.94999780081427,22.81999813156975],[115.01249816795351,22.81999807970652],[115.0749986654598,22.819998122089313],[115.13749907662935,22.81999814662969],[115.19999954668145,22.819998065357467],[115.26249994931185,22.819998089489953],[115.32500033907466,22.819998145594823],[115.38750077038793,22.819998075428412],[115.45000120714293,22.819998074067367],[115.45000120714293,23.32000160705866],[115.38750077038793,23.320001554612723],[115.32500033907466,23.320001596472576],[115.26249994931185,23.320001538520902],[115.19999954668145,23.320001540100247],[115.13749907662935,23.32000159112181],[115.0749986654598,23.32000156564809],[115.01249816795351,23.320001553024838],[114.94999780081427,23.320001580924103],[114.94999780081427,22.81999813156975]]]}"
00000000000000000513,96,156,261100.0,18105.53205128205,10705.42857142857,5760.0,2824463.0,"{""type"":""Polygon"",""coordinates"":[[[115.45000120714293,22.819998074067367],[115.51250107096507,22.81999809066356],[115.57500095838192,22.819998127786143],[115.63750083301515,22.81999812616284],[115.70000074871466,22.81999809528161],[115.76250057859622,22.819998075401053],[115.82500046656986,22.819998144199264],[115.887500375804,22.81999807279779],[115.95000026937656,22.81999813808688],[115.95000026937656,23.32000156584969],[115.887500375804,23.32000152932713],[115.82500046656986,23.320001562857243],[115.76250057859622,23.320001559125828],[115.70000074871464,23.320001579202817],[115.63750083301515,23.320001546782304],[115.57500095838192,23.32000159101696],[115.51250107096507,23.32000161922275],[115.45000120714293,23.32000160705866],[115.45000120714293,22.819998074067367]]]}"
00000000000000000515,98,106,301362.0,21642.009433962263,12117.928571428572,5771.0,2294053.0,"{""type"":""Polygon"",""coordinates"":[[[119.95000112518373,22.81999812700107],[120.01250100662233,22.81999813490216],[120.07500086879638,22.819998078792278],[120.13750074759342,22.819998111088935],[120.20000067846723,22.819998137731798],[120.262500520381,22.819998101184925],[120.32500039614503,22.819998134443672],[120.38750025207365,22.819998079240566],[120.45000012210248,22.819998086140213],[120.45000012210245,23.320001596759138],[120.38750025207365,23.320001571524763],[120.32500039614503,23.320001544140382],[120.262500520381,23.320001611090206],[120.20000067846723,23.32000160423843],[120.13750074759342,23.320001556088382],[120.07500086879638,23.320001606979957],[120.01250100662233,23.320001606385187],[119.95000112518373,23.32000156728944],[119.95000112518373,22.81999812700107]]]}"
00000000000000000516,99,613,1279538.0,23037.546492659054,11183.099137931034,5759.0,1.4122016E7,"{""type"":""Polygon"",""coordinates"":[[[120.45000012210248,22.819998086140213],[120.51250003971631,22.81999814154591],[120.57499995013146,22.81999808661546],[120.63749979827895,22.819998089371232],[120.69999970425633,22.819998116804623],[120.76249952447415,22.81999810978005],[120.82499937814268,22.81999811634392],[120.88749929623037,22.819998121102437],[120.94999913413275,22.819998145864627],[120.94999913413275,23.320001545565326],[120.88749929623037,23.320001571808678],[120.82499937814268,23.320001543886605],[120.76249952447415,23.32000160390211],[120.69999970425633,23.320001523909585],[120.63749979827895,23.32000158411897],[120.57499995013146,23.320001599564904],[120.51250003971631,23.3200016049105],[120.45000012210245,23.320001596759138],[120.45000012210248,22.819998086140213]]]}"
00000000000000000517,100,61,643687.0,35599.55737704918,13209.0,5765.0,2171573.0,"{""type"":""Polygon"",""coordinates"":[[[120.94999913413275,22.819998145864627],[121.01249900963806,22.81999815598723],[121.07499895241493,22.819998135190023],[121.13749881682102,22.819998104618875],[121.19999863182602,22.81999812890687],[121.26249851323058,22.819998090626036],[121.32499840160763,22.81999807255598],[121.38749832444573,22.819998138120308],[121.44999813437167,22.81999814478253],[121.44999813437167,23.32000155288784],[121.38749832444573,23.32000158940183],[121.32499840160763,23.32000156364027],[121.26249851323058,23.32000153763839],[121.19999863182602,23.320001612020643],[121.13749881682102,23.320001542533564],[121.07499895241493,23.32000152967739],[121.01249900963806,23.320001591748632],[120.94999913413275,23.320001545565326],[120.94999913413275,22.819998145864627]]]}"
00000000000000000519,102,332,347672.0,25846.798192771083,11051.961538461539,5738.0,8581137.0,"{""type"":""Polygon"",""coordinates"":[[[99.45000201518567,23.32000156876344],[99.5125018654743,23.320001537504286],[99.57500174951721,23.32000161422412],[99.63750160295518,23.320001603499808],[99.70000144757573,23.320001574399974],[99.76250139162286,23.320001590372804],[99.82500120435228,23.320001556051775],[99.88750108168577,23.32000152910751],[99.95000096556808,23.320001582908596],[99.95000096556808,23.820000536772035],[99.88750108168576,23.820000544420964],[99.82500120435228,23.820000547026943],[99.76250139162286,23.820000561325152],[99.70000144757573,23.82000053020406],[99.63750160295518,23.820000549004224],[99.57500174951723,23.820000554743164],[99.5125018654743,23.820000568613622],[99.45000201518567,23.820000606343175],[99.45000201518567,23.32000156876344]]]}"
0000000000000000051a,103,276,415370.0,22256.264492753624,11109.526315789473,4955.0,6142729.0,"{""type"":""Polygon"",""coordinates"":[[[99.95000096556808,23.320001582908596],[100.01250088437155,23.3200016054647],[100.07500069700846,23.320001585455074],[100.13750060505761,23.320001579225426],[100.20000046983237,23.32000157504144],[100.26250032462947,23.320001549945783],[100.32500020405068,23.320001570510478],[100.38750014399517,23.320001613194783],[100.45000001014012,23.32000157590612],[100.45000001014012,23.820000598058797],[100.38750014399517,23.820000585308417],[100.32500020405068,23.8200005840516],[100.26250032462946,23.820000606761464],[100.20000046983237,23.82000058756525],[100.13750060505761,23.820000550026965],[100.07500069700846,23.820000607212634],[100.01250088437155,23.820000591461856],[99.95000096556808,23.820000536772035],[99.95000096556808,23.320001582908596]]]}"
0000000000000000051b,104,102,224642.0,23938.20588235294,10265.866666666667,5739.0,2441697.0,"{""type"":""Polygon"",""coordinates"":[[[100.45000001014012,23.32000157590612],[100.5124998406031,23.32000161434698],[100.57499976065216,23.320001608760794],[100.63749963926456,23.320001546341587],[100.69999951819264,23.320001581945263],[100.76249935439841,23.320001606852838],[100.8249992780695,23.320001589992717],[100.88749907622298,23.320001613625795],[100.94999896751168,23.320001550481294],[100.94999896751168,23.820000543018008],[100.88749907622298,23.820000555065683],[100.8249992780695,23.82000056888581],[100.76249935439841,23.820000533008365],[100.69999951819264,23.820000544578086],[100.63749963926456,23.82000054550295],[100.57499976065216,23.820000555015064],[100.5124998406031,23.820000598098332],[100.45000001014012,23.820000598058797],[100.45000001014012,23.32000157590612]]]}"
0000000000000000051c,105,1,9838.0,9838.0,9838.0,9838.0,9838.0,"{""type"":""Polygon"",""coordinates"":[[[100.94999896751168,23.320001550481294],[101.01249882717767,23.320001566112428],[101.07499870389056,23.320001544771035],[101.13749864753342,23.32000154972103],[101.19999844987971,23.32000157292155],[101.26249833570857,23.320001575196457],[101.32499827178705,23.32000153565134],[101.38749813924753,23.32000152915671],[101.44999799327965,23.320001528216476],[101.44999799327965,23.8200005828333],[101.38749813924753,23.820000553179884],[101.32499827178705,23.82000052531393],[101.26249833570857,23.8200006166557],[101.19999844987971,23.82000057355321],[101.13749864753342,23.820000596260332],[101.07499870389056,23.820000545444323],[101.01249882717767,23.820000608351116],[100.94999896751168,23.820000543018008],[100.94999896751168,23.320001550481294]]]}"
0000000000000000051d,106,227,268888.0,23508.894273127753,10978.666666666666,5737.0,5336519.0,"{""type"":""Polygon"",""coordinates"":[[[101.44999799327965,23.320001528216476],[101.51249841049612,23.32000155604721],[101.57499884204753,23.320001539460847],[101.63749925963809,23.32000154615778],[101.6999997227788,23.32000154758345],[101.7625001182872,23.320001617510627],[101.8250005946132,23.320001541379145],[101.88750104047836,23.320001571528955],[101.95000143238939,23.320001595650467],[101.95000143238939,23.820000531422526],[101.88750104047836,23.820000609896347],[101.82500059461319,23.820000586387685],[101.7625001182872,23.82000057340631],[101.6999997227788,23.82000058727864],[101.63749925963809,23.820000574702476],[101.57499884204753,23.820000551593143],[101.51249841049612,23.82000054691664],[101.44999799327965,23.8200005828333],[101.44999799327965,23.320001528216476]]]}"
0000000000000000051e,107,117,269720.0,23328.82905982906,11170.625,5120.0,2729473.0,"{""type"":""Polygon"",""coordinates"":[[[101.95000143238939,23.320001595650467],[102.01250131215058,23.320001535023884],[102.07500118037697,23.320001594702546],[102.13750110367965,23.32000156553902],[102.20000097521849,23.32000160942557],[102.26250086349057,23.320001606220252],[102.32500066333235,23.320001538739874],[102.38750053252556,23.32000154752219],[102.45000045517783,23.320001607881043],[102.45000045517783,23.820000605790305],[102.38750053252556,23.82000053547749],[102.32500066333235,23.820000596230233],[102.26250086349057,23.820000545231995],[102.2000009752185,23.820000599806058],[102.13750110367965,23.82000059879405],[102.07500118037697,23.820000573367608],[102.01250131215058,23.820000540662697],[101.95000143238939,23.820000531422526],[101.95000143238939,23.320001595650467]]]}"
0000000000000000051f,108,0,,,,,0.0,"{""type"":""Polygon"",""coordinates"":[[[102.45000045517783,23.320001607881043],[102.51250032874732,23.320001612705685],[102.57500022649201,23.32000153001836],[102.63750004749501,23.32000160960801],[102.69999995447873,23.320001543952127],[102.76249984827193,23.320001582339188],[102.82499971810891,23.32000160966952],[102.88749955406026,23.320001599932105],[102.94999943487058,23.320001608781205],[102.94999943487058,23.820000559809145],[102.88749955406026,23.820000543203825],[102.82499971810891,23.82000053227513],[102.76249984827193,23.820000561095434],[102.69999995447873,23.82000056689378],[102.63750004749501,23.820000575851473],[102.57500022649201,23.82000060674492],[102.51250032874732,23.820000610618923],[102.45000045517783,23.820000605790305],[102.45000045517783,23.320001607881043]]]}"
00000000000000000520,109,0,,,,,0.0,"{""type"":""Polygon"",""coordinates"":[[[102.94999943487058,23.320001608781205],[103.01249935240315,23.320001609658682],[103.07499921140635,23.320001583239208],[103.13749909321939,23.32000158438602],[103.19999899214639,23.320001585914756],[103.26249881522786,23.32000156799136],[103.3249987344573,23.320001577087567],[103.38749857035549,23.32000160051184],[103.44999840847325,23.320001602695225],[103.44999840847325,23.820000550679847],[103.38749857035549,23.82000056892601],[103.3249987344573,23.820000549833104],[103.26249881522786,23.820000529480577],[103.19999899214639,23.82000060975893],[103.13749909321939,23.820000566786646],[103.07499921140636,23.820000598792753],[103.01249935240315,23.820000555165567],[102.94999943487058,23.820000559809145],[102.94999943487058,23.320001608781205]]]}"
00000000000000000521,110,169,168318.0,12995.23076923077,9856.8125,5739.0,2196194.0,"{""type"":""Polygon"",""coordinates"":[[[103.44999840847325,23.320001602695225],[103.51249886474936,23.320001590504006],[103.57499932114563,23.320001588851355],[103.6374997774681,23.320001569057478],[103.70000014592347,23.32000159906783],[103.76250060453198,23.32000154513876],[103.8250010670569,23.320001563693303],[103.88750144784625,23.32000154412921],[103.95000192741529,23.320001529745706],[103.95000192741529,23.820000565340955],[103.88750144784625,23.820000567564282],[103.8250010670569,23.820000555250665],[103.76250060453198,23.820000574753216],[103.70000014592347,23.820000559074682],[103.6374997774681,23.820000530051065],[103.57499932114563,23.820000533100977],[103.51249886474936,23.820000589599502],[103.44999840847325,23.820000550679847],[103.44999840847325,23.320001602695225]]]}"
00000000000000000522,111,463,191634.0,16536.753779697625,10678.142857142857,5737.0,7656517.0,"{""type"":""Polygon"",""coordinates"":[[[103.95000192741529,23.320001529745706],[104.01250180165823,23.320001554672384],[104.07500169504861,23.320001532996653],[104.13750152472561,23.320001531261397],[104.2000013857669,23.32000159957351],[104.2625012853988,23.32000152925776],[104.32500114279593,23.3200015639335],[104.38750105528894,23.320001575158866],[104.450000943384,23.320001539614196],[104.450000943384,23.820000544837335],[104.38750105528894,23.820000562038032],[104.32500114279593,23.82000059817649],[104.2625012853988,23.820000588150556],[104.2000013857669,23.82000057210697],[104.13750152472561,23.820000573305563],[104.07500169504861,23.820000534333197],[104.01250180165823,23.820000583343603],[103.95000192741529,23.820000565340955],[103.95000192741529,23.320001529745706]]]}"
00000000000000000523,112,441,127460.0,15003.333333333334,9857.42857142857,5738.0,6616470.0,"{""type"":""Polygon"",""coordinates"":[[[104.450000943384,23.320001539614196],[104.512500817009,23.32000160310649],[104.57500068678307,23.320001556058944],[104.6375005640113,23.320001543763407],[104.70000037169314,23.3200015421932],[104.76250030042463,23.320001590379082],[104.825000185528,23.320001583634806],[104.88750004089037,23.320001577557754],[104.94999988105903,23.320001538798827],[104.94999988105903,23.820000601559897],[104.88750004089037,23.820000557502084],[104.825000185528,23.820000542566618],[104.76250030042463,23.820000590615734],[104.70000037169314,23.82000055797892],[104.6375005640113,23.820000549450185],[104.57500068678307,23.820000526793812],[104.512500817009,23.820000603049433],[104.450000943384,23.820000544837335],[104.450000943384,23.320001539614196]]]}"
00000000000000000524,113,408,88837.0,13290.625,9027.0,4061.0,5422575.0,"{""type"":""Polygon"",""coordinates"":[[[104.94999988105903,23.320001538798827],[105.01249981039842,23.320001602341975],[105.07499966646854,23.320001574395373],[105.1374995548915,23.320001589449518],[105.19999940353478,23.320001533368035],[105.26249931936047,23.320001539963897],[105.3249991420986,23.3200015921308],[105.38749906929306,23.32000154858134],[105.44999894178211,23.320001568952314],[105.44999894178211,23.82000053581179],[105.38749906929306,23.820000576031532],[105.3249991420986,23.82000056109695],[105.26249931936047,23.82000059709703],[105.19999940353478,23.820000560622596],[105.1374995548915,23.82000055743424],[105.07499966646854,23.820000543012895],[105.01249981039842,23.820000543251343],[104.94999988105903,23.820000601559897],[104.94999988105903,23.320001538798827]]]}"
00000000000000000527,116,408,348636.0,19405.230392156864,11155.0,4647.0,7917334.0,"{""type"":""Polygon"",""coordinates"":[[[106.45000134194315,23.32000155502098],[106.51250122173896,23.320001557407604],[106.57500113489608,23.32000160552043],[106.63750102130584,23.320001581262687],[106.70000091124314,23.320001532920603],[106.76250074549382,23.320001606379062],[106.82500064529452,23.320001575243857],[106.88750046233555,23.320001594829918],[106.95000040889545,23.320001604412056],[106.95000040889545,23.820000602745132],[106.88750046233555,23.820000572542348],[106.82500064529452,23.820000576972642],[106.76250074549382,23.820000589687883],[106.70000091124314,23.820000543767097],[106.63750102130584,23.820000578189962],[106.57500113489608,23.820000547587185],[106.51250122173896,23.82000058047214],[106.45000134194315,23.820000619147145],[106.45000134194315,23.32000155502098]]]}"
00000000000000000528,117,389,297285.0,17051.519280205655,11117.025,5738.0,6633041.0,"{""type"":""Polygon"",""coordinates"":[[[106.95000040889545,23.320001604412056],[107.01250024745117,23.320001592781733],[107.07500010115804,23.320001596697548],[107.13750000360177,23.320001574560504],[107.19999989867381,23.320001582593168],[107.26249973064182,23.32000158893002],[107.32499962457192,23.32000154115305],[107.38749952560921,23.320001582699657],[107.44999937926345,23.320001593199226],[107.44999937926345,23.820000546350645],[107.38749952560921,23.820000528245544],[107.32499962457192,23.820000607305307],[107.26249973064182,23.820000552983736],[107.19999989867381,23.820000573729548],[107.13750000360177,23.8200005470465],[107.07500010115805,23.820000593114298],[107.01250024745117,23.820000568308583],[106.95000040889545,23.820000602745132],[106.95000040889545,23.320001604412056]]]}"
00000000000000000529,118,372,266825.0,20634.86559139785,11496.07142857143,5429.0,7676170.0,"{""type"":""Polygon"",""coordinates"":[[[107.44999937926345,23.320001593199226],[107.51249922168425,23.32000161757003],[107.57499908946542,23.3200016125778],[107.63749901963907,23.320001534725964],[107.69999886898934,23.32000153673994],[107.76249876564697,23.320001564194794],[107.82499865748639,23.320001583363172],[107.88749849272108,23.3200015604204],[107.94999840073855,23.320001527821447],[107.94999840073855,23.820000603872185],[107.88749849272108,23.820000591374196],[107.82499865748639,23.820000604567053],[107.76249876564697,23.820000611900014],[107.69999886898934,23.820000559991637],[107.63749901963907,23.82000057071418],[107.57499908946542,23.820000611579953],[107.51249922168424,23.82000061800354],[107.44999937926345,23.820000546350645],[107.44999937926345,23.320001593199226]]]}"
0000000000000000052a,119,113,318904.0,27951.840707964602,13220.125,4503.0,3158558.0,"{""type"":""Polygon"",""coordinates"":[[[107.94999840073855,23.320001527821447],[108.01249878272381,23.320001573081367],[108.07499922645421,23.320001616301532],[108.13749968162853,23.320001535146698],[108.20000009826589,23.320001557611125],[108.26250051721281,23.320001550212954],[108.32500097969988,23.320001554371892],[108.387501436792,23.320001534572956],[108.45000183986016,23.320001542694584],[108.45000183986016,23.820000598937447],[108.387501436792,23.82000054755693],[108.32500097969988,23.820000554739998],[108.26250051721281,23.820000569184828],[108.20000009826589,23.820000539396858],[108.13749968162853,23.820000599728605],[108.07499922645421,23.82000053408221],[108.01249878272381,23.820000552901192],[107.94999840073855,23.820000603872185],[107.94999840073855,23.320001527821447]]]}"
0000000000000000052b,120,121,2281551.0,52422.776859504134,8866.527777777777,4216.0,6343156.0,"{""type"":""Polygon"",""coordinates"":[[[108.45000183986016,23.320001542694584],[108.51250168769621,23.320001598076626],[108.57500156618424,23.320001587989122],[108.63750142769644,23.320001563616152],[108.70000131552,23.320001564796417],[108.76250118265287,23.3200015548177],[108.8250010730305,23.320001572986705],[108.88750094026051,23.32000158218781],[108.95000082890888,23.32000153388205],[108.95000082890888,23.820000571529153],[108.88750094026051,23.820000615776674],[108.8250010730305,23.820000540709657],[108.76250118265287,23.82000057015456],[108.70000131551998,23.820000567143992],[108.63750142769644,23.82000058044117],[108.57500156618424,23.82000055989803],[108.51250168769621,23.820000553785693],[108.45000183986016,23.820000598937447],[108.45000183986016,23.320001542694584]]]}"
0000000000000000052c,121,5,16452.0,11187.2,10694.0,5758.0,55936.0,"{""type"":""Polygon"",""coordinates"":[[[108.95000082890888,23.32000153388205],[109.01250069317662,23.320001565194335],[109.07500057824282,23.320001539761254],[109.13750043888552,23.320001594207252],[109.20000032087941,23.320001591723642],[109.26250017956323,23.32000158123795],[109.32500006128967,23.32000159990648],[109.38749992194201,23.32000160898132],[109.44999980843326,23.32000155795308],[109.44999980843326,23.82000059543165],[109.38749992194201,23.820000549274805],[109.32500006128967,23.820000550301582],[109.26250017956323,23.820000562702468],[109.20000032087941,23.82000053862016],[109.13750043888552,23.820000615986146],[109.07500057824282,23.820000572143826],[109.01250069317662,23.82000054450152],[108.95000082890888,23.820000571529153],[108.95000082890888,23.32000153388205]]]}"
0000000000000000052d,122,296,251020.0,21527.45945945946,11497.4,5738.0,6372128.0,"{""type"":""Polygon"",""coordinates"":[[[109.44999980843326,23.32000155795308],[109.51249967717493,23.320001581930892],[109.57499957562284,23.32000154276182],[109.63749946070045,23.320001575045307],[109.69999938038876,23.320001540177657],[109.76249920127421,23.320001584110134],[109.82499906265927,23.32000155600734],[109.88749892244346,23.320001589443173],[109.94999882960634,23.32000154490894],[109.94999882960634,23.820000614754896],[109.88749892244346,23.82000059866222],[109.82499906265929,23.820000606258084],[109.76249920127421,23.82000060394717],[109.69999938038876,23.820000545741014],[109.63749946070045,23.820000583369627],[109.57499957562284,23.820000571374567],[109.51249967717493,23.820000562016634],[109.44999980843326,23.82000059543165],[109.44999980843326,23.32000155795308]]]}"
0000000000000000052e,123,587,384986.0,16971.87734241908,11124.25,5738.0,9962492.0,"{""type"":""Polygon"",""coordinates"":[[[109.94999882960634,23.32000154490894],[110.01249874251052,23.32000155546279],[110.07499861973156,23.32000158009566],[110.13749851093975,23.320001565573012],[110.19999837515131,23.32000155737038],[110.26249826248451,23.32000158855489],[110.32499813237996,23.320001530493556],[110.38749794447425,23.320001601568254],[110.44999784043416,23.320001561443195],[110.44999784043416,23.82000061159222],[110.38749794447425,23.820000584443743],[110.32499813237996,23.820000541902353],[110.26249826248451,23.82000055175874],[110.19999837515131,23.820000569866785],[110.13749851093975,23.820000551868713],[110.07499861973156,23.8200005522872],[110.01249874251052,23.820000526288727],[109.94999882960634,23.820000614754896],[109.94999882960634,23.32000154490894]]]}"
0000000000000000052f,124,754,210122.0,13695.535809018567,9854.0,4880.0,1.0326434E7,"{""type"":""Polygon"",""coordinates"":[[[110.44999784043416,23.320001561443195],[110.5124982349368,23.32000156596953],[110.57499872458666,23.320001534697088],[110.63749917888184,23.320001523796257],[110.69999955841789,23.320001576900047],[110.76250000585576,23.320001539149416],[110.82500048216698,23.32000154023117],[110.88750085753803,23.320001549024877],[110.95000127517434,23.320001583015546],[110.95000127517434,23.820000541208962],[110.88750085753803,23.82000056633865],[110.82500048216698,23.820000533534166],[110.76250000585576,23.820000599408477],[110.69999955841789,23.820000535842716],[110.63749917888184,23.820000560113655],[110.57499872458666,23.820000568315486],[110.5124982349368,23.82000060404643],[110.44999784043416,23.82000061159222],[110.44999784043416,23.320001561443195]]]}"
00000000000000000530,125,1303,528094.0,15528.976976208749,9621.87106017192,3802.0,2.0234257E7,"{""type"":""Polygon"",""coordinates"":[[[110.95000127517434,23.320001583015546],[111.012501150796,23.320001587741956],[111.07500108272143,23.320001603509503],[111.13750094178911,23.320001598509602],[111.2000007809136,23.32000160176037],[111.26250065316744,23.320001555496564],[111.3250005208042,23.32000158733027],[111.38750043719087,23.3200015525575],[111.45000027388987,23.320001591249994],[111.45000027388987,23.820000556257177],[111.38750043719087,23.82000057392536],[111.3250005208042,23.820000576468527],[111.26250065316742,23.820000596953737],[111.2000007809136,23.820000608206726],[111.13750094178911,23.820000569671397],[111.07500108272143,23.820000539944907],[111.012501150796,23.820000577339727],[110.95000127517434,23.820000541208962],[110.95000127517434,23.320001583015546]]]}"
00000000000000000531,126,1202,238516.0,15216.834442595675,8610.4802259887,3510.0,1.8290635E7,"{""type"":""Polygon"",""coordinates"":[[[111.45000027388987,23.320001591249994],[111.51250017551725,23.320001545332016],[111.57500001390144,23.320001554423616],[111.63749993392162,23.320001546146123],[111.69999980765746,23.320001573371776],[111.76249968925852,23.32000157632615],[111.82499954201671,23.32000159436137],[111.8874994203104,23.320001567187933],[111.94999928765343,23.32000153367299],[111.94999928765343,23.82000055791608],[111.8874994203104,23.820000608560914],[111.82499954201671,23.820000558236703],[111.76249968925852,23.82000054096634],[111.69999980765746,23.820000531820483],[111.63749993392162,23.820000578331673],[111.57500001390144,23.820000568783687],[111.51250017551725,23.820000536945066],[111.45000027388987,23.820000556257177],[111.45000027388987,23.320001591249994]]]}"
00000000000000000532,127,1481,660776.0,17019.10128291695,9440.520879120879,5449.0,2.5205289E7,"{""type"":""Polygon"",""coordinates"":[[[111.94999928765343,23.32000153367299],[112.0124991986357,23.320001605176024],[112.07499902601046,23.320001575162742],[112.13749891553334,23.320001541122423],[112.19999883111501,23.32000154086954],[112.26249864580134,23.32000153955909],[112.32499859656178,23.32000153403561],[112.3874984656561,23.320001588518277],[112.44999830829926,23.32000155457041],[112.44999830829926,23.820000555567162],[112.38749846565608,23.82000053137031],[112.3249985965618,23.820000575759344],[112.26249864580134,23.820000580408465],[112.19999883111501,23.82000056723859],[112.13749891553334,23.820000540783408],[112.07499902601046,23.820000536325594],[112.0124991986357,23.82000060278978],[111.94999928765343,23.82000055791608],[111.94999928765343,23.32000153367299]]]}"
00000000000000000533,128,489,416029.0,22901.200408997956,11004.764705882353,5480.0,1.1198687E7,"{""type"":""Polygon"",""coordinates"":[[[112.44999830829926,23.32000155457041],[112.51249872542826,23.320001544829204],[112.57499913573395,23.320001591486086],[112.63749959462092,23.320001545309204],[112.70000006661674,23.3200015280705],[112.76250042539426,23.320001589322665],[112.82500090837965,23.32000155146813],[112.88750129843872,23.320001563262927],[112.95000174215942,23.320001546146887],[112.95000174215942,23.820000539845864],[112.88750129843874,23.820000562576812],[112.82500090837965,23.82000053494037],[112.76250042539426,23.820000536633543],[112.70000006661674,23.820000590690324],[112.63749959462092,23.82000053315599],[112.57499913573395,23.82000057216364],[112.51249872542826,23.820000586807],[112.44999830829926,23.820000555567162],[112.44999830829926,23.32000155457041]]]}"
00000000000000000534,129,7,19710.0,12213.57142857143,10858.0,5739.0,85495.0,"{""type"":""Polygon"",""coordinates"":[[[112.95000174215942,23.320001546146887],[113.01250165895985,23.320001533392528],[113.07500155915373,23.320001561471262],[113.13750140764363,23.32000157905587],[113.20000126025225,23.32000160610609],[113.26250117281332,23.32000157666223],[113.32500101945124,23.320001538471956],[113.3875008560576,23.320001596130002],[113.45000073852206,23.320001597395294],[113.45000073852206,23.820000546610686],[113.3875008560576,23.820000578852447],[113.32500101945124,23.820000612092944],[113.2625011728133,23.820000543109007],[113.20000126025225,23.820000610188277],[113.13750140764363,23.820000595203673],[113.07500155915373,23.820000565039415],[113.01250165895985,23.820000586298207],[112.95000174215942,23.820000539845864],[112.95000174215942,23.320001546146887]]]}"
00000000000000000535,130,13,13146.0,8215.076923076924,8214.0,5750.0,106796.0,"{""type"":""Polygon"",""coordinates"":[[[113.45000073852206,23.320001597395294],[113.51250063189647,23.32000157506074],[113.57500050125826,23.32000156169432],[113.63750040251857,23.320001575190457],[113.70000030076775,23.320001562213932],[113.76250016111256,23.320001554619417],[113.82500003945233,23.32000156946398],[113.88749990088554,23.32000155278588],[113.94999980127372,23.32000160628465],[113.94999980127372,23.82000054341463],[113.88749990088554,23.820000607300493],[113.82500003945233,23.82000053601171],[113.76250016111256,23.82000056972417],[113.70000030076775,23.820000592732953],[113.63750040251857,23.820000588981067],[113.57500050125826,23.820000612709123],[113.51250063189647,23.820000547320674],[113.45000073852206,23.820000546610686],[113.45000073852206,23.320001597395294]]]}"
00000000000000000536,131,4,7404.0,7190.75,7389.0,6581.0,28763.0,"{""type"":""Polygon"",""coordinates"":[[[113.94999980127372,23.32000160628465],[114.01249961494779,23.320001604994303],[114.07499948848324,23.32000155021898],[114.13749938691707,23.320001557388892],[114.19999927528013,23.32000157140066],[114.26249911859477,23.320001537042852],[114.32499906323218,23.320001539265835],[114.3874988927758,23.320001552104305],[114.44999875351041,23.320001574856914],[114.44999875351041,23.820000598335877],[114.3874988927758,23.8200005776381],[114.32499906323218,23.820000524871883],[114.26249911859477,23.820000612036825],[114.19999927528013,23.82000061038536],[114.13749938691707,23.82000060634069],[114.07499948848324,23.820000570824476],[114.01249961494779,23.820000559663786],[113.94999980127372,23.82000054341463],[113.94999980127372,23.32000160628465]]]}"
00000000000000000537,132,72,186170.0,20395.597222222223,11080.083333333332,5738.0,1468483.0,"{""type"":""Polygon"",""coordinates"":[[[114.44999875351041,23.320001574856914],[114.51249861031246,23.320001551370467],[114.57499851865738,23.32000158015382],[114.63749835271804,23.320001619645627],[114.69999825847623,23.320001582900183],[114.76249811002621,23.320001597757763],[114.82499805317266,23.320001576595207],[114.8874978713726,23.320001577204515],[114.94999780081427,23.320001580924103],[114.94999780081427,23.82000058435425],[114.8874978713726,23.820000611027496],[114.82499805317266,23.82000059137674],[114.76249811002621,23.82000054560682],[114.69999825847623,23.820000585837803],[114.63749835271804,23.820000546600305],[114.57499851865738,23.820000555159268],[114.51249861031246,23.820000614974756],[114.44999875351041,23.820000598335877],[114.44999875351041,23.320001574856914]]]}"
00000000000000000538,133,119,179522.0,17481.67226890756,11484.0,5737.0,2080319.0,"{""type"":""Polygon"",""coordinates"":[[[114.94999780081427,23.320001580924103],[115.01249816795351,23.320001553024838],[115.0749986654598,23.32000156564809],[115.13749907662935,23.32000159112181],[115.19999954668145,23.320001540100247],[115.26249994931185,23.320001538520902],[115.32500033907466,23.320001596472576],[115.38750077038793,23.320001554612723],[115.45000120714293,23.32000160705866],[115.45000120714293,23.82000059207599],[115.38750077038793,23.820000574905368],[115.32500033907466,23.820000595402604],[115.26249994931185,23.820000544892547],[115.19999954668145,23.82000058377521],[115.13749907662935,23.82000053392037],[115.0749986654598,23.820000608405685],[115.01249816795351,23.820000559481745],[114.94999780081427,23.82000058435425],[114.94999780081427,23.320001580924103]]]}"
00000000000000000539,134,126,125664.0,20444.24603174603,12735.75,5747.0,2575975.0,"{""type"":""Polygon"",""coordinates"":[[[115.45000120714293,23.32000160705866],[115.51250107096507,23.32000161922275],[115.57500095838192,23.32000159101696],[115.63750083301515,23.320001546782304],[115.70000074871464,23.320001579202817],[115.76250057859622,23.320001559125828],[115.82500046656986,23.320001562857243],[115.887500375804,23.32000152932713],[115.95000026937656,23.32000156584969],[115.95000026937656,23.82000057846659],[115.887500375804,23.82000055636707],[115.82500046656986,23.820000540101166],[115.76250057859622,23.82000059180081],[115.70000074871464,23.820000604860503],[115.63750083301515,23.820000588708297],[115.57500095838192,23.820000588674112],[115.51250107096507,23.82000059760761],[115.45000120714293,23.82000059207599],[115.45000120714293,23.32000160705866]]]}"
0000000000000000053a,135,242,2035005.0,26141.793388429753,10726.341772151898,2520.0,6326314.0,"{""type"":""Polygon"",""coordinates"":[[[115.95000026937656,23.32000156584969],[116.01250011027291,23.320001610971133],[116.07499995156216,23.320001587098496],[116.13749984612735,23.32000158467312],[116.1999997565261,23.320001541520025],[116.26249964521116,23.320001563533804],[116.32499947452831,23.320001588158412],[116.38749938684246,23.320001604274335],[116.44999925409569,23.320001565083984],[116.44999925409569,23.820000557845493],[116.38749938684246,23.820000571705005],[116.32499947452831,23.820000542310403],[116.26249964521116,23.820000601116565],[116.1999997565261,23.82000059266097],[116.13749984612735,23.820000580285136],[116.07499995156216,23.820000543103237],[116.01250011027291,23.820000544168952],[115.95000026937656,23.82000057846659],[115.95000026937656,23.32000156584969]]]}"
0000000000000000053b,136,473,189476.0,16832.87315010571,10660.2,5737.0,7961949.0,"{""type"":""Polygon"",""coordinates"":[[[116.44999925409569,23.320001565083984],[116.51249912824201,23.320001559117706],[116.57499897102883,23.320001606837618],[116.63749883404937,23.32000154430083],[116.69999876867364,23.320001542871047],[116.76249864621,23.32000155476693],[116.82499851772049,23.320001583019874],[116.8874983441674,23.320001563086066],[116.94999826605553,23.320001564577527],[116.94999826605553,23.82000056021525],[116.8874983441674,23.820000559622873],[116.82499851772049,23.82000058371757],[116.76249864621,23.82000056441813],[116.69999876867364,23.82000056716646],[116.63749883404937,23.820000590140996],[116.57499897102883,23.820000597873157],[116.51249912824201,23.820000588017855],[116.44999925409569,23.820000557845493],[116.44999925409569,23.320001565083984]]]}"
0000000000000000053c,137,0,,,,,0.0,"{""type"":""Polygon"",""coordinates"":[[[119.95000112518373,23.32000156728944],[120.01250100662233,23.320001606385187],[120.07500086879638,23.320001606979957],[120.13750074759342,23.320001556088382],[120.20000067846723,23.32000160423843],[120.262500520381,23.320001611090206],[120.32500039614503,23.320001544140382],[120.38750025207365,23.320001571524763],[120.45000012210245,23.320001596759138],[120.45000012210245,23.820000587257006],[120.38750025207365,23.820000591189373],[120.32500039614503,23.82000061343619],[120.262500520381,23.8200005881661],[120.20000067846723,23.82000059390603],[120.13750074759342,23.820000583074332],[120.07500086879638,23.820000614793333],[120.01250100662233,23.820000539928184],[119.95000112518373,23.82000061889605],[119.95000112518373,23.32000156728944]]]}"
0000000000000000053d,138,266,78053.0,13132.567669172933,9033.423076923076,5738.0,3493263.0,"{""type"":""Polygon"",""coordinates"":[[[120.45000012210245,23.320001596759138],[120.51250003971631,23.3200016049105],[120.57499995013146,23.320001599564904],[120.63749979827895,23.32000158411897],[120.69999970425633,23.320001523909585],[120.76249952447415,23.32000160390211],[120.82499937814268,23.320001543886605],[120.88749929623037,23.320001571808678],[120.94999913413275,23.320001545565326],[120.94999913413275,23.820000555876735],[120.88749929623037,23.820000576281817],[120.82499937814268,23.820000552750717],[120.76249952447415,23.82000054658029],[120.69999970425633,23.8200005760703],[120.63749979827895,23.8200005967499],[120.57499995013146,23.82000058767808],[120.51250003971631,23.8200005852686],[120.45000012210245,23.820000587257006],[120.45000012210245,23.320001596759138]]]}"
0000000000000000053e,139,40,135279.0,14485.05,9035.0,5739.0,579402.0,"{""type"":""Polygon"",""coordinates"":[[[120.94999913413275,23.320001545565326],[121.01249900963806,23.320001591748632],[121.07499895241493,23.32000152967739],[121.13749881682102,23.320001542533564],[121.19999863182602,23.320001612020643],[121.26249851323058,23.32000153763839],[121.32499840160763,23.32000156364027],[121.38749832444573,23.32000158940183],[121.44999813437167,23.32000155288784],[121.44999813437167,23.820000559775067],[121.38749832444573,23.820000559700844],[121.32499840160763,23.820000578068978],[121.26249851323058,23.82000059655743],[121.19999863182602,23.82000055460921],[121.13749881682102,23.820000534358805],[121.07499895241493,23.820000575476662],[121.01249900963809,23.82000061629705],[120.94999913413275,23.820000555876735],[120.94999913413275,23.320001545565326]]]}"
0000000000000000025c,834,20,26419.0,10870.9,8163.5,5421.0,217418.0,"{""type"":""Polygon"",""coordinates"":[[[107.94999840073855,29.82000191776823],[108.01249878272381,29.820001985705115],[108.07499922645421,29.82000197666921],[108.13749968162853,29.82000193601867],[108.20000009826589,29.820001994196655],[108.26250051721281,29.8200019274307],[108.32500097969988,29.82000193800511],[108.387501436792,29.820001984962715],[108.45000183986016,29.82000194202919],[108.45000183986016,30.3200009296362],[108.387501436792,30.320000963613882],[108.3250009796999,30.320000948811977],[108.26250051721281,30.320000926601487],[108.20000009826589,30.32000093823479],[108.13749968162853,30.320000952764286],[108.07499922645422,30.32000093884159],[108.01249878272381,30.320000936941497],[107.94999840073855,30.32000098742222],[107.94999840073855,29.82000191776823]]]}"
0000000000000000025d,835,25,136481.0,16196.32,8554.0,5423.0,404908.0,"{""type"":""Polygon"",""coordinates"":[[[108.45000183986016,29.82000194202919],[108.51250168769621,29.820002003854466],[108.57500156618424,29.82000195271156],[108.63750142769644,29.820002002279566],[108.70000131551998,29.82000192705645],[108.76250118265287,29.820001940141616],[108.8250010730305,29.82000198570872],[108.88750094026051,29.82000193594386],[108.95000082890888,29.82000198968047],[108.95000082890888,30.32000100745468],[108.88750094026051,30.3200009791205],[108.8250010730305,30.320001005075817],[108.76250118265287,30.320000972632748],[108.70000131552,30.320001009670566],[108.63750142769644,30.320001002856586],[108.57500156618424,30.320000994802772],[108.51250168769621,30.32000095634386],[108.45000183986016,30.3200009296362],[108.45000183986016,29.82000194202919]]]}"
0000000000000000025e,836,119,58171.0,12591.680672268907,7764.2,5422.0,1498410.0,"{""type"":""Polygon"",""coordinates"":[[[108.95000082890888,29.82000198968047],[109.01250069317662,29.820001933618634],[109.07500057824282,29.820001965904744],[109.13750043888552,29.820001957829863],[109.20000032087941,29.82000193690105],[109.26250017956323,29.820001943897207],[109.32500006128967,29.82000200565425],[109.38749992194201,29.82000199262541],[109.44999980843326,29.820001931104763],[109.44999980843326,30.320000952971448],[109.38749992194201,30.320000943148788],[109.32500006128967,30.32000100057572],[109.26250017956323,30.32000093061882],[109.20000032087941,30.320000947476778],[109.13750043888552,30.320000940477048],[109.07500057824282,30.320000954141136],[109.01250069317662,30.320000961781393],[108.95000082890888,30.32000100745468],[108.95000082890888,29.82000198968047]]]}"
0000000000000000025f,837,105,106343.0,12389.533333333333,8542.42857142857,5424.0,1300901.0,"{""type"":""Polygon"",""coordinates"":[[[109.44999980843326,29.820001931104763],[109.51249967717493,29.820001945686613],[109.57499957562284,29.820001977112618],[109.63749946070045,29.82000197977957],[109.69999938038876,29.820001978693245],[109.76249920127421,29.820001941861342],[109.82499906265929,29.82000196441567],[109.88749892244346,29.82000199974622],[109.94999882960636,29.82000198688654],[109.94999882960634,30.320000930123328],[109.88749892244346,30.320000983945285],[109.82499906265927,30.320000931267973],[109.76249920127421,30.320001002410653],[109.69999938038876,30.320000991059896],[109.63749946070045,30.320000972201374],[109.57499957562285,30.320000978078777],[109.51249967717493,30.320000984521368],[109.44999980843326,30.320000952971448],[109.44999980843326,29.820001931104763]]]}"
00000000000000000260,838,10,55924.0,13271.5,8920.5,6199.0,132715.0,"{""type"":""Polygon"",""coordinates"":[[[109.94999882960636,29.82000198688654],[110.01249874251052,29.82000196347435],[110.07499861973156,29.820001966928672],[110.13749851093975,29.820001935464546],[110.19999837515131,29.82000199056448],[110.26249826248451,29.82000198523961],[110.32499813237996,29.820001955867372],[110.38749794447425,29.82000193860388],[110.44999784043416,29.82000194012994],[110.44999784043416,30.320000993242875],[110.38749794447425,30.320000932296928],[110.32499813237996,30.320000994902735],[110.26249826248451,30.320000922675508],[110.19999837515131,30.320000932876532],[110.13749851093976,30.320000989905463],[110.07499861973156,30.320000988085624],[110.01249874251052,30.320000975505437],[109.94999882960634,30.320000930123328],[109.94999882960636,29.82000198688654]]]}"
00000000000000000261,839,0,,,,,0.0,"{""type"":""Polygon"",""coordinates"":[[[110.44999784043416,29.82000194012994],[110.5124982349368,29.820002006944677],[110.57499872458666,29.820001978993904],[110.63749917888184,29.82000199043214],[110.69999955841789,29.82000199167464],[110.76250000585576,29.820001987629936],[110.82500048216698,29.820001928083713],[110.88750085753803,29.8200019463189],[110.95000127517434,29.82000196181836],[110.95000127517434,30.320000971268225],[110.88750085753803,30.320001007570905],[110.82500048216698,30.320000972463923],[110.76250000585576,30.32000094711608],[110.69999955841789,30.320000967238467],[110.63749917888184,30.32000099941479],[110.57499872458666,30.32000095560852],[110.5124982349368,30.32000096991656],[110.44999784043416,30.320000993242875],[110.44999784043416,29.82000194012994]]]}"
00000000000000000262,840,2,10878.0,8158.5,8158.5,5439.0,16317.0,"{""type"":""Polygon"",""coordinates"":[[[110.95000127517434,29.82000196181836],[111.012501150796,29.820001929847884],[111.07500108272143,29.820001947245288],[111.13750094178911,29.820001977731327],[111.2000007809136,29.820001954648482],[111.26250065316742,29.82000197937551],[111.3250005208042,29.820001999772416],[111.38750043719087,29.820001948196083],[111.45000027388987,29.820001955736174],[111.45000027388987,30.32000095069781],[111.38750043719087,30.32000097873702],[111.3250005208042,30.32000099193554],[111.26250065316742,30.32000094389168],[111.2000007809136,30.320000986743448],[111.13750094178911,30.32000092133729],[111.07500108272143,30.320000983155108],[111.012501150796,30.32000098763813],[110.95000127517434,30.320000971268225],[110.95000127517434,29.82000196181836]]]}"
00000000000000000263,841,2,12409.0,11633.0,11633.0,10857.0,23266.0,"{""type"":""Polygon"",""coordinates"":[[[111.45000027388987,29.820001955736174],[111.51250017551725,29.820001938770687],[111.57500001390144,29.820001943771206],[111.63749993392162,29.820001970468606],[111.69999980765746,29.82000198081278],[111.76249968925852,29.820001989469905],[111.82499954201671,29.820001942432892],[111.8874994203104,29.82000193767124],[111.94999928765343,29.82000200453006],[111.94999928765343,30.320000986151854],[111.8874994203104,30.32000098504558],[111.82499954201671,30.320000975916003],[111.76249968925852,30.320000930086046],[111.69999980765746,30.320001001852994],[111.63749993392162,30.32000099459569],[111.57500001390144,30.320000978233335],[111.51250017551725,30.320000991098983],[111.45000027388987,30.32000095069781],[111.45000027388987,29.820001955736174]]]}"
00000000000000000264,842,0,,,,,0.0,"{""type"":""Polygon"",""coordinates"":[[[111.94999928765343,29.82000200453006],[112.0124991986357,29.820001988479458],[112.07499902601046,29.82000193431853],[112.13749891553334,29.82000200659188],[112.19999883111501,29.820001981980425],[112.26249864580134,29.820001988450194],[112.3249985965618,29.820001921850842],[112.38749846565608,29.820001925598337],[112.44999830829926,29.820001927107672],[112.44999830829926,30.320000950562548],[112.38749846565608,30.320000923554613],[112.32499859656178,30.320000976174917],[112.26249864580134,30.320000931226218],[112.19999883111501,30.32000097993206],[112.13749891553334,30.320000976906027],[112.07499902601046,30.320000962123608],[112.0124991986357,30.32000099165354],[111.94999928765343,30.320000986151854],[111.94999928765343,29.82000200453006]]]}"
00000000000000000265,843,0,,,,,0.0,"{""type"":""Polygon"",""coordinates"":[[[112.44999830829926,29.820001927107672],[112.51249872542826,29.82000200695142],[112.57499913573395,29.820001953965882],[112.63749959462092,29.82000194563281],[112.70000006661674,29.820001924379785],[112.76250042539426,29.82000193254596],[112.82500090837965,29.820001946399362],[112.88750129843874,29.820001940639358],[112.95000174215942,29.820001990812322],[112.95000174215942,30.320000973256345],[112.88750129843872,30.32000093960478],[112.82500090837965,30.32000095386026],[112.76250042539426,30.320000941864436],[112.70000006661674,30.320000929051417],[112.63749959462092,30.320000940408416],[112.57499913573395,30.320000934188066],[112.51249872542826,30.320000968424445],[112.44999830829926,30.320000950562548],[112.44999830829926,29.820001927107672]]]}"
00000000000000000266,844,0,,,,,0.0,"{""type"":""Polygon"",""coordinates"":[[[112.95000174215942,29.820001990812322],[113.01250165895985,29.82000197106259],[113.07500155915373,29.820001973597062],[113.13750140764363,29.820001939243145],[113.20000126025225,29.820001958696913],[113.2625011728133,29.820001955367815],[113.32500101945124,29.82000196949143],[113.3875008560576,29.820002007362415],[113.45000073852206,29.820001991548125],[113.45000073852206,30.32000098384108],[113.3875008560576,30.3200009377803],[113.32500101945124,30.320000990265367],[113.26250117281332,30.320000970289026],[113.20000126025225,30.32000095552375],[113.13750140764363,30.320000989465928],[113.07500155915373,30.320000983106855],[113.01250165895985,30.320000930085552],[112.95000174215942,30.320000973256345],[112.95000174215942,29.820001990812322]]]}"
00000000000000000267,845,2,7003.0,6995.0,6995.0,6987.0,13990.0,"{""type"":""Polygon"",""coordinates"":[[[113.45000073852206,29.820001991548125],[113.51250063189647,29.820001944608723],[113.57500050125826,29.820001972111477],[113.63750040251857,29.820001995703016],[113.70000030076775,29.820001953901617],[113.76250016111256,29.820001951421204],[113.82500003945235,29.820001992203593],[113.88749990088554,29.82000193088641],[113.94999980127372,29.820001937019413],[113.94999980127372,30.320000993226863],[113.88749990088554,30.32000098248063],[113.82500003945233,30.320000935691947],[113.76250016111256,30.320000933376793],[113.70000030076775,30.320000955458344],[113.63750040251857,30.320000998943765],[113.57500050125826,30.320000960185975],[113.51250063189646,30.32000098412532],[113.45000073852206,30.32000098384108],[113.45000073852206,29.820001991548125]]]}"
00000000000000000268,846,2,7746.0,6584.0,6584.0,5422.0,13168.0,"{""type"":""Polygon"",""coordinates"":[[[113.94999980127372,29.820001937019413],[114.01249961494779,29.820001965225376],[114.07499948848324,29.820002000752638],[114.13749938691707,29.820001980301214],[114.19999927528013,29.820001923416903],[114.26249911859477,29.820001932354728],[114.32499906323218,29.82000199073771],[114.3874988927758,29.820001986719344],[114.44999875351041,29.82000198628397],[114.44999875351041,30.32000099569801],[114.3874988927758,30.32000093526636],[114.32499906323218,30.320000934023046],[114.26249911859477,30.320001010152076],[114.19999927528013,30.320000944786855],[114.13749938691707,30.32000100340532],[114.07499948848324,30.320001002171423],[114.01249961494779,30.320001005084514],[113.94999980127372,30.320000993226863],[113.94999980127372,29.820001937019413]]]}"
00000000000000000269,847,1,6995.0,6995.0,6995.0,6995.0,6995.0,"{""type"":""Polygon"",""coordinates"":[[[114.44999875351041,29.82000198628397],[114.51249861031246,29.82000200750887],[114.57499851865737,29.82000196755015],[114.63749835271804,29.820001984659324],[114.69999825847623,29.820001957504072],[114.76249811002621,29.820002003762013],[114.82499805317266,29.82000193865253],[114.8874978713726,29.820001980152917],[114.94999780081427,29.820001924760636],[114.94999780081427,30.32000092947008],[114.8874978713726,30.320001004440506],[114.82499805317266,30.320000948917404],[114.76249811002621,30.32000096716618],[114.69999825847623,30.320001007138693],[114.63749835271804,30.320001006890827],[114.57499851865737,30.32000093207761],[114.51249861031246,30.320000967436865],[114.44999875351041,30.32000099569801],[114.44999875351041,29.82000198628397]]]}"
0000000000000000026a,848,1,5437.0,5437.0,5437.0,5437.0,5437.0,"{""type"":""Polygon"",""coordinates"":[[[114.94999780081427,29.820001924760636],[115.01249816795351,29.82000196321309],[115.0749986654598,29.820001917285342],[115.13749907662935,29.82000192133674],[115.19999954668145,29.820001953782537],[115.26249994931185,29.820001965160387],[115.32500033907466,29.820001951626892],[115.38750077038793,29.8200019913514],[115.45000120714293,29.82000193328932],[115.45000120714293,30.320000935316372],[115.38750077038793,30.32000098564965],[115.32500033907466,30.320000980083062],[115.26249994931185,30.320000987763954],[115.19999954668145,30.32000093179503],[115.13749907662935,30.320000981534243],[115.0749986654598,30.3200009400568],[115.01249816795351,30.320000994671535],[114.94999780081427,30.32000092947008],[114.94999780081427,29.820001924760636]]]}"
0000000000000000026b,849,2,10856.0,8140.5,8140.5,5425.0,16281.0,"{""type"":""Polygon"",""coordinates"":[[[115.45000120714293,29.82000193328932],[115.51250107096507,29.82000198517566],[115.57500095838192,29.8200019483413],[115.63750083301515,29.820002000540462],[115.70000074871464,29.820001971133696],[115.76250057859622,29.820001973684317],[115.82500046656986,29.82000198282282],[115.887500375804,29.8200019281463],[115.95000026937656,29.82000198567233],[115.95000026937656,30.320000969166497],[115.887500375804,30.32000093145927],[115.82500046656986,30.3200009578708],[115.76250057859622,30.320000955740387],[115.70000074871464,30.32000099607837],[115.63750083301515,30.320000941447695],[115.57500095838192,30.320001007365917],[115.51250107096507,30.320000954674093],[115.45000120714293,30.320000935316372],[115.45000120714293,29.82000193328932]]]}"
0000000000000000026c,850,0,,,,,0.0,"{""type"":""Polygon"",""coordinates"":[[[115.95000026937656,29.82000198567233],[116.01250011027291,29.820002002358066],[116.07499995156216,29.820001970364746],[116.13749984612735,29.820001963521864],[116.1999997565261,29.820001992193834],[116.26249964521116,29.82000198448464],[116.32499947452831,29.820001950388626],[116.38749938684246,29.820001943086613],[116.44999925409569,29.82000199106556],[116.44999925409569,30.320000954066476],[116.38749938684246,30.320000931583344],[116.32499947452831,30.320000990957467],[116.26249964521116,30.320000940914742],[116.1999997565261,30.320000974996617],[116.13749984612735,30.320001002389706],[116.07499995156216,30.32000093193372],[116.01250011027291,30.320000999577815],[115.95000026937656,30.320000969166497],[115.95000026937656,29.82000198567233]]]}"
0000000000000000026d,851,50,83904.0,16467.72,9322.5,5437.0,823386.0,"{""type"":""Polygon"",""coordinates"":[[[116.44999925409569,29.82000199106556],[116.51249912824201,29.82000192020459],[116.57499897102883,29.820001985033333],[116.63749883404937,29.820001928915218],[116.69999876867364,29.82000198608621],[116.76249864621,29.820001938383047],[116.82499851772049,29.820001937551716],[116.8874983441674,29.82000199087739],[116.94999826605553,29.820001984306117],[116.94999826605553,30.320000933852388],[116.8874983441674,30.32000095097096],[116.82499851772049,30.320000926957018],[116.76249864621,30.32000097688518],[116.69999876867364,30.320000931297635],[116.63749883404937,30.32000096621145],[116.57499897102883,30.320000973434336],[116.51249912824201,30.320000965386004],[116.44999925409569,30.320000954066476],[116.44999925409569,29.82000199106556]]]}"
0000000000000000026e,852,165,791234.0,36017.030303030304,9709.44,5423.0,5942810.0,"{""type"":""Polygon"",""coordinates"":[[[116.94999826605553,29.820001984306117],[117.01249869297735,29.820001989050226],[117.07499913599196,29.820001946358765],[117.1374995553392,29.82000194403338],[117.20000000084326,29.82000196805535],[117.26250043236597,29.820001942388416],[117.32500080961704,29.820001953930376],[117.38750127144553,29.82000196767252],[117.45000168746127,29.820001926804874],[117.45000168746127,30.32000093136519],[117.38750127144553,30.32000095079317],[117.32500080961704,30.32000100798232],[117.26250043236597,30.320000916464615],[117.20000000084326,30.320000956272686],[117.1374995553392,30.32000096046416],[117.07499913599196,30.320000924346836],[117.01249869297735,30.320000944346507],[116.94999826605553,30.320000933852388],[116.94999826605553,29.820001984306117]]]}"
0000000000000000026f,853,74,31811.0,10917.54054054054,10092.666666666666,5420.0,807898.0,"{""type"":""Polygon"",""coordinates"":[[[117.45000168746127,29.820001926804874],[117.51250156887173,29.820001936558732],[117.57500141246646,29.820001962314198],[117.6375013560503,29.82000196751733],[117.70000117902012,29.820001996108456],[117.76250110819338,29.820001990586587],[117.82500092265155,29.820001994500572],[117.88750084859045,29.820001949489793],[117.9500006647658,29.820001979919503],[117.9500006647658,30.32000094844898],[117.88750084859045,30.320000926269298],[117.82500092265155,30.320000982236852],[117.76250110819338,30.32000099277261],[117.70000117902012,30.320000936717765],[117.6375013560503,30.320000933104144],[117.57500141246646,30.32000095994005],[117.51250156887173,30.320000973793686],[117.45000168746127,30.32000093136519],[117.45000168746127,29.820001926804874]]]}"
00000000000000000270,854,167,151177.0,19993.389221556885,10861.5,4588.0,3338896.0,"{""type"":""Polygon"",""coordinates"":[[[117.9500006647658,29.820001979919503],[118.01250059673546,29.820001945303847],[118.07500042291933,29.820001969557797],[118.13750027893767,29.82000201311579],[118.20000021071498,29.820001975390596],[118.26250008541567,29.820001959002113],[118.32499994851155,29.82000194391961],[118.38749984514642,29.820001990695896],[118.44999973101154,29.820001937334325],[118.44999973101154,30.320000969355306],[118.38749984514642,30.320000967018487],[118.32499994851155,30.32000093980097],[118.26250008541567,30.320000969393384],[118.20000021071498,30.32000099665098],[118.13750027893767,30.32000096190069],[118.07500042291933,30.32000100601352],[118.01250059673546,30.320000987928232],[117.9500006647658,30.32000094844898],[117.9500006647658,29.820001979919503]]]}"
00000000000000000271,855,182,1079284.0,26384.527472527472,11667.166666666666,5420.0,4801984.0,"{""type"":""Polygon"",""coordinates"":[[[118.44999973101154,29.820001937334325],[118.51249956159539,29.82000194556025],[118.57499947028623,29.820001973004224],[118.63749932293841,29.82000195877468],[118.69999916329995,29.82000196169317],[118.76249903476817,29.820001959266214],[118.82499898038535,29.820001928605947],[118.88749886507792,29.82000196947044],[118.94999873137841,29.820001977671716],[118.94999873137841,30.320000953921994],[118.88749886507792,30.3200009755201],[118.82499898038535,30.320000950175537],[118.76249903476817,30.320000982939664],[118.69999916329995,30.320000975043733],[118.63749932293841,30.320000950514157],[118.57499947028623,30.320000932981287],[118.51249956159539,30.320000945678366],[118.44999973101154,30.320000969355306],[118.44999973101154,29.820001937334325]]]}"
00000000000000000272,856,98,52700.0,11804.65306122449,9321.0,5421.0,1156856.0,"{""type"":""Polygon"",""coordinates"":[[[118.94999873137841,29.820001977671716],[119.01249915429268,29.820001963249947],[119.07499955357449,29.820001969436916],[119.13749997075175,29.820001971703505],[119.20000044697548,29.82000194513148],[119.26250084569612,29.820001987809096],[119.32500129614436,29.820001972244093],[119.38750174984433,29.82000197448196],[119.45000215807949,29.820001989803064],[119.45000215807949,30.32000094374557],[119.38750174984433,30.320000954957916],[119.32500129614436,30.3200009560041],[119.26250084569612,30.320000952533064],[119.20000044697548,30.32000094999154],[119.13749997075175,30.32000099673454],[119.07499955357449,30.320000995661157],[119.01249915429268,30.320000972833267],[118.94999873137841,30.320000953921994],[118.94999873137841,29.820001977671716]]]}"
00000000000000000273,857,36,23265.0,8122.305555555556,6221.0,5421.0,292403.0,"{""type"":""Polygon"",""coordinates"":[[[119.45000215807949,29.820001989803064],[119.51250202934987,29.820001960566774],[119.57500193431869,29.820001972000863],[119.63750182330921,29.820001938077436],[119.70000164639437,29.820001933298048],[119.7625015301001,29.82000198823747],[119.82500142375648,29.820001935767664],[119.88750127643594,29.82000192962144],[119.95000112518373,29.820001940805994],[119.95000112518373,30.320001001505446],[119.88750127643594,30.320001002626668],[119.82500142375648,30.32000098855075],[119.7625015301001,30.32000098942217],[119.70000164639437,30.32000093300951],[119.63750182330921,30.320000986928086],[119.57500193431872,30.320000962159796],[119.51250202934987,30.320000945556576],[119.45000215807949,30.32000094374557],[119.45000215807949,29.820001989803064]]]}"
00000000000000000274,858,13,11653.0,7646.0,6986.0,5433.0,99398.0,"{""type"":""Polygon"",""coordinates"":[[[119.95000112518373,29.820001940805994],[120.01250100662233,29.820001939951684],[120.07500086879638,29.82000199943361],[120.13750074759342,29.820002009103725],[120.20000067846723,29.820001938604573],[120.262500520381,29.820001961514404],[120.32500039614503,29.82000194463413],[120.38750025207365,29.820001958701774],[120.45000012210248,29.820001971943192],[120.45000012210245,30.320000981788297],[120.38750025207365,30.320000963635607],[120.32500039614503,30.320000982435154],[120.262500520381,30.320000991495018],[120.20000067846723,30.320000921280712],[120.13750074759342,30.320000985891316],[120.07500086879638,30.32000101310096],[120.01250100662233,30.3200009546645],[119.95000112518373,30.320001001505446],[119.95000112518373,29.820001940805994]]]}"
00000000000000000275,859,24,28771.0,10824.0,7778.0,5442.0,259776.0,"{""type"":""Polygon"",""coordinates"":[[[120.45000012210248,29.820001971943192],[120.51250003971631,29.820001952216103],[120.57499995013146,29.820001969218875],[120.63749979827895,29.82000193274624],[120.69999970425633,29.820001946865542],[120.76249952447415,29.82000194321523],[120.82499937814268,29.82000194525362],[120.88749929623037,29.820001998367623],[120.94999913413275,29.82000195389526],[120.94999913413275,30.320000944238103],[120.88749929623037,30.32000096389703],[120.82499937814268,30.320000993909282],[120.76249952447415,30.32000094495565],[120.69999970425633,30.320000931949547],[120.63749979827895,30.320000933190613],[120.57499995013146,30.32000093802641],[120.51250003971631,30.320000923901834],[120.45000012210245,30.320000981788297],[120.45000012210248,29.820001971943192]]]}"
00000000000000000276,860,58,24088.0,8615.344827586207,7765.5,5433.0,499690.0,"{""type"":""Polygon"",""coordinates"":[[[120.94999913413275,29.82000195389526],[121.01249900963809,29.820001993275802],[121.07499895241493,29.8200019219975],[121.13749881682102,29.820001988601582],[121.19999863182602,29.820001998164724],[121.26249851323058,29.820001971145377],[121.32499840160763,29.820001973164615],[121.38749832444573,29.820001967195406],[121.44999813437167,29.820001961868062],[121.44999813437167,30.320000971506232],[121.38749832444573,30.320000932744893],[121.32499840160764,30.320000991911137],[121.26249851323058,30.320000982933603],[121.19999863182602,30.320000944003656],[121.13749881682102,30.320000969192677],[121.07499895241493,30.320000960630587],[121.01249900963809,30.32000095534221],[120.94999913413275,30.320000944238103],[120.94999913413275,29.82000195389526]]]}"
0000000000000000053f,140,0,,,,,0.0,"{""type"":""Polygon"",""coordinates"":[[[97.45000149410335,23.820000595458918],[97.51250139054343,23.8200005783891],[97.57500126430105,23.820000606748643],[97.63750117042193,23.82000057226249],[97.7000010001831,23.820000555042824],[97.76250089490264,23.820000532436417],[97.8250007491285,23.820000584133535],[97.88750062481778,23.820000600931124],[97.95000050266914,23.820000567782024],[97.95000050266914,24.319999553192993],[97.88750062481778,24.319999571041798],[97.8250007491285,24.319999553134025],[97.76250089490264,24.319999604813695],[97.7000010001831,24.31999956519254],[97.63750117042193,24.319999534970982],[97.57500126430105,24.319999537130958],[97.51250139054343,24.319999581913482],[97.45000149410335,24.319999597511423],[97.45000149410335,23.820000595458918]]]}"
00000000000000000568,181,0,,,,,0.0,"{""type"":""Polygon"",""coordinates"":[[[97.45000149410335,24.319999597511423],[97.51250139054343,24.319999581913482],[97.57500126430105,24.319999537130958],[97.63750117042193,24.319999534970982],[97.7000010001831,24.31999956519254],[97.76250089490264,24.319999604813695],[97.8250007491285,24.319999553134025],[97.88750062481778,24.319999571041798],[97.95000050266914,24.319999553192993],[97.95000050266914,24.819998587486612],[97.88750062481778,24.819998618055937],[97.8250007491285,24.819998538325688],[97.76250089490264,24.81999854367285],[97.7000010001831,24.81999856368754],[97.63750117042193,24.819998609124106],[97.57500126430105,24.819998613284202],[97.51250139054343,24.819998586508948],[97.45000149410335,24.819998547350412],[97.45000149410335,24.319999597511423]]]}"
00000000000000000569,182,0,,,,,0.0,"{""type"":""Polygon"",""coordinates"":[[[97.95000050266914,24.319999553192993],[98.01250036495357,24.319999574200974],[98.07500027878137,24.319999613981174],[98.13750014641614,24.319999571021487],[98.20000003821951,24.319999604852175],[98.2624998594054,24.319999613644164],[98.32499976711529,24.319999571801244],[98.38749966969705,24.319999557089698],[98.44999956043617,24.319999552541873],[98.44999956043617,24.819998559784963],[98.38749966969705,24.819998552727554],[98.32499976711529,24.819998569246977],[98.2624998594054,24.819998536642093],[98.20000003821951,24.819998557196943],[98.13750014641614,24.81999856698131],[98.07500027878137,24.819998577932882],[98.01250036495357,24.819998610874105],[97.95000050266914,24.819998587486612],[97.95000050266914,24.319999553192993]]]}"
0000000000000000066b,444,0,,,,,0.0,"{""type"":""Polygon"",""coordinates"":[[[91.45000015996722,27.319998024364054],[91.5124999831899,27.319998078247323],[91.57499988746211,27.31999800182965],[91.6374997536738,27.31999806201116],[91.69999961435698,27.319998075661193],[91.76249950616445,27.319998038715273],[91.82499939545804,27.31999803746735],[91.88749925226367,27.31999806843455],[91.9499991248649,27.319998037324098],[91.9499991248649,27.82000147258464],[91.88749925226367,27.820001485617492],[91.82499939545804,27.820001470285966],[91.76249950616445,27.820001520699986],[91.69999961435698,27.820001461549563],[91.6374997536738,27.820001475051154],[91.57499988746211,27.820001475901215],[91.5124999831899,27.82000146796154],[91.45000015996722,27.820001542736843],[91.45000015996722,27.319998024364054]]]}"
0000000000000000066c,445,0,,,,,0.0,"{""type"":""Polygon"",""coordinates"":[[[91.9499991248649,27.319998037324098],[92.0124989908922,27.31999802992087],[92.07499890641512,27.319998041109486],[92.13749878168835,27.31999806775813],[92.19999860516918,27.319998015902943],[92.26249851915527,27.31999805788304],[92.32499836941147,27.31999801203264],[92.38749823043571,27.31999805145076],[92.44999810524074,27.319998081331917],[92.44999810524074,27.82000152041239],[92.38749823043571,27.8200014745024],[92.32499836941147,27.82000154153404],[92.26249851915527,27.820001458566622],[92.19999860516918,27.820001499998884],[92.13749878168835,27.82000148946914],[92.07499890641512,27.82000152337629],[92.0124989908922,27.820001516695736],[91.9499991248649,27.82000147258464],[91.9499991248649,27.319998037324098]]]}"
0000000000000000069b,498,0,,,,,0.0,"{""type"":""Polygon"",""coordinates"":[[[90.95000114494546,27.820001490916688],[91.0125010080096,27.820001536013493],[91.07500087098022,27.82000150795168],[91.13750072924877,27.82000149391963],[91.20000065578587,27.820001490872514],[91.26250050796651,27.82000149745835],[91.32500036712794,27.820001510307197],[91.38750024561416,27.82000152645552],[91.45000015996722,27.820001542736843],[91.45000015996722,28.320000456551075],[91.38750024561416,28.3200005047456],[91.32500036712794,28.32000049809859],[91.26250050796651,28.320000528979172],[91.20000065578587,28.32000051120695],[91.13750072924877,28.320000537360553],[91.07500087098022,28.320000519626742],[91.0125010080096,28.320000461079417],[90.95000114494546,28.320000542344967],[90.95000114494546,27.820001490916688]]]}"
0000000000000000069c,499,0,,,,,0.0,"{""type"":""Polygon"",""coordinates"":[[[91.45000015996722,27.820001542736843],[91.5124999831899,27.82000146796154],[91.57499988746211,27.820001475901215],[91.6374997536738,27.820001475051154],[91.69999961435698,27.820001461549563],[91.76249950616445,27.820001520699986],[91.82499939545804,27.820001470285966],[91.88749925226367,27.820001485617492],[91.9499991248649,27.82000147258464],[91.9499991248649,28.320000473106077],[91.88749925226367,28.32000045684138],[91.82499939545804,28.320000535275454],[91.76249950616445,28.32000053484246],[91.69999961435698,28.320000459086813],[91.6374997536738,28.3200004897532],[91.57499988746211,28.32000054183543],[91.5124999831899,28.32000053006907],[91.45000015996722,28.320000456551075],[91.45000015996722,27.820001542736843]]]}"
0000000000000000069d,500,0,,,,,0.0,"{""type"":""Polygon"",""coordinates"":[[[91.9499991248649,27.82000147258464],[92.0124989908922,27.820001516695736],[92.07499890641512,27.82000152337629],[92.13749878168835,27.82000148946914],[92.19999860516918,27.820001499998884],[92.26249851915527,27.820001458566622],[92.32499836941147,27.82000154153404],[92.38749823043571,27.8200014745024],[92.44999810524074,27.82000152041239],[92.44999810524074,28.320000539428104],[92.38749823043571,28.32000046330874],[92.32499836941147,28.320000533149802],[92.26249851915527,28.32000048682592],[92.19999860516918,28.320000508899223],[92.13749878168835,28.320000512675392],[92.07499890641512,28.320000505228066],[92.0124989908922,28.320000490975332],[91.9499991248649,28.320000473106077],[91.9499991248649,27.82000147258464]]]}"
0000000000000000069e,501,3,34747.0,16057.666666666666,7897.0,5529.0,48173.0,"{""type"":""Polygon"",""coordinates"":[[[92.44999810524074,27.82000152041239],[92.51249852914931,27.8200014854725],[92.57499898485804,27.820001462490573],[92.63749941016613,27.820001536405588],[92.69999989764378,27.820001520985418],[92.76250031589893,27.820001502290662],[92.82500068828625,27.820001473950175],[92.88750119390302,27.820001515534766],[92.95000155859528,27.82000153706108],[92.95000155859528,28.32000047395193],[92.88750119390302,28.32000051468456],[92.82500068828625,28.320000479086833],[92.76250031589893,28.320000456878137],[92.69999989764378,28.32000045795921],[92.63749941016613,28.32000048876875],[92.57499898485804,28.320000463531198],[92.51249852914931,28.32000047892328],[92.44999810524074,28.320000539428104],[92.44999810524074,27.82000152041239]]]}"
0000000000000000069f,508,2,14999.0,10657.0,10657.0,6315.0,21314.0,"{""type"":""Polygon"",""coordinates"":[[[96.94999807748074,27.82000149031616],[97.01249851320925,27.82000151192251],[97.07499896351545,27.820001500317577],[97.13749938684082,27.82000153087761],[97.19999982553391,27.820001496598966],[97.26250024159937,27.820001472408673],[97.32500068108597,27.82000152866892],[97.38750110952894,27.82000147300858],[97.45000149410335,27.82000146863363],[97.45000149410335,28.320000492841544],[97.38750110952894,28.32000048856582],[97.32500068108597,28.32000046893418],[97.26250024159937,28.320000537446717],[97.19999982553391,28.32000053136152],[97.13749938684082,28.32000046942229],[97.07499896351545,28.320000454508282],[97.01249851320925,28.32000050485951],[96.94999807748074,28.32000045675218],[96.94999807748074,27.82000149031616]]]}"
000000000000000006a0,509,217,132050.0,14294.09677419355,8707.666666666666,5526.0,3101819.0,"{""type"":""Polygon"",""coordinates"":[[[97.95000050266914,27.820001496307057],[98.01250036495357,27.820001466744692],[98.07500027878137,27.820001488708808],[98.13750014641614,27.8200014609934],[98.20000003821951,27.820001538893287],[98.2624998594054,27.820001532060438],[98.32499976711529,27.82000150140543],[98.38749966969705,27.82000152250947],[98.44999956043617,27.820001488194745],[98.44999956043617,28.32000047749944],[98.38749966969705,28.320000532829457],[98.32499976711529,28.320000462894473],[98.2624998594054,28.320000463330004],[98.20000003821951,28.320000458931542],[98.13750014641614,28.320000477906618],[98.07500027878137,28.32000053309983],[98.01250036495357,28.320000469922856],[97.95000050266914,28.32000047801825],[97.95000050266914,27.820001496307057]]]}"
000000000000000006d2,572,211,157734.0,15835.203791469194,10735.8125,5502.0,3341228.0,"{""type"":""Polygon"",""coordinates"":[[[92.95000155859528,28.32000047395193],[93.01250143368392,28.320000536494323],[93.07500131282357,28.320000507089954],[93.13750123617739,28.320000467175152],[93.20000109400037,28.320000501459774],[93.26250093261072,28.320000512807425],[93.32500087852127,28.320000491012593],[93.38750075422621,28.320000522095956],[93.45000061548112,28.32000050822107],[93.45000061548112,28.8199995127276],[93.38750075422621,28.819999494038253],[93.32500087852127,28.8199994627236],[93.26250093261072,28.819999516438212],[93.20000109400037,28.819999480637932],[93.13750123617739,28.819999543272896],[93.07500131282357,28.81999953481641],[93.01250143368392,28.819999459681735],[92.95000155859528,28.81999950327815],[92.95000155859528,28.32000047395193]]]}"
000000000000000006d3,573,34,42470.0,13209.029411764706,10219.5,5501.0,449107.0,"{""type"":""Polygon"",""coordinates"":[[[93.45000061548112,28.32000050822107],[93.51250044422612,28.320000531364816],[93.57500037977225,28.320000491138046],[93.63750025580825,28.320000473017515],[93.70000006298494,28.32000046932905],[93.76249994986544,28.32000046793955],[93.82499983581359,28.320000462704357],[93.88749972037452,28.320000534258636],[93.94999960593937,28.320000495871692],[93.94999960593937,28.819999486716736],[93.88749972037452,28.819999504952236],[93.82499983581359,28.819999533728808],[93.76249994986544,28.81999949298138],[93.70000006298494,28.819999479981924],[93.63750025580825,28.819999500934383],[93.57500037977225,28.819999479301927],[93.51250044422612,28.819999511624367],[93.45000061548112,28.8199995127276],[93.45000061548112,28.32000050822107]]]}"
000000000000000006d4,574,0,,,,,0.0,"{""type"":""Polygon"",""coordinates"":[[[93.94999960593937,28.320000495871692],[94.01249949773391,28.320000516773856],[94.07499932581992,28.32000050114662],[94.13749925693915,28.320000524085362],[94.19999907051182,28.32000049405314],[94.26249893896392,28.32000048560117],[94.32499888152411,28.320000488630775],[94.38749868483447,28.32000050032092],[94.44999860844463,28.320000502732317],[94.44999860844463,28.819999526743437],[94.38749868483447,28.819999523794262],[94.32499888152411,28.819999541970923],[94.26249893896392,28.81999951065667],[94.19999907051182,28.81999952142912],[94.13749925693915,28.819999495732663],[94.07499932581992,28.8199995369483],[94.01249949773391,28.819999470073956],[93.94999960593937,28.819999486716736],[93.94999960593937,28.320000495871692]]]}"
000000000000000006d5,578,0,,,,,0.0,"{""type"":""Polygon"",""coordinates"":[[[95.95000002904636,28.32000052823034],[96.0124999376128,28.320000473903853],[96.0749998024979,28.320000469724423],[96.13749971327046,28.320000498169506],[96.1999995190427,28.32000046349088],[96.26249939459098,28.320000521644058],[96.32499927405166,28.320000483947663],[96.38749917454423,28.32000051310397],[96.44999903397962,28.32000050892672],[96.44999903397962,28.81999952989711],[96.38749917454423,28.819999522175525],[96.32499927405166,28.819999506775854],[96.26249939459098,28.81999949517286],[96.1999995190427,28.81999950244842],[96.13749971327046,28.81999953974091],[96.0749998024979,28.819999540412947],[96.0124999376128,28.819999511422886],[95.95000002904636,28.81999947045231],[95.95000002904636,28.32000052823034]]]}"
000000000000000006d6,579,0,,,,,0.0,"{""type"":""Polygon"",""coordinates"":[[[96.44999903397962,28.32000050892672],[96.51249895477366,28.320000540971954],[96.57499879736615,28.320000512515747],[96.63749866822066,28.320000492575925],[96.69999859455561,28.320000464921037],[96.7624984422432,28.320000509877204],[96.82499832387141,28.320000518009596],[96.88749819066588,28.320000476448826],[96.94999807748074,28.32000045675218],[96.94999807748074,28.8199994957935],[96.88749819066588,28.81999948311773],[96.82499832387141,28.819999516231782],[96.7624984422432,28.819999524021245],[96.69999859455561,28.819999519480167],[96.63749866822066,28.819999523480966],[96.57499879736615,28.819999544532116],[96.51249895477366,28.819999510507408],[96.44999903397962,28.81999952989711],[96.44999903397962,28.32000050892672]]]}"
000000000000000006d7,580,254,99174.0,14120.377952755905,9453.375,5360.0,3586576.0,"{""type"":""Polygon"",""coordinates"":[[[96.94999807748074,28.32000045675218],[97.01249851320925,28.32000050485951],[97.07499896351545,28.320000454508282],[97.13749938684082,28.32000046942229],[97.19999982553391,28.32000053136152],[97.26250024159937,28.320000537446717],[97.32500068108597,28.32000046893418],[97.38750110952894,28.32000048856582],[97.45000149410335,28.320000492841544],[97.45000149410335,28.819999477268478],[97.38750110952894,28.819999521605705],[97.32500068108597,28.81999948463288],[97.26250024159937,28.819999469699287],[97.19999982553391,28.819999491584905],[97.13749938684082,28.819999480806622],[97.07499896351545,28.81999954011191],[97.01249851320925,28.81999951100832],[96.94999807748074,28.8199994957935],[96.94999807748074,28.32000045675218]]]}"
000000000000000006d8,581,94,95864.0,15102.18085106383,9439.2,5502.0,1419605.0,"{""type"":""Polygon"",""coordinates"":[[[97.45000149410335,28.320000492841544],[97.51250139054343,28.320000489532614],[97.57500126430105,28.32000052521944],[97.63750117042193,28.320000491140664],[97.7000010001831,28.320000464837932],[97.76250089490264,28.320000509641382],[97.8250007491285,28.320000525372844],[97.88750062481778,28.32000049086272],[97.95000050266914,28.32000047801825],[97.95000050266914,28.819999503131065],[97.88750062481778,28.819999481294204],[97.8250007491285,28.819999501675994],[97.76250089490264,28.81999949280122],[97.7000010001831,28.819999476053876],[97.63750117042193,28.81999946307577],[97.57500126430105,28.81999947942201],[97.51250139054343,28.819999536311393],[97.45000149410335,28.819999477268478],[97.45000149410335,28.320000492841544]]]}"
0000000000000000070b,649,248,164242.0,16154.600806451614,9786.95,3131.0,4006341.0,"{""type"":""Polygon"",""coordinates"":[[[93.94999960593937,28.819999486716736],[94.01249949773391,28.819999470073956],[94.07499932581992,28.8199995369483],[94.13749925693915,28.819999495732663],[94.19999907051182,28.81999952142912],[94.26249893896392,28.81999951065667],[94.32499888152411,28.819999541970923],[94.38749868483447,28.819999523794262],[94.44999860844463,28.819999526743437],[94.44999860844463,29.319998475841793],[94.38749868483447,29.31999846189847],[94.32499888152411,29.319998499441972],[94.26249893896392,29.319998518330735],[94.19999907051182,29.319998521409218],[94.13749925693915,29.319998518962958],[94.07499932581992,29.319998525759193],[94.01249949773391,29.319998544329874],[93.94999960593937,29.319998500415892],[93.94999960593937,28.819999486716736]]]}"
0000000000000000070c,650,0,,,,,0.0,"{""type"":""Polygon"",""coordinates"":[[[94.44999860844463,28.819999526743437],[94.51249899438173,28.81999952931678],[94.57499948033731,28.819999533040942],[94.63749986253082,28.819999534542088],[94.70000033333426,28.819999516927428],[94.76250077256014,28.819999473804284],[94.82500122016097,28.819999481851934],[94.88750163959361,28.819999531580763],[94.95000207588929,28.819999521755648],[94.95000207588929,29.31999848926961],[94.88750163959361,29.319998514383947],[94.82500122016097,29.31999850956419],[94.76250077256014,29.31999848746333],[94.70000033333426,29.319998546064497],[94.63749986253082,29.3199985206696],[94.57499948033731,29.319998506142937],[94.51249899438173,29.319998519548403],[94.44999860844463,29.319998475841793],[94.44999860844463,28.819999526743437]]]}"
0000000000000000070d,651,0,,,,,0.0,"{""type"":""Polygon"",""coordinates"":[[[94.95000207588929,28.819999521755648],[95.01250194192168,28.819999463039053],[95.07500184198575,28.819999499707166],[95.13750166973509,28.819999535699313],[95.20000155959141,28.819999465780086],[95.26250140983149,28.819999459507905],[95.32500128021587,28.819999502778813],[95.38750115322064,28.81999949566837],[95.45000109351848,28.81999951213461],[95.45000109351848,29.319998518264732],[95.38750115322064,29.3199984633381],[95.32500128021587,29.319998460145285],[95.26250140983149,29.319998523530877],[95.20000155959141,29.31999848813098],[95.13750166973509,29.319998544913208],[95.07500184198575,29.319998524967783],[95.01250194192168,29.31999853340655],[94.95000207588929,29.31999848926961],[94.95000207588929,28.819999521755648]]]}"
0000000000000000070e,652,0,,,,,0.0,"{""type"":""Polygon"",""coordinates"":[[[95.45000109351848,28.81999951213461],[95.51250092820683,28.819999458265837],[95.57500080644753,28.81999949295813],[95.63750071985578,28.81999951534442],[95.70000058193946,28.81999951636335],[95.76250046883146,28.819999480041172],[95.82500029823703,28.819999485546617],[95.88750015080656,28.81999951634246],[95.95000002904636,28.81999947045231],[95.95000002904636,29.319998547532343],[95.88750015080656,29.31999851087984],[95.82500029823704,29.3199985130756],[95.76250046883146,29.319998479320216],[95.70000058193946,29.3199985146181],[95.63750071985578,29.319998540175394],[95.57500080644753,29.319998483785778],[95.51250092820683,29.319998531261152],[95.45000109351848,29.319998518264732],[95.45000109351848,28.81999951213461]]]}"
0000000000000000070f,653,0,,,,,0.0,"{""type"":""Polygon"",""coordinates"":[[[95.95000002904636,28.81999947045231],[96.0124999376128,28.819999511422886],[96.0749998024979,28.819999540412947],[96.13749971327046,28.81999953974091],[96.1999995190427,28.81999950244842],[96.26249939459098,28.81999949517286],[96.32499927405166,28.819999506775854],[96.38749917454423,28.819999522175525],[96.44999903397962,28.81999952989711],[96.44999903397962,29.3199985399344],[96.38749917454423,29.319998504875635],[96.32499927405166,29.31999848779633],[96.26249939459098,29.319998500276878],[96.1999995190427,29.31999846927496],[96.13749971327046,29.319998494286153],[96.0749998024979,29.3199985091822],[96.0124999376128,29.319998520978903],[95.95000002904636,29.319998547532343],[95.95000002904636,28.81999947045231]]]}"
00000000000000000710,654,0,,,,,0.0,"{""type"":""Polygon"",""coordinates"":[[[96.44999903397962,28.81999952989711],[96.51249895477366,28.819999510507408],[96.57499879736615,28.819999544532116],[96.63749866822066,28.819999523480966],[96.69999859455561,28.819999519480167],[96.7624984422432,28.819999524021245],[96.82499832387141,28.819999516231782],[96.88749819066588,28.81999948311773],[96.94999807748074,28.8199994957935],[96.94999807748074,29.31999847741725],[96.88749819066588,29.319998503925717],[96.82499832387141,29.31999851197516],[96.7624984422432,29.319998519085214],[96.69999859455561,29.31999853837044],[96.63749866822066,29.319998502692474],[96.57499879736615,29.3199985088337],[96.51249895477366,29.319998485114535],[96.44999903397962,29.3199985399344],[96.44999903397962,28.81999952989711]]]}"
00000000000000000711,655,41,33712.0,9769.414634146342,7837.0,5486.0,400546.0,"{""type"":""Polygon"",""coordinates"":[[[96.94999807748074,28.8199994957935],[97.01249851320925,28.81999951100832],[97.07499896351545,28.81999954011191],[97.13749938684082,28.819999480806622],[97.19999982553391,28.819999491584905],[97.26250024159937,28.819999469699287],[97.32500068108597,28.81999948463288],[97.38750110952894,28.819999521605705],[97.45000149410335,28.819999477268478],[97.45000149410335,29.31999854527173],[97.38750110952894,29.31999853162297],[97.32500068108597,29.319998459421498],[97.26250024159937,29.31999852000535],[97.19999982553391,29.31999846388114],[97.13749938684082,29.31999848644804],[97.07499896351545,29.3199985139998],[97.01249851320925,29.31999847694336],[96.94999807748074,29.31999847741725],[96.94999807748074,28.8199994957935]]]}"
0000000000000000074a,727,0,,,,,0.0,"{""type"":""Polygon"",""coordinates"":[[[94.95000207588929,29.31999848926961],[95.01250194192168,29.31999853340655],[95.07500184198575,29.319998524967783],[95.13750166973509,29.319998544913208],[95.20000155959141,29.31999848813098],[95.26250140983149,29.319998523530877],[95.32500128021587,29.319998460145285],[95.38750115322064,29.3199984633381],[95.45000109351848,29.319998518264732],[95.45000109351848,29.820001946479437],[95.38750115322064,29.820001938147783],[95.32500128021587,29.820001921508112],[95.26250140983149,29.82000199958725],[95.20000155959141,29.82000191967357],[95.13750166973509,29.820001960307987],[95.07500184198575,29.820001953263663],[95.01250194192168,29.820002003505166],[94.95000207588929,29.820001942353425],[94.95000207588929,29.31999848926961]]]}"
0000000000000000074b,728,0,,,,,0.0,"{""type"":""Polygon"",""coordinates"":[[[95.45000109351848,29.319998518264732],[95.51250092820683,29.319998531261152],[95.57500080644753,29.319998483785778],[95.63750071985578,29.319998540175394],[95.70000058193946,29.3199985146181],[95.76250046883146,29.319998479320216],[95.82500029823704,29.3199985130756],[95.88750015080656,29.31999851087984],[95.95000002904636,29.319998547532343],[95.95000002904636,29.820001985997905],[95.88750015080656,29.82000195172147],[95.82500029823704,29.820001983098138],[95.76250046883146,29.820001917749593],[95.70000058193946,29.820001948527498],[95.63750071985578,29.82000199702819],[95.57500080644753,29.820001991505187],[95.51250092820683,29.820001941161937],[95.45000109351848,29.820001946479437],[95.45000109351848,29.319998518264732]]]}"
000000000000000004b4,1,40,97577.0,18127.075,9755.5,5087.0,725083.0,"{""type"":""Polygon"",""coordinates"":[[[108.45000183986016,18.31999820470216],[108.51250168769621,18.319998174310633],[108.57500156618424,18.3199981793894],[108.63750142769644,18.31999818927033],[108.70000131552,18.319998164045515],[108.76250118265287,18.31999815967524],[108.8250010730305,18.319998222715032],[108.88750094026051,18.319998148083194],[108.95000082890888,18.319998155678075],[108.95000082890888,18.82000161386158],[108.88750094026051,18.820001612142903],[108.8250010730305,18.82000160442145],[108.76250118265287,18.820001632293128],[108.70000131551998,18.82000164068929],[108.63750142769644,18.820001670778606],[108.57500156618424,18.82000166708879],[108.51250168769621,18.820001670363162],[108.45000183986016,18.8200016247281],[108.45000183986016,18.31999820470216]]]}"
000000000000000004b5,2,662,1122655.0,20046.87915407855,11364.76888888889,5084.0,1.3271034E7,"{""type"":""Polygon"",""coordinates"":[[[108.95000082890888,18.319998155678075],[109.01250069317662,18.319998213780597],[109.07500057824282,18.31999819443881],[109.13750043888552,18.319998152485965],[109.20000032087941,18.319998219876346],[109.26250017956323,18.31999819075909],[109.32500006128967,18.319998196639386],[109.38749992194201,18.319998204805714],[109.44999980843326,18.319998172890486],[109.44999980843326,18.820001628093916],[109.38749992194201,18.820001614543695],[109.32500006128967,18.820001640693132],[109.26250017956323,18.82000166301393],[109.20000032087941,18.820001627998582],[109.13750043888552,18.820001665360557],[109.07500057824282,18.820001634331106],[109.01250069317662,18.82000166424039],[108.95000082890888,18.82000161386158],[108.95000082890888,18.319998155678075]]]}"
000000000000000004b6,3,1031,1334889.0,19061.25703200776,11330.058479532163,5084.0,1.9652156E7,"{""type"":""Polygon"",""coordinates"":[[[109.44999980843326,18.319998172890486],[109.51249967717493,18.31999815451073],[109.57499957562284,18.31999819345881],[109.63749946070045,18.31999816974314],[109.69999938038876,18.31999821328936],[109.76249920127421,18.31999821353309],[109.82499906265927,18.31999820371341],[109.88749892244346,18.31999814975362],[109.94999882960636,18.31999818051638],[109.94999882960634,18.820001665413518],[109.88749892244346,18.820001670187064],[109.82499906265927,18.820001660431974],[109.76249920127421,18.820001681144443],[109.69999938038876,18.820001680479454],[109.63749946070045,18.820001626186986],[109.57499957562284,18.820001629417185],[109.51249967717493,18.820001647612738],[109.44999980843326,18.820001628093916],[109.44999980843326,18.319998172890486]]]}"
000000000000000004b7,4,0,,,,,0.0,"{""type"":""Polygon"",""coordinates"":[[[108.45000183986016,18.8200016247281],[108.51250168769621,18.820001670363162],[108.57500156618424,18.82000166708879],[108.63750142769644,18.820001670778606],[108.70000131551998,18.82000164068929],[108.76250118265287,18.820001632293128],[108.8250010730305,18.82000160442145],[108.88750094026051,18.820001612142903],[108.95000082890888,18.82000161386158],[108.95000082890888,19.320000661585578],[108.88750094026051,19.32000066344658],[108.8250010730305,19.320000661461147],[108.76250118265287,19.32000061090224],[108.70000131552,19.32000063150536],[108.63750142769644,19.32000067813269],[108.57500156618424,19.320000608579097],[108.51250168769621,19.320000638853013],[108.45000183986016,19.320000626365964],[108.45000183986016,18.8200016247281]]]}"
000000000000000004b8,5,203,495595.0,17787.083743842366,9265.529411764706,4127.0,3610778.0,"{""type"":""Polygon"",""coordinates"":[[[108.95000082890888,18.82000161386158],[109.01250069317662,18.82000166424039],[109.07500057824282,18.820001634331106],[109.13750043888552,18.820001665360557],[109.20000032087941,18.820001627998582],[109.26250017956323,18.82000166301393],[109.32500006128967,18.820001640693132],[109.38749992194201,18.820001614543695],[109.44999980843326,18.820001628093916],[109.44999980843326,19.320000644248417],[109.38749992194201,19.320000641465644],[109.32500006128967,19.320000675034283],[109.26250017956323,19.32000061520691],[109.20000032087941,19.32000066990942],[109.13750043888552,19.32000062191159],[109.07500057824282,19.320000678868517],[109.01250069317662,19.320000622964724],[108.95000082890888,19.320000661585578],[108.95000082890888,18.82000161386158]]]}"
000000000000000004b9,6,217,243113.0,17759.470046082948,11013.0,4974.0,3853805.0,"{""type"":""Polygon"",""coordinates"":[[[109.44999980843326,18.820001628093916],[109.51249967717493,18.820001647612738],[109.57499957562284,18.820001629417185],[109.63749946070045,18.820001626186986],[109.69999938038876,18.820001680479454],[109.76249920127421,18.820001681144443],[109.82499906265927,18.820001660431974],[109.88749892244346,18.820001670187064],[109.94999882960634,18.820001665413518],[109.94999882960634,19.320000650110792],[109.88749892244346,19.32000063140682],[109.82499906265929,19.320000675689883],[109.76249920127421,19.320000655387908],[109.69999938038876,19.320000605927007],[109.63749946070045,19.320000669692384],[109.57499957562284,19.320000611160406],[109.51249967717493,19.320000648999503],[109.44999980843326,19.320000644248417],[109.44999980843326,18.820001628093916]]]}"
000000000000000004ba,7,205,135463.0,15184.668292682927,8457.5,4351.0,3112857.0,"{""type"":""Polygon"",""coordinates"":[[[109.94999882960634,18.820001665413518],[110.01249874251052,18.82000161098604],[110.07499861973156,18.820001644735346],[110.13749851093975,18.82000163451934],[110.19999837515131,18.820001631221764],[110.26249826248451,18.820001675282676],[110.32499813237996,18.82000164424059],[110.38749794447425,18.820001674831758],[110.44999784043416,18.820001623674454],[110.44999784043416,19.320000641307722],[110.38749794447425,19.320000681636145],[110.32499813237996,19.320000624895364],[110.26249826248451,19.320000615745357],[110.19999837515131,19.320000604494776],[110.13749851093975,19.320000627871813],[110.07499861973156,19.32000064623193],[110.01249874251052,19.320000609255075],[109.94999882960634,19.320000650110792],[109.94999882960634,18.820001665413518]]]}"
000000000000000004bb,8,1,6758.0,6758.0,6758.0,6758.0,6758.0,"{""type"":""Polygon"",""coordinates"":[[[108.95000082890888,19.320000661585578],[109.01250069317662,19.320000622964724],[109.07500057824282,19.320000678868517],[109.13750043888552,19.32000062191159],[109.20000032087941,19.32000066990942],[109.26250017956323,19.32000061520691],[109.32500006128967,19.320000675034283],[109.38749992194201,19.320000641465644],[109.44999980843326,19.320000644248417],[109.44999980843326,19.819999689599893],[109.38749992194201,19.819999632898018],[109.32500006128967,19.819999612498115],[109.26250017956323,19.819999673445274],[109.20000032087941,19.819999676280336],[109.13750043888552,19.819999665526876],[109.07500057824282,19.819999675461002],[109.01250069317662,19.819999663068675],[108.95000082890888,19.81999966225369],[108.95000082890888,19.320000661585578]]]}"
000000000000000004bc,9,30,27829.0,8381.333333333334,6746.0,5061.0,251440.0,"{""type"":""Polygon"",""coordinates"":[[[109.44999980843326,19.320000644248417],[109.51249967717493,19.320000648999503],[109.57499957562284,19.320000611160406],[109.63749946070045,19.320000669692384],[109.69999938038876,19.320000605927007],[109.76249920127421,19.320000655387908],[109.82499906265929,19.320000675689883],[109.88749892244346,19.32000063140682],[109.94999882960634,19.320000650110792],[109.94999882960636,19.819999607063576],[109.88749892244346,19.819999646899287],[109.82499906265927,19.819999657174407],[109.76249920127421,19.819999684667792],[109.69999938038876,19.81999967864581],[109.63749946070045,19.819999608850306],[109.57499957562284,19.819999674466654],[109.51249967717493,19.81999966060915],[109.44999980843326,19.819999689599893],[109.44999980843326,19.320000644248417]]]}"
000000000000000004bd,10,4,15207.0,9715.5,9293.0,5069.0,38862.0,"{""type"":""Polygon"",""coordinates"":[[[109.94999882960634,19.320000650110792],[110.01249874251052,19.320000609255075],[110.07499861973156,19.32000064623193],[110.13749851093975,19.320000627871813],[110.19999837515131,19.320000604494776],[110.26249826248451,19.320000615745357],[110.32499813237996,19.320000624895364],[110.38749794447425,19.320000681636145],[110.44999784043416,19.320000641307722],[110.44999784043416,19.819999618748053],[110.38749794447425,19.81999961611573],[110.32499813237996,19.819999677788502],[110.26249826248451,19.8199996031507],[110.19999837515131,19.81999960301813],[110.13749851093975,19.819999628155838],[110.07499861973156,19.8199996397218],[110.01249874251052,19.819999674739137],[109.94999882960636,19.819999607063576],[109.94999882960634,19.320000650110792]]]}"
000000000000000004be,11,8,13505.0,7805.375,5903.5,5060.0,62443.0,"{""type"":""Polygon"",""coordinates"":[[[110.44999784043416,19.320000641307722],[110.5124982349368,19.32000067296556],[110.57499872458666,19.320000608253842],[110.63749917888184,19.320000679488267],[110.69999955841789,19.320000676056072],[110.76250000585576,19.320000625007797],[110.82500048216698,19.320000660839113],[110.88750085753803,19.320000669650536],[110.95000127517433,19.320000677638934],[110.95000127517434,19.819999654678398],[110.88750085753803,19.819999638239256],[110.82500048216698,19.819999603231263],[110.76250000585576,19.81999961099272],[110.69999955841789,19.819999689584197],[110.63749917888184,19.819999618498496],[110.57499872458666,19.81999963128642],[110.5124982349368,19.81999967991631],[110.44999784043416,19.819999618748053],[110.44999784043416,19.320000641307722]]]}"
000000000000000004bf,12,0,,,,,0.0,"{""type"":""Polygon"",""coordinates"":[[[110.44999784043416,19.819999618748053],[110.5124982349368,19.81999967991631],[110.57499872458666,19.81999963128642],[110.63749917888184,19.819999618498496],[110.69999955841789,19.819999689584197],[110.76250000585576,19.81999961099272],[110.82500048216698,19.819999603231263],[110.88750085753803,19.819999638239256],[110.95000127517434,19.819999654678398],[110.95000127517434,20.319998620463288],[110.88750085753803,20.319998676772503],[110.82500048216698,20.319998613561943],[110.76250000585576,20.31999866633068],[110.69999955841789,20.3199986905447],[110.63749917888184,20.319998639255722],[110.57499872458666,20.319998660778964],[110.5124982349368,20.319998621041144],[110.44999784043416,20.319998634632103],[110.44999784043416,19.819999618748053]]]}"
000000000000000004c0,13,2,5866.0,5445.0,5445.0,5024.0,10890.0,"{""type"":""Polygon"",""coordinates"":[[[109.94999882960636,20.319998687250433],[110.01249874251052,20.31999864634279],[110.07499861973156,20.319998672499107],[110.13749851093975,20.319998630595478],[110.19999837515131,20.319998656567147],[110.26249826248453,20.319998614876575],[110.32499813237996,20.31999864096791],[110.38749794447425,20.319998609892075],[110.44999784043416,20.319998634632103],[110.44999784043416,20.820002138632148],[110.38749794447425,20.820002078806652],[110.32499813237996,20.820002069324218],[110.26249826248451,20.820002084996084],[110.19999837515131,20.820002077902355],[110.13749851093976,20.820002086776487],[110.07499861973156,20.820002074400463],[110.01249874251052,20.820002079112477],[109.94999882960636,20.82000215010546],[109.94999882960636,20.319998687250433]]]}"
000000000000000004c1,14,2,18374.0,11693.0,11693.0,5012.0,23386.0,"{""type"":""Polygon"",""coordinates"":[[[109.44999980843326,20.820002120846905],[109.51249967717493,20.820002114772215],[109.57499957562284,20.82000207087783],[109.63749946070045,20.820002126681498],[109.69999938038876,20.82000206047248],[109.76249920127421,20.820002107203717],[109.82499906265929,20.820002121013285],[109.88749892244346,20.820002151483248],[109.94999882960636,20.82000215010546],[109.94999882960636,21.32000109263645],[109.88749892244346,21.320001094332742],[109.82499906265927,21.320001067394514],[109.76249920127421,21.320001148219493],[109.69999938038876,21.320001113748177],[109.63749946070045,21.320001110853507],[109.57499957562284,21.32000107904446],[109.51249967717493,21.32000115386782],[109.44999980843326,21.320001111178264],[109.44999980843326,20.820002120846905]]]}"
000000000000000004c2,15,0,,,,,0.0,"{""type"":""Polygon"",""coordinates"":[[[109.94999882960636,20.82000215010546],[110.01249874251052,20.820002079112477],[110.07499861973156,20.820002074400463],[110.13749851093976,20.820002086776487],[110.19999837515131,20.820002077902355],[110.26249826248451,20.820002084996084],[110.32499813237996,20.820002069324218],[110.38749794447425,20.820002078806652],[110.44999784043416,20.820002138632148],[110.44999784043416,21.320001113353158],[110.38749794447425,21.32000113972628],[110.32499813237996,21.320001127074324],[110.26249826248453,21.320001138027575],[110.19999837515131,21.320001125274956],[110.13749851093976,21.320001128196687],[110.07499861973156,21.320001110395438],[110.01249874251052,21.32000111085062],[109.94999882960636,21.32000109263645],[109.94999882960636,20.82000215010546]]]}"
000000000000000004c3,16,0,,,,,0.0,"{""type"":""Polygon"",""coordinates"":[[[99.95000096556808,21.32000113294532],[100.01250088437155,21.32000114985057],[100.07500069700846,21.32000112672254],[100.13750060505761,21.320001122117972],[100.20000046983237,21.32000112492879],[100.26250032462946,21.32000111358955],[100.32500020405068,21.320001066280952],[100.38750014399517,21.320001140690252],[100.45000001014012,21.32000114538333],[100.45000001014012,21.820000126515296],[100.38750014399517,21.820000104818657],[100.32500020405068,21.82000009786218],[100.26250032462946,21.820000117474432],[100.20000046983237,21.820000096209505],[100.13750060505761,21.820000146188807],[100.07500069700846,21.82000010946923],[100.01250088437155,21.820000087247376],[99.95000096556808,21.820000111481157],[99.95000096556808,21.32000113294532]]]}"
000000000000000004c4,17,0,,,,,0.0,"{""type"":""Polygon"",""coordinates"":[[[100.45000001014012,21.32000114538333],[100.5124998406031,21.32000114784034],[100.57499976065216,21.320001119955307],[100.63749963926456,21.320001139439754],[100.69999951819264,21.32000109334225],[100.76249935439841,21.320001143440773],[100.8249992780695,21.320001080978248],[100.88749907622298,21.320001078435844],[100.94999896751168,21.32000110058305],[100.94999896751168,21.820000068935297],[100.88749907622298,21.820000085960217],[100.8249992780695,21.820000119368174],[100.76249935439841,21.820000115190155],[100.69999951819264,21.820000080615557],[100.63749963926456,21.820000135116928],[100.57499976065216,21.820000117186307],[100.5124998406031,21.820000140166062],[100.45000001014012,21.820000126515296],[100.45000001014012,21.32000114538333]]]}"
000000000000000004c5,18,0,,,,,0.0,"{""type"":""Polygon"",""coordinates"":[[[100.94999896751168,21.32000110058305],[101.01249882717767,21.320001134365327],[101.07499870389056,21.32000106556559],[101.13749864753342,21.32000113861743],[101.19999844987971,21.320001076668618],[101.26249833570857,21.32000111216854],[101.32499827178705,21.32000113572425],[101.38749813924753,21.320001133429777],[101.44999799327965,21.320001079497263],[101.44999799327965,21.820000115256757],[101.38749813924753,21.82000010716097],[101.32499827178705,21.820000126074568],[101.26249833570857,21.820000108558425],[101.19999844987971,21.820000068723758],[101.13749864753342,21.820000116285055],[101.07499870389056,21.82000010914475],[101.01249882717767,21.820000144800996],[100.94999896751168,21.820000068935297],[100.94999896751168,21.32000110058305]]]}"
000000000000000004c6,19,0,,,,,0.0,"{""type"":""Polygon"",""coordinates"":[[[101.44999799327965,21.320001079497263],[101.51249841049612,21.320001091225233],[101.57499884204752,21.320001094002134],[101.63749925963809,21.320001067286977],[101.6999997227788,21.320001073888044],[101.7625001182872,21.320001098943102],[101.8250005946132,21.32000110908663],[101.88750104047836,21.320001089116854],[101.95000143238939,21.320001107115477],[101.95000143238939,21.82000010219631],[101.88750104047836,21.82000012437151],[101.8250005946132,21.82000008104058],[101.7625001182872,21.820000083576637],[101.6999997227788,21.820000147451115],[101.63749925963809,21.82000012741675],[101.57499884204753,21.820000128137906],[101.51249841049612,21.820000087243155],[101.44999799327965,21.820000115256757],[101.44999799327965,21.320001079497263]]]}"
000000000000000004c7,20,2,28285.0,24124.5,24124.5,19964.0,48249.0,"{""type"":""Polygon"",""coordinates"":[[[108.95000082890888,21.320001089268565],[109.01250069317662,21.32000114972452],[109.07500057824282,21.320001077496595],[109.13750043888552,21.320001098872616],[109.20000032087941,21.320001079993435],[109.26250017956323,21.320001072061604],[109.32500006128967,21.320001115303505],[109.38749992194201,21.320001086025872],[109.44999980843326,21.320001111178264],[109.44999980843326,21.820000109245203],[109.38749992194201,21.82000008388186],[109.32500006128967,21.820000124435662],[109.26250017956323,21.82000010472264],[109.20000032087941,21.820000149050255],[109.13750043888552,21.82000013066252],[109.07500057824282,21.820000086188767],[109.01250069317662,21.820000150294145],[108.95000082890888,21.82000009722343],[108.95000082890888,21.320001089268565]]]}"
000000000000000004c8,21,46,27457.0,10057.391304347826,8317.0,5820.0,462640.0,"{""type"":""Polygon"",""coordinates"":[[[109.44999980843326,21.320001111178264],[109.51249967717493,21.32000115386782],[109.57499957562284,21.32000107904446],[109.63749946070045,21.320001110853507],[109.69999938038876,21.320001113748177],[109.76249920127421,21.320001148219493],[109.82499906265927,21.320001067394514],[109.88749892244346,21.320001094332742],[109.94999882960636,21.32000109263645],[109.94999882960636,21.820000076379372],[109.88749892244346,21.820000097623577],[109.82499906265927,21.820000096112633],[109.76249920127421,21.82000012202748],[109.69999938038876,21.82000012697461],[109.63749946070045,21.820000084720636],[109.57499957562284,21.820000109363253],[109.51249967717493,21.82000007586909],[109.44999980843326,21.820000109245203],[109.44999980843326,21.320001111178264]]]}"
000000000000000004c9,22,45,49059.0,11720.266666666666,9151.0,5820.0,527412.0,"{""type"":""Polygon"",""coordinates"":[[[109.94999882960636,21.32000109263645],[110.01249874251052,21.32000111085062],[110.07499861973156,21.320001110395438],[110.13749851093976,21.320001128196687],[110.19999837515131,21.320001125274956],[110.26249826248453,21.320001138027575],[110.32499813237996,21.320001127074324],[110.38749794447425,21.32000113972628],[110.44999784043416,21.320001113353158],[110.44999784043416,21.820000071494007],[110.38749794447425,21.820000095163483],[110.32499813237996,21.8200000798605],[110.26249826248451,21.82000008928576],[110.19999837515131,21.82000007674557],[110.13749851093975,21.820000082255564],[110.07499861973156,21.820000070244248],[110.01249874251052,21.820000080321073],[109.94999882960636,21.820000076379372],[109.94999882960636,21.32000109263645]]]}"
000000000000000004ca,23,79,201366.0,16303.240506329113,9983.0,5002.0,1287956.0,"{""type"":""Polygon"",""coordinates"":[[[110.44999784043416,21.320001113353158],[110.5124982349368,21.320001123832125],[110.57499872458666,21.32000108983979],[110.63749917888184,21.320001069262087],[110.69999955841789,21.320001108294505],[110.76250000585576,21.320001142927126],[110.82500048216698,21.320001132165896],[110.88750085753803,21.320001133256977],[110.95000127517433,21.32000108144544],[110.95000127517434,21.820000145620188],[110.88750085753803,21.820000133789044],[110.82500048216698,21.820000063253616],[110.76250000585576,21.820000086532858],[110.69999955841789,21.820000146875152],[110.63749917888184,21.82000011258145],[110.57499872458666,21.820000135413903],[110.5124982349368,21.82000008304148],[110.44999784043416,21.820000071494007],[110.44999784043416,21.320001113353158]]]}"
000000000000000004cb,24,49,393297.0,20913.979591836734,8321.0,5820.0,1024785.0,"{""type"":""Polygon"",""coordinates"":[[[110.95000127517433,21.32000108144544],[111.012501150796,21.320001092765473],[111.07500108272143,21.32000112963289],[111.13750094178911,21.320001075483624],[111.2000007809136,21.320001135843043],[111.26250065316744,21.320001083496553],[111.3250005208042,21.320001135236854],[111.38750043719087,21.320001063468844],[111.45000027388987,21.32000109652374],[111.45000027388987,21.820000126736844],[111.38750043719087,21.820000101039078],[111.3250005208042,21.820000082244924],[111.26250065316744,21.820000101694664],[111.2000007809136,21.820000128649408],[111.13750094178911,21.82000011986257],[111.07500108272143,21.820000130502926],[111.012501150796,21.82000012891403],[110.95000127517434,21.820000145620188],[110.95000127517433,21.32000108144544]]]}"
000000000000000004cc,25,103,185662.0,19015.582524271846,11602.0,5601.0,1958605.0,"{""type"":""Polygon"",""coordinates"":[[[99.45000201518567,21.82000007340185],[99.5125018654743,21.820000122424805],[99.57500174951721,21.82000009171745],[99.63750160295518,21.820000146547383],[99.70000144757573,21.82000008687337],[99.76250139162286,21.82000006751931],[99.82500120435228,21.82000008317236],[99.88750108168577,21.820000103091342],[99.95000096556808,21.820000111481157],[99.95000096556808,22.319999107088545],[99.88750108168576,22.319999110686695],[99.82500120435228,22.31999910176523],[99.76250139162286,22.31999909636152],[99.70000144757573,22.319999125730522],[99.63750160295518,22.319999105212712],[99.57500174951721,22.319999150502174],[99.5125018654743,22.31999910180807],[99.45000201518567,22.319999064228835],[99.45000201518567,21.82000007340185]]]}"
000000000000000004cd,26,245,220439.0,17053.2,10776.1,5800.0,4178034.0,"{""type"":""Polygon"",""coordinates"":[[[99.95000096556808,21.820000111481157],[100.01250088437155,21.820000087247376],[100.07500069700846,21.82000010946923],[100.13750060505761,21.820000146188807],[100.20000046983237,21.820000096209505],[100.26250032462946,21.820000117474432],[100.32500020405068,21.82000009786218],[100.38750014399517,21.820000104818657],[100.45000001014012,21.820000126515296],[100.45000001014012,22.31999913295478],[100.38750014399517,22.319999142444424],[100.32500020405068,22.319999073352456],[100.26250032462946,22.31999911743648],[100.20000046983237,22.31999911774931],[100.13750060505761,22.31999909682848],[100.07500069700846,22.319999076948775],[100.01250088437155,22.319999069538174],[99.95000096556808,22.319999107088545],[99.95000096556808,21.820000111481157]]]}"
000000000000000004ce,27,0,,,,,0.0,"{""type"":""Polygon"",""coordinates"":[[[100.45000001014012,21.820000126515296],[100.5124998406031,21.820000140166062],[100.57499976065216,21.820000117186307],[100.63749963926456,21.820000135116928],[100.69999951819264,21.820000080615557],[100.76249935439841,21.820000115190155],[100.8249992780695,21.820000119368174],[100.88749907622298,21.820000085960217],[100.94999896751168,21.820000068935297],[100.94999896751168,22.31999910860458],[100.88749907622298,22.319999107150917],[100.8249992780695,22.319999115763412],[100.76249935439841,22.31999908108444],[100.69999951819264,22.319999100191964],[100.63749963926456,22.319999113428207],[100.57499976065216,22.319999139221505],[100.5124998406031,22.319999111620177],[100.45000001014012,22.31999913295478],[100.45000001014012,21.820000126515296]]]}"
000000000000000004cf,28,0,,,,,0.0,"{""type"":""Polygon"",""coordinates"":[[[100.94999896751168,21.820000068935297],[101.01249882717767,21.820000144800996],[101.07499870389056,21.82000010914475],[101.13749864753342,21.820000116285055],[101.19999844987971,21.820000068723758],[101.26249833570857,21.820000108558425],[101.32499827178705,21.820000126074568],[101.38749813924753,21.82000010716097],[101.44999799327965,21.820000115256757],[101.44999799327965,22.319999127870616],[101.38749813924753,22.319999073674396],[101.32499827178705,22.31999912715755],[101.26249833570857,22.31999913567069],[101.19999844987971,22.31999911352614],[101.13749864753342,22.31999908102031],[101.07499870389056,22.3199990761172],[101.01249882717767,22.31999910669003],[100.94999896751168,22.31999910860458],[100.94999896751168,21.820000068935297]]]}"
000000000000000004d0,29,286,491462.0,21688.29020979021,12335.760033444816,5800.0,6202851.0,"{""type"":""Polygon"",""coordinates"":[[[106.95000040889545,21.820000115620022],[107.01250024745117,21.820000078473004],[107.07500010115805,21.820000113217805],[107.13750000360177,21.82000009205478],[107.19999989867381,21.820000072670748],[107.26249973064182,21.820000112579343],[107.32499962457192,21.820000073769386],[107.38749952560921,21.820000101239682],[107.44999937926345,21.820000075962263],[107.44999937926345,22.319999070745265],[107.38749952560921,22.319999075060533],[107.32499962457192,22.31999914903785],[107.26249973064182,22.31999914832381],[107.19999989867381,22.319999104307946],[107.13750000360177,22.319999067820945],[107.07500010115804,22.31999906983038],[107.01250024745117,22.319999141214513],[106.95000040889545,22.319999146232288],[106.95000040889545,21.820000115620022]]]}"
000000000000000004d1,30,40,135903.0,19804.725,12040.5,5805.0,792189.0,"{""type"":""Polygon"",""coordinates"":[[[107.44999937926345,21.820000075962263],[107.51249922168424,21.82000013277558],[107.57499908946542,21.8200001424612],[107.63749901963907,21.820000063494263],[107.69999886898934,21.820000137498592],[107.76249876564697,21.820000136876846],[107.8249986574864,21.820000117222925],[107.88749849272108,21.820000133949275],[107.94999840073855,21.820000134325973],[107.94999840073855,22.319999142794707],[107.88749849272108,22.319999132013738],[107.8249986574864,22.31999913424195],[107.76249876564697,22.319999115291495],[107.69999886898934,22.319999108039013],[107.63749901963907,22.319999145266582],[107.57499908946542,22.31999910401204],[107.51249922168424,22.319999094383252],[107.44999937926345,22.319999070745265],[107.44999937926345,21.820000075962263]]]}"
000000000000000004d2,31,57,48210.0,11651.105263157895,9119.0,5801.0,664113.0,"{""type"":""Polygon"",""coordinates"":[[[107.94999840073855,21.820000134325973],[108.01249878272381,21.82000012249241],[108.07499922645421,21.82000010559116],[108.13749968162853,21.820000138076573],[108.20000009826589,21.82000009890739],[108.26250051721281,21.82000011962792],[108.32500097969988,21.82000006851714],[108.387501436792,21.820000086835226],[108.45000183986016,21.82000014043495],[108.45000183986016,22.319999070871507],[108.387501436792,22.319999144905065],[108.32500097969988,22.31999910367219],[108.26250051721281,22.319999069357696],[108.20000009826589,22.31999907648721],[108.13749968162853,22.319999082226186],[108.07499922645421,22.31999913108655],[108.01249878272381,22.31999908155197],[107.94999840073855,22.319999142794707],[107.94999840073855,21.820000134325973]]]}"
000000000000000004d3,32,31,146945.0,15126.032258064517,8293.0,5801.0,468907.0,"{""type"":""Polygon"",""coordinates"":[[[108.45000183986016,21.82000014043495],[108.51250168769621,21.820000072316084],[108.57500156618424,21.82000012540667],[108.63750142769644,21.82000008989992],[108.70000131552,21.820000095376308],[108.76250118265287,21.820000106700743],[108.8250010730305,21.82000007797459],[108.88750094026051,21.82000014854658],[108.95000082890888,21.82000009722343],[108.95000082890888,22.31999908320765],[108.88750094026051,22.319999088288203],[108.8250010730305,22.319999078143617],[108.76250118265287,22.319999099902546],[108.70000131552,22.319999102184564],[108.63750142769644,22.319999131642742],[108.57500156618424,22.319999136456666],[108.51250168769621,22.31999907526814],[108.45000183986016,22.319999070871507],[108.45000183986016,21.82000014043495]]]}"
000000000000000004d4,33,36,63941.0,12914.166666666666,8302.5,5806.0,464910.0,"{""type"":""Polygon"",""coordinates"":[[[108.95000082890888,21.82000009722343],[109.01250069317662,21.820000150294145],[109.07500057824282,21.820000086188767],[109.13750043888552,21.82000013066252],[109.20000032087941,21.820000149050255],[109.26250017956323,21.82000010472264],[109.32500006128967,21.820000124435662],[109.38749992194201,21.82000008388186],[109.44999980843326,21.820000109245203],[109.44999980843326,22.31999912005228],[109.38749992194201,22.31999909256556],[109.32500006128967,22.31999914490495],[109.26250017956323,22.319999151677518],[109.20000032087941,22.319999150493487],[109.13750043888552,22.31999910261483],[109.07500057824282,22.31999913257943],[109.01250069317662,22.319999113840115],[108.95000082890888,22.31999908320765],[108.95000082890888,21.82000009722343]]]}"
000000000000000004d5,34,733,279368.0,16996.18008185539,8964.540983606557,4568.0,1.24582E7,"{""type"":""Polygon"",""coordinates"":[[[109.44999980843326,21.820000109245203],[109.51249967717493,21.82000007586909],[109.57499957562284,21.820000109363253],[109.63749946070045,21.820000084720636],[109.69999938038876,21.82000012697461],[109.76249920127421,21.82000012202748],[109.82499906265927,21.820000096112633],[109.88749892244346,21.820000097623577],[109.94999882960636,21.820000076379372],[109.94999882960634,22.31999908920432],[109.88749892244346,22.319999108474086],[109.82499906265927,22.319999113332344],[109.76249920127421,22.319999154774525],[109.69999938038876,22.319999097926285],[109.63749946070045,22.319999091718103],[109.57499957562284,22.319999076442674],[109.51249967717493,22.319999102119443],[109.44999980843326,22.31999912005228],[109.44999980843326,21.820000109245203]]]}"
000000000000000004d6,35,983,369157.0,20127.004069175993,11091.4875,5800.0,1.9784845E7,"{""type"":""Polygon"",""coordinates"":[[[109.94999882960636,21.820000076379372],[110.01249874251052,21.820000080321073],[110.07499861973156,21.820000070244248],[110.13749851093975,21.820000082255564],[110.19999837515131,21.82000007674557],[110.26249826248451,21.82000008928576],[110.32499813237996,21.8200000798605],[110.38749794447425,21.820000095163483],[110.44999784043416,21.820000071494007],[110.44999784043416,22.319999146119457],[110.38749794447425,22.319999125742957],[110.32499813237996,22.319999068937296],[110.26249826248451,22.319999127320656],[110.19999837515131,22.31999908111854],[110.13749851093975,22.319999144726857],[110.07499861973156,22.319999109598278],[110.01249874251052,22.319999102851604],[109.94999882960634,22.31999908920432],[109.94999882960636,21.820000076379372]]]}"
000000000000000004d7,36,485,154271.0,15318.117525773196,9958.4,5797.0,7429287.0,"{""type"":""Polygon"",""coordinates"":[[[110.44999784043416,21.820000071494007],[110.5124982349368,21.82000008304148],[110.57499872458666,21.820000135413903],[110.63749917888184,21.82000011258145],[110.69999955841789,21.820000146875152],[110.76250000585576,21.820000086532858],[110.82500048216698,21.820000063253616],[110.88750085753803,21.820000133789044],[110.95000127517434,21.820000145620188],[110.95000127517433,22.319999140590888],[110.88750085753803,22.319999090239165],[110.82500048216698,22.319999064588],[110.76250000585576,22.319999130653603],[110.69999955841789,22.31999914542397],[110.63749917888184,22.319999064481188],[110.57499872458666,22.31999912739866],[110.5124982349368,22.319999115793483],[110.44999784043416,22.319999146119457],[110.44999784043416,21.820000071494007]]]}"
000000000000000004db,40,3,10797.0,8860.333333333334,9966.0,5818.0,26581.0,"{""type"":""Polygon"",""coordinates"":[[[112.44999830829926,21.82000007077224],[112.51249872542826,21.820000153248756],[112.57499913573395,21.820000097294532],[112.63749959462092,21.82000010010254],[112.70000006661674,21.820000113907287],[112.76250042539426,21.820000103999973],[112.82500090837965,21.820000068679054],[112.88750129843874,21.820000071765214],[112.95000174215942,21.820000124044636],[112.95000174215942,22.31999915020778],[112.88750129843872,22.319999137439982],[112.82500090837965,22.319999145385328],[112.76250042539426,22.319999078654188],[112.70000006661674,22.319999131077555],[112.63749959462092,22.3199991342381],[112.57499913573395,22.319999123324212],[112.51249872542826,22.319999146818216],[112.44999830829926,22.319999094409305],[112.44999830829926,21.82000007077224]]]}"
000000000000000004dc,41,5,22376.0,10938.8,6630.0,5801.0,54694.0,"{""type"":""Polygon"",""coordinates"":[[[112.95000174215942,21.820000124044636],[113.01250165895985,21.820000085283567],[113.07500155915373,21.82000008426873],[113.13750140764363,21.820000071909334],[113.20000126025225,21.820000071168725],[113.26250117281332,21.820000104632033],[113.32500101945124,21.820000135999837],[113.3875008560576,21.820000101908633],[113.45000073852206,21.820000109702292],[113.45000073852206,22.31999908098364],[113.3875008560576,22.319999111429176],[113.32500101945124,22.319999148524516],[113.26250117281332,22.31999908590457],[113.20000126025225,22.319999073524166],[113.13750140764363,22.319999148263246],[113.07500155915373,22.319999117272925],[113.01250165895986,22.319999129858367],[112.95000174215942,22.31999915020778],[112.95000174215942,21.820000124044636]]]}"
000000000000000004dd,42,292,501336.0,20679.034246575342,11221.882352941177,5801.0,6038278.0,"{""type"":""Polygon"",""coordinates"":[[[120.45000012210245,21.820000131989758],[120.51250003971631,21.820000099003618],[120.57499995013146,21.82000009841021],[120.63749979827895,21.820000136909606],[120.69999970425633,21.820000103437504],[120.76249952447415,21.820000103815108],[120.82499937814268,21.820000107981045],[120.88749929623037,21.82000010348288],[120.94999913413275,21.820000113772217],[120.94999913413275,22.319999129810736],[120.88749929623037,22.319999091276173],[120.82499937814268,22.31999915003566],[120.76249952447415,22.319999120344907],[120.69999970425633,22.31999909766862],[120.63749979827895,22.319999113865894],[120.57499995013146,22.319999063911958],[120.51250003971631,22.319999142447106],[120.45000012210248,22.319999098627722],[120.45000012210245,21.820000131989758]]]}"
000000000000000004de,43,886,317665.0,18717.841986455984,11134.853658536585,3011.0,1.6584008E7,"{""type"":""Polygon"",""coordinates"":[[[99.45000201518567,22.319999064228835],[99.5125018654743,22.31999910180807],[99.57500174951721,22.319999150502174],[99.63750160295518,22.319999105212712],[99.70000144757573,22.319999125730522],[99.76250139162286,22.31999909636152],[99.82500120435228,22.31999910176523],[99.88750108168576,22.319999110686695],[99.95000096556808,22.319999107088545],[99.95000096556808,22.819998083125924],[99.88750108168576,22.819998094344353],[99.82500120435228,22.819998093889232],[99.76250139162286,22.819998098035445],[99.70000144757573,22.819998138542307],[99.63750160295518,22.819998130835415],[99.57500174951721,22.819998100979543],[99.5125018654743,22.819998069559233],[99.45000201518567,22.81999814189708],[99.45000201518567,22.319999064228835]]]}"
000000000000000004e0,45,24,165550.0,27283.041666666668,12416.5,3899.0,654793.0,"{""type"":""Polygon"",""coordinates"":[[[100.45000001014012,22.31999913295478],[100.5124998406031,22.319999111620177],[100.57499976065216,22.319999139221505],[100.63749963926456,22.319999113428207],[100.69999951819264,22.319999100191964],[100.76249935439841,22.31999908108444],[100.8249992780695,22.319999115763412],[100.88749907622298,22.319999107150917],[100.94999896751168,22.31999910860458],[100.94999896751168,22.819998089953337],[100.88749907622298,22.819998125840005],[100.8249992780695,22.819998077610233],[100.76249935439841,22.8199980720115],[100.69999951819264,22.819998116430497],[100.63749963926456,22.81999815172057],[100.57499976065216,22.819998106781267],[100.5124998406031,22.819998095655215],[100.45000001014012,22.819998131020977],[100.45000001014012,22.31999913295478]]]}"
000000000000000004e1,46,0,,,,,0.0,"{""type"":""Polygon"",""coordinates"":[[[100.94999896751168,22.31999910860458],[101.01249882717767,22.31999910669003],[101.07499870389056,22.3199990761172],[101.13749864753342,22.31999908102031],[101.19999844987971,22.31999911352614],[101.26249833570857,22.31999913567069],[101.32499827178705,22.31999912715755],[101.38749813924753,22.319999073674396],[101.44999799327965,22.319999127870616],[101.44999799327965,22.819998151693063],[101.38749813924753,22.819998092198926],[101.32499827178705,22.819998133245136],[101.26249833570857,22.819998122659694],[101.19999844987971,22.81999807495196],[101.13749864753342,22.81999810040132],[101.07499870389056,22.819998147930534],[101.01249882717767,22.819998135789287],[100.94999896751168,22.819998089953337],[100.94999896751168,22.31999910860458]]]}"
000000000000000004e2,47,0,,,,,0.0,"{""type"":""Polygon"",""coordinates"":[[[101.44999799327965,22.319999127870616],[101.51249841049612,22.319999135866762],[101.57499884204753,22.319999113390107],[101.63749925963809,22.31999912884993],[101.6999997227788,22.319999064954814],[101.7625001182872,22.319999085592883],[101.8250005946132,22.319999066674697],[101.88750104047836,22.319999082093396],[101.95000143238939,22.31999910967803],[101.95000143238939,22.819998139139344],[101.88750104047836,22.81999808741976],[101.8250005946132,22.819998127404652],[101.7625001182872,22.819998102561218],[101.6999997227788,22.819998118306973],[101.63749925963809,22.819998120154263],[101.57499884204753,22.819998123610713],[101.51249841049612,22.81999806721447],[101.44999799327965,22.819998151693063],[101.44999799327965,22.319999127870616]]]}"
000000000000000004e3,48,0,,,,,0.0,"{""type"":""Polygon"",""coordinates"":[[[101.95000143238939,22.31999910967803],[102.01250131215058,22.319999070151294],[102.07500118037699,22.319999081328003],[102.13750110367965,22.319999113801064],[102.20000097521849,22.319999151101747],[102.26250086349057,22.31999907396314],[102.32500066333235,22.319999134011734],[102.38750053252556,22.319999115338835],[102.45000045517783,22.319999083459773],[102.45000045517783,22.819998083706174],[102.38750053252556,22.819998095339045],[102.32500066333235,22.819998080596513],[102.26250086349057,22.819998063770104],[102.20000097521849,22.81999808246807],[102.13750110367965,22.819998064243332],[102.07500118037699,22.81999812883751],[102.01250131215058,22.819998114032543],[101.95000143238939,22.819998139139344],[101.95000143238939,22.31999910967803]]]}"
000000000000000004e4,49,703,161255.0,15962.894736842105,10751.142857142857,5731.0,1.1221915E7,"{""type"":""Polygon"",""coordinates"":[[[106.45000134194315,22.31999912637693],[106.51250122173896,22.319999127257567],[106.57500113489608,22.31999908297858],[106.63750102130584,22.31999914085878],[106.70000091124314,22.3199990858006],[106.76250074549382,22.319999152902213],[106.82500064529452,22.319999117152395],[106.88750046233555,22.319999134546016],[106.95000040889545,22.319999146232288],[106.95000040889545,22.819998081940284],[106.88750046233555,22.819998119204932],[106.82500064529452,22.819998103603012],[106.76250074549382,22.819998094900193],[106.70000091124314,22.819998113684463],[106.63750102130584,22.819998121280662],[106.57500113489608,22.81999814756841],[106.51250122173896,22.819998143661564],[106.45000134194315,22.819998139085172],[106.45000134194315,22.31999912637693]]]}"
000000000000000004e5,50,1186,1590180.0,21976.755480607084,11231.884792626728,3318.0,2.6064432E7,"{""type"":""Polygon"",""coordinates"":[[[106.95000040889545,22.319999146232288],[107.01250024745117,22.319999141214513],[107.07500010115804,22.31999906983038],[107.13750000360177,22.319999067820945],[107.19999989867381,22.319999104307946],[107.26249973064182,22.31999914832381],[107.32499962457192,22.31999914903785],[107.38749952560921,22.319999075060533],[107.44999937926345,22.319999070745265],[107.44999937926345,22.819998148195566],[107.38749952560921,22.81999806894736],[107.32499962457192,22.8199980958949],[107.26249973064182,22.81999808522804],[107.19999989867381,22.81999806882894],[107.13750000360177,22.819998098361538],[107.07500010115805,22.819998117258542],[107.01250024745117,22.819998068777604],[106.95000040889545,22.819998081940284],[106.95000040889545,22.319999146232288]]]}"
000000000000000004f2,63,39,131438.0,18843.74358974359,10748.0,5786.0,734906.0,"{""type"":""Polygon"",""coordinates"":[[[113.94999980127372,22.319999082003726],[114.01249961494779,22.31999909368712],[114.07499948848324,22.319999132278607],[114.13749938691707,22.319999144451227],[114.19999927528013,22.319999076773197],[114.26249911859477,22.319999131036305],[114.32499906323218,22.319999139450157],[114.3874988927758,22.31999907673524],[114.44999875351041,22.31999911496219],[114.44999875351041,22.81999810150969],[114.3874988927758,22.819998118395254],[114.32499906323218,22.819998104447414],[114.26249911859477,22.819998144101156],[114.19999927528013,22.819998092818036],[114.13749938691707,22.819998119638345],[114.07499948848324,22.81999810874959],[114.01249961494779,22.819998114427392],[113.94999980127372,22.819998105596003],[113.94999980127372,22.319999082003726]]]}"
000000000000000004f3,64,729,605330.0,23574.20438957476,13850.373737373737,5780.0,1.7185595E7,"{""type"":""Polygon"",""coordinates"":[[[120.45000012210248,22.319999098627722],[120.51250003971631,22.319999142447106],[120.57499995013146,22.319999063911958],[120.63749979827895,22.319999113865894],[120.69999970425633,22.31999909766862],[120.76249952447415,22.319999120344907],[120.82499937814268,22.31999915003566],[120.88749929623037,22.319999091276173],[120.94999913413275,22.319999129810736],[120.94999913413275,22.819998145864627],[120.88749929623037,22.819998121102437],[120.82499937814268,22.81999811634392],[120.76249952447415,22.81999810978005],[120.69999970425633,22.819998116804623],[120.63749979827895,22.819998089371232],[120.57499995013146,22.81999808661546],[120.51250003971631,22.81999814154591],[120.45000012210248,22.819998086140213],[120.45000012210248,22.319999098627722]]]}"
000000000000000004fd,74,506,209668.0,15710.290513833992,9891.241379310344,5243.0,7949407.0,"{""type"":""Polygon"",""coordinates"":[[[103.95000192741529,22.819998137939518],[104.01250180165823,22.819998149539767],[104.07500169504861,22.819998136686433],[104.13750152472561,22.819998077338173],[104.2000013857669,22.819998111180194],[104.2625012853988,22.819998118767842],[104.32500114279593,22.819998077491377],[104.38750105528894,22.819998126116065],[104.450000943384,22.819998063897266],[104.450000943384,23.320001539614196],[104.38750105528894,23.320001575158866],[104.32500114279593,23.3200015639335],[104.2625012853988,23.32000152925776],[104.2000013857669,23.32000159957351],[104.13750152472561,23.320001531261397],[104.07500169504861,23.320001532996653],[104.01250180165823,23.320001554672384],[103.95000192741529,23.320001529745706],[103.95000192741529,22.819998137939518]]]}"
000000000000000004fe,75,603,624758.0,21936.573797678277,9524.194630872484,5459.0,1.3227754E7,"{""type"":""Polygon"",""coordinates"":[[[104.450000943384,22.819998063897266],[104.512500817009,22.819998126061382],[104.57500068678307,22.81999810338434],[104.6375005640113,22.81999814170863],[104.70000037169314,22.81999812855584],[104.76250030042463,22.819998103801332],[104.825000185528,22.819998140406966],[104.88750004089037,22.819998117003845],[104.94999988105903,22.819998089460015],[104.94999988105903,23.320001538798827],[104.88750004089037,23.320001577557754],[104.825000185528,23.320001583634806],[104.76250030042463,23.320001590379082],[104.70000037169314,23.3200015421932],[104.6375005640113,23.320001543763407],[104.57500068678307,23.320001556058944],[104.512500817009,23.32000160310649],[104.450000943384,23.320001539614196],[104.450000943384,22.819998063897266]]]}"
000000000000000004ff,76,0,,,,,0.0,"{""type"":""Polygon"",""coordinates"":[[[105.44999894178211,22.819998144225373],[105.51249877961354,22.81999812890427],[105.57499869290272,22.819998130953397],[105.63749852402003,22.819998132765267],[105.69999838424833,22.819998089836314],[105.76249829603358,22.819998143192798],[105.82499819282427,22.819998088836638],[105.88749800852842,22.819998076480527],[105.94999794643947,22.81999813974085],[105.94999794643947,23.320001555137566],[105.88749800852842,23.320001584061547],[105.82499819282428,23.320001563535474],[105.76249829603358,23.320001549156707],[105.69999838424833,23.320001568504964],[105.63749852402003,23.320001560645245],[105.57499869290272,23.32000156201209],[105.51249877961354,23.320001529346165],[105.44999894178211,23.320001568952314],[105.44999894178211,22.819998144225373]]]}"
00000000000000000500,77,0,,,,,0.0,"{""type"":""Polygon"",""coordinates"":[[[105.94999794643947,22.81999813974085],[106.01249839000212,22.819998116453508],[106.07499873697631,22.819998121978582],[106.13749919243547,22.819998100639975],[106.19999960320456,22.819998121788604],[106.26250008579031,22.81999813840214],[106.32500048791435,22.819998131262146],[106.3875009271412,22.819998141146048],[106.45000134194315,22.819998139085172],[106.45000134194315,23.32000155502098],[106.3875009271412,23.32000160728154],[106.32500048791435,23.320001607024302],[106.26250008579031,23.320001583600973],[106.19999960320456,23.320001585239662],[106.13749919243547,23.32000154315703],[106.07499873697631,23.32000159336777],[106.01249839000212,23.32000157852289],[105.94999794643947,23.320001555137566],[105.94999794643947,22.81999813974085]]]}"
00000000000000000501,78,398,454920.0,22772.075376884422,11099.378378378378,5760.0,9063286.0,"{""type"":""Polygon"",""coordinates"":[[[106.45000134194315,22.819998139085172],[106.51250122173896,22.819998143661564],[106.57500113489608,22.81999814756841],[106.63750102130584,22.819998121280662],[106.70000091124314,22.819998113684463],[106.76250074549382,22.819998094900193],[106.82500064529452,22.819998103603012],[106.88750046233555,22.819998119204932],[106.95000040889545,22.819998081940284],[106.95000040889545,23.320001604412056],[106.88750046233555,23.320001594829918],[106.82500064529452,23.320001575243857],[106.76250074549382,23.320001606379062],[106.70000091124314,23.320001532920603],[106.63750102130584,23.320001581262687],[106.57500113489608,23.32000160552043],[106.51250122173896,23.320001557407604],[106.45000134194315,23.32000155502098],[106.45000134194315,22.819998139085172]]]}"
00000000000000000514,97,194,326833.0,16768.092783505155,8947.666666666666,5760.0,3253010.0,"{""type"":""Polygon"",""coordinates"":[[[115.95000026937656,22.81999813808688],[116.01250011027291,22.81999811093277],[116.07499995156216,22.81999808340554],[116.13749984612735,22.81999814706748],[116.1999997565261,22.819998072261754],[116.26249964521116,22.819998134149966],[116.32499947452831,22.819998102824155],[116.38749938684246,22.81999813681899],[116.44999925409569,22.81999810586194],[116.44999925409569,23.320001565083984],[116.38749938684246,23.320001604274335],[116.32499947452831,23.320001588158412],[116.26249964521116,23.320001563533804],[116.1999997565261,23.320001541520025],[116.13749984612735,23.32000158467312],[116.07499995156216,23.320001587098496],[116.01250011027291,23.320001610971133],[115.95000026937656,23.32000156584969],[115.95000026937656,22.81999813808688]]]}"
00000000000000000518,101,416,411586.0,20515.141826923078,11082.914285714285,5296.0,8534299.0,"{""type"":""Polygon"",""coordinates"":[[[98.94999854015231,23.32000158824108],[99.01249894448146,23.320001582588713],[99.07499935293878,23.320001566945837],[99.13749985949617,23.320001607498376],[99.2000002217807,23.320001609872087],[99.26250070551194,23.320001539888153],[99.32500115540873,23.320001567927875],[99.38750158649148,23.32000158421761],[99.45000201518567,23.32000156876344],[99.45000201518567,23.820000606343175],[99.3875015864915,23.820000545138377],[99.32500115540873,23.820000548568746],[99.26250070551194,23.820000547018296],[99.2000002217807,23.820000560526662],[99.13749985949617,23.82000059885722],[99.07499935293878,23.820000606777285],[99.01249894448146,23.82000058864264],[98.94999854015231,23.82000056864989],[98.94999854015231,23.32000158824108]]]}"
00000000000000000525,114,67,97536.0,13664.925373134329,9017.0,5738.0,915550.0,"{""type"":""Polygon"",""coordinates"":[[[105.44999894178211,23.320001568952314],[105.51249877961354,23.320001529346165],[105.57499869290272,23.32000156201209],[105.63749852402003,23.320001560645245],[105.69999838424833,23.320001568504964],[105.76249829603358,23.320001549156707],[105.82499819282428,23.320001563535474],[105.88749800852842,23.320001584061547],[105.94999794643947,23.320001555137566],[105.94999794643947,23.82000055329557],[105.88749800852842,23.820000552680263],[105.82499819282427,23.82000055606109],[105.76249829603358,23.820000531570113],[105.69999838424833,23.82000059549173],[105.63749852402003,23.82000059899536],[105.57499869290272,23.82000057901429],[105.51249877961354,23.820000581408436],[105.44999894178211,23.82000053581179],[105.44999894178211,23.320001568952314]]]}"
00000000000000000526,115,213,130334.0,17627.600938967134,10660.222222222223,5738.0,3754679.0,"{""type"":""Polygon"",""coordinates"":[[[105.94999794643947,23.320001555137566],[106.01249839000212,23.32000157852289],[106.07499873697631,23.32000159336777],[106.13749919243547,23.32000154315703],[106.19999960320456,23.320001585239662],[106.26250008579031,23.320001583600973],[106.32500048791435,23.320001607024302],[106.3875009271412,23.32000160728154],[106.45000134194315,23.32000155502098],[106.45000134194315,23.820000619147145],[106.3875009271412,23.820000585940655],[106.32500048791435,23.82000054958989],[106.26250008579031,23.82000053988134],[106.19999960320455,23.820000605786127],[106.13749919243547,23.82000059064507],[106.07499873697631,23.82000054284786],[106.01249839000212,23.82000057009607],[105.94999794643947,23.82000055329557],[105.94999794643947,23.320001555137566]]]}"
0000000000000000040f,1674,0,,,,,0.0,"{""type"":""Polygon"",""coordinates"":[[[105.94999794643947,34.82000085654501],[106.01249839000212,34.820000893890494],[106.07499873697631,34.8200008977032],[106.13749919243547,34.82000087901502],[106.19999960320456,34.8200008969451],[106.26250008579031,34.820000891823014],[106.32500048791435,34.82000092243017],[106.3875009271412,34.8200009284687],[106.45000134194315,34.8200008739871],[106.45000134194315,35.31999987690471],[106.3875009271412,35.31999993449178],[106.32500048791435,35.31999989969321],[106.26250008579031,35.31999989012294],[106.19999960320456,35.319999884882854],[106.13749919243547,35.31999990728903],[106.07499873697631,35.319999935779094],[106.01249839000212,35.31999991177387],[105.94999794643947,35.31999990669449],[105.94999794643947,34.82000085654501]]]}"
00000000000000000422,1750,1,5101.0,5101.0,5101.0,5101.0,5101.0,"{""type"":""Polygon"",""coordinates"":[[[101.44999799327965,35.319999855043534],[101.51249841049612,35.31999986345338],[101.57499884204753,35.31999987084756],[101.63749925963809,35.31999993280741],[101.6999997227788,35.31999993099765],[101.7625001182872,35.31999992896078],[101.8250005946132,35.31999988185938],[101.88750104047836,35.319999852716904],[101.95000143238939,35.31999989581496],[101.95000143238939,35.819998897025215],[101.88750104047836,35.81999889681873],[101.8250005946132,35.81999888144935],[101.7625001182872,35.81999887929837],[101.6999997227788,35.81999891000305],[101.63749925963809,35.81999893655971],[101.57499884204753,35.81999889599884],[101.51249841049612,35.8199989063157],[101.44999799327965,35.81999891255037],[101.44999799327965,35.319999855043534]]]}"
00000000000000000425,1753,0,,,,,0.0,"{""type"":""Polygon"",""coordinates"":[[[102.94999943487058,35.31999987250713],[103.01249935240315,35.31999987060564],[103.07499921140635,35.319999854051176],[103.13749909321939,35.31999986214388],[103.19999899214639,35.31999986113287],[103.26249881522786,35.31999990907664],[103.3249987344573,35.31999986990412],[103.38749857035549,35.31999989322767],[103.44999840847325,35.31999993442087],[103.44999840847325,35.819998922274046],[103.38749857035549,35.81999889882395],[103.3249987344573,35.819998879833875],[103.26249881522786,35.819998910136675],[103.19999899214639,35.81999892293173],[103.13749909321939,35.819998890512224],[103.07499921140635,35.819998918973916],[103.01249935240315,35.81999887861949],[102.94999943487058,35.81999889447126],[102.94999943487058,35.31999987250713]]]}"
00000000000000000426,1754,2,6559.0,5830.0,5830.0,5101.0,11660.0,"{""type"":""Polygon"",""coordinates"":[[[103.44999840847325,35.31999993442087],[103.51249886474936,35.3199998883748],[103.57499932114563,35.31999987121861],[103.6374997774681,35.31999992948649],[103.70000014592347,35.3199998730587],[103.762500604532,35.31999989199685],[103.8250010670569,35.319999877756196],[103.88750144784625,35.31999988604298],[103.95000192741529,35.319999859222776],[103.95000192741529,35.8199989122355],[103.88750144784625,35.81999891391338],[103.8250010670569,35.81999886421864],[103.76250060453198,35.819998902715696],[103.70000014592347,35.819998892674136],[103.6374997774681,35.81999886055269],[103.57499932114563,35.81999886310622],[103.51249886474936,35.81999892621348],[103.44999840847325,35.819998922274046],[103.44999840847325,35.31999993442087]]]}"
00000000000000000427,1755,2,11662.0,8746.5,8746.5,5831.0,17493.0,"{""type"":""Polygon"",""coordinates"":[[[103.95000192741529,35.319999859222776],[104.01250180165823,35.3199999253288],[104.07500169504861,35.319999892412284],[104.13750152472561,35.31999989728144],[104.2000013857669,35.31999989129596],[104.2625012853988,35.31999991800266],[104.32500114279593,35.31999986726681],[104.38750105528894,35.31999985347167],[104.450000943384,35.319999929997564],[104.450000943384,35.81999888113636],[104.38750105528894,35.81999892383429],[104.32500114279593,35.81999887387478],[104.2625012853988,35.81999892299079],[104.2000013857669,35.819998876527066],[104.13750152472561,35.81999892578026],[104.07500169504861,35.81999886475767],[104.01250180165823,35.819998905463756],[103.95000192741529,35.8199989122355],[103.95000192741529,35.319999859222776]]]}"
00000000000000000428,1759,14,45264.0,12121.42857142857,8035.0,5111.0,169700.0,"{""type"":""Polygon"",""coordinates"":[[[105.94999794643947,35.31999990669449],[106.01249839000212,35.31999991177387],[106.07499873697631,35.319999935779094],[106.13749919243547,35.31999990728903],[106.19999960320456,35.319999884882854],[106.26250008579031,35.31999989012294],[106.32500048791435,35.31999989969321],[106.3875009271412,35.31999993449178],[106.45000134194315,35.31999987690471],[106.45000134194315,35.819998925599506],[106.3875009271412,35.81999889228386],[106.32500048791435,35.81999889584636],[106.26250008579031,35.81999889158014],[106.19999960320456,35.81999894040136],[106.13749919243547,35.819998903607676],[106.07499873697631,35.819998922509185],[106.01249839000212,35.819998858031724],[105.94999794643948,35.819998863048504],[105.94999794643947,35.31999990669449]]]}"
00000000000000000429,1760,0,,,,,0.0,"{""type"":""Polygon"",""coordinates"":[[[106.45000134194315,35.31999987690471],[106.51250122173896,35.319999916504706],[106.57500113489608,35.31999992932487],[106.63750102130584,35.319999878536024],[106.70000091124314,35.319999877275436],[106.76250074549382,35.31999988823502],[106.82500064529452,35.31999992968346],[106.88750046233555,35.319999895264964],[106.95000040889545,35.31999987099913],[106.95000040889545,35.81999888099884],[106.88750046233555,35.81999893541682],[106.82500064529452,35.81999888174203],[106.76250074549382,35.81999887792692],[106.70000091124314,35.81999886817765],[106.63750102130584,35.81999891592965],[106.57500113489608,35.81999889678985],[106.51250122173896,35.819998860684386],[106.45000134194315,35.819998925599506],[106.45000134194315,35.31999987690471]]]}"
0000000000000000042a,1761,0,,,,,0.0,"{""type"":""Polygon"",""coordinates"":[[[106.95000040889545,35.31999987099913],[107.01250024745117,35.319999925710036],[107.07500010115805,35.3199999136462],[107.13750000360176,35.31999986425271],[107.19999989867381,35.319999901001616],[107.26249973064182,35.319999903378786],[107.32499962457192,35.319999886727835],[107.38749952560921,35.31999989242999],[107.44999937926345,35.31999988048946],[107.44999937926345,35.81999887151477],[107.38749952560921,35.8199989046592],[107.32499962457192,35.81999887934153],[107.26249973064182,35.81999891644507],[107.19999989867381,35.81999889450805],[107.13750000360177,35.81999887976094],[107.07500010115805,35.81999891161077],[107.01250024745117,35.819998867710574],[106.95000040889545,35.81999888099884],[106.95000040889545,35.31999987099913]]]}"
0000000000000000043c,1837,16,13059.0,7166.0,6532.0,5080.0,114656.0,"{""type"":""Polygon"",""coordinates"":[[[101.44999799327965,35.81999891255037],[101.51249841049612,35.8199989063157],[101.57499884204753,35.81999889599884],[101.63749925963809,35.81999893655971],[101.6999997227788,35.81999891000305],[101.7625001182872,35.81999887929837],[101.8250005946132,35.81999888144935],[101.88750104047836,35.81999889681873],[101.95000143238939,35.819998897025215],[101.95000143238939,36.31999791944866],[101.88750104047836,36.31999787984482],[101.8250005946132,36.31999790049788],[101.7625001182872,36.31999792838511],[101.6999997227788,36.31999790164209],[101.63749925963809,36.3199978655327],[101.57499884204753,36.31999792084537],[101.51249841049612,36.319997858881635],[101.44999799327965,36.31999787007293],[101.44999799327965,35.81999891255037]]]}"
0000000000000000043d,1838,0,,,,,0.0,"{""type"":""Polygon"",""coordinates"":[[[101.95000143238939,35.819998897025215],[102.01250131215058,35.81999889746539],[102.07500118037699,35.81999889903545],[102.13750110367965,35.8199988636249],[102.2000009752185,35.81999885259348],[102.26250086349057,35.81999890922857],[102.32500066333235,35.81999893053334],[102.38750053252556,35.819998868163374],[102.45000045517783,35.819998855329715],[102.45000045517783,36.31999793324608],[102.38750053252556,36.319997886548876],[102.32500066333235,36.31999788008037],[102.26250086349057,36.319997863244915],[102.2000009752185,36.31999788464572],[102.13750110367965,36.319997883907256],[102.07500118037699,36.31999789988284],[102.01250131215058,36.31999787179992],[101.95000143238939,36.31999791944866],[101.95000143238939,35.819998897025215]]]}"
0000000000000000043e,1839,6,14513.0,9312.833333333334,8345.5,5079.0,55877.0,"{""type"":""Polygon"",""coordinates"":[[[102.45000045517783,35.819998855329715],[102.51250032874732,35.819998870286014],[102.57500022649201,35.819998872729606],[102.63750004749501,35.81999892245755],[102.69999995447873,35.81999888730344],[102.76249984827193,35.819998908389714],[102.82499971810891,35.81999887165844],[102.88749955406026,35.81999890839694],[102.94999943487058,35.81999889447126],[102.94999943487058,36.319997923589575],[102.88749955406026,36.31999788022813],[102.82499971810891,36.31999785611291],[102.76249984827193,36.31999789372992],[102.69999995447873,36.319997862959085],[102.63750004749501,36.31999787746422],[102.57500022649201,36.319997878625315],[102.51250032874732,36.31999791695457],[102.45000045517783,36.31999793324608],[102.45000045517783,35.819998855329715]]]}"
0000000000000000043f,1841,0,,,,,0.0,"{""type"":""Polygon"",""coordinates"":[[[103.44999840847325,35.819998922274046],[103.51249886474936,35.81999892621348],[103.57499932114563,35.81999886310622],[103.6374997774681,35.81999886055269],[103.70000014592347,35.819998892674136],[103.76250060453198,35.819998902715696],[103.8250010670569,35.81999886421864],[103.88750144784625,35.81999891391338],[103.95000192741529,35.8199989122355],[103.95000192741529,36.319997861388444],[103.88750144784625,36.319997880504324],[103.8250010670569,36.319997911988665],[103.76250060453198,36.31999793292988],[103.70000014592347,36.31999788882225],[103.6374997774681,36.31999788737016],[103.57499932114563,36.31999790445413],[103.51249886474936,36.3199978848486],[103.44999840847325,36.31999786449146],[103.44999840847325,35.819998922274046]]]}"
00000000000000000440,1842,0,,,,,0.0,"{""type"":""Polygon"",""coordinates"":[[[103.95000192741529,35.8199989122355],[104.01250180165823,35.819998905463756],[104.07500169504861,35.81999886475767],[104.13750152472561,35.81999892578026],[104.2000013857669,35.819998876527066],[104.2625012853988,35.81999892299079],[104.32500114279593,35.81999887387478],[104.38750105528894,35.81999892383429],[104.450000943384,35.81999888113636],[104.450000943384,36.31999791062971],[104.38750105528894,36.31999788107778],[104.32500114279593,36.31999790077665],[104.2625012853988,36.31999791755858],[104.2000013857669,36.31999790054994],[104.13750152472561,36.3199978780577],[104.07500169504861,36.31999788892763],[104.01250180165823,36.319997901202505],[103.95000192741529,36.319997861388444],[103.95000192741529,35.8199989122355]]]}"
00000000000000000456,1926,0,,,,,0.0,"{""type"":""Polygon"",""coordinates"":[[[101.95000143238939,36.31999791944866],[102.01250131215058,36.31999787179992],[102.07500118037699,36.31999789988284],[102.13750110367965,36.319997883907256],[102.2000009752185,36.31999788464572],[102.26250086349057,36.319997863244915],[102.32500066333235,36.31999788008037],[102.38750053252556,36.319997886548876],[102.45000045517783,36.31999793324608],[102.45000045517783,36.82000137634639],[102.38750053252556,36.82000138403871],[102.32500066333235,36.820001340456834],[102.26250086349057,36.820001357446266],[102.2000009752185,36.82000132199628],[102.13750110367965,36.82000133617222],[102.07500118037697,36.820001358066],[102.01250131215058,36.820001327501004],[101.95000143238939,36.82000136388253],[101.95000143238939,36.31999791944866]]]}"
00000000000000000457,1927,1,5047.0,5047.0,5047.0,5047.0,5047.0,"{""type"":""Polygon"",""coordinates"":[[[102.45000045517783,36.31999793324608],[102.51250032874732,36.31999791695457],[102.57500022649201,36.319997878625315],[102.63750004749501,36.31999787746422],[102.69999995447873,36.319997862959085],[102.76249984827193,36.31999789372992],[102.82499971810891,36.31999785611291],[102.88749955406026,36.31999788022813],[102.94999943487058,36.319997923589575],[102.94999943487058,36.82000133228671],[102.88749955406026,36.8200013568889],[102.82499971810891,36.82000138753925],[102.76249984827193,36.82000138607813],[102.69999995447873,36.82000138518814],[102.63750004749501,36.820001336472366],[102.57500022649201,36.82000134357868],[102.51250032874732,36.82000137640544],[102.45000045517783,36.82000137634639],[102.45000045517783,36.31999793324608]]]}"
00000000000000000469,2016,2,10746.0,10401.0,10401.0,10056.0,20802.0,"{""type"":""Polygon"",""coordinates"":[[[100.94999896751168,36.82000136986462],[101.01249882717767,36.82000132374841],[101.07499870389056,36.820001336222546],[101.13749864753342,36.82000137384554],[101.19999844987971,36.82000134629965],[101.26249833570857,36.82000136555342],[101.32499827178705,36.82000132432867],[101.38749813924753,36.82000136682669],[101.44999799327965,36.82000137711453],[101.44999799327965,37.32000034660573],[101.38749813924753,37.32000037372004],[101.32499827178705,37.320000362245615],[101.26249833570857,37.32000034713451],[101.19999844987971,37.3200003464331],[101.13749864753342,37.32000038640772],[101.07499870389056,37.320000356403064],[101.01249882717767,37.32000034618378],[100.94999896751168,37.320000389313115],[100.94999896751168,36.82000136986462]]]}"
0000000000000000046a,2017,8,11448.0,7157.625,6442.0,5007.0,57261.0,"{""type"":""Polygon"",""coordinates"":[[[101.44999799327965,36.82000137711453],[101.51249841049612,36.82000135018883],[101.57499884204753,36.82000139016345],[101.63749925963809,36.820001388623474],[101.6999997227788,36.82000139042252],[101.7625001182872,36.820001376306024],[101.8250005946132,36.820001381820255],[101.88750104047836,36.82000138721047],[101.95000143238939,36.82000136388253],[101.95000143238939,37.32000039770358],[101.88750104047836,37.320000362109774],[101.8250005946132,37.32000036935458],[101.7625001182872,37.32000036769983],[101.6999997227788,37.32000037694916],[101.63749925963809,37.32000036228673],[101.57499884204753,37.320000343014506],[101.51249841049612,37.32000035547221],[101.44999799327965,37.32000034660573],[101.44999799327965,36.82000137711453]]]}"
0000000000000000046b,2018,362,173329.0,12787.743093922652,7778.678571428572,5006.0,4629163.0,"{""type"":""Polygon"",""coordinates"":[[[101.95000143238939,36.82000136388253],[102.01250131215058,36.820001327501004],[102.07500118037697,36.820001358066],[102.13750110367965,36.82000133617222],[102.2000009752185,36.82000132199628],[102.26250086349057,36.820001357446266],[102.32500066333235,36.820001340456834],[102.38750053252556,36.82000138403871],[102.45000045517783,36.82000137634639],[102.45000045517783,37.320000356631624],[102.38750053252556,37.32000038969449],[102.32500066333235,37.32000036002665],[102.26250086349057,37.32000037902221],[102.20000097521849,37.32000033496439],[102.13750110367965,37.32000032941923],[102.07500118037699,37.320000321173005],[102.01250131215058,37.320000331066325],[101.95000143238939,37.32000039770358],[101.95000143238939,36.82000136388253]]]}"
0000000000000000046c,2019,1,5012.0,5012.0,5012.0,5012.0,5012.0,"{""type"":""Polygon"",""coordinates"":[[[102.45000045517783,36.82000137634639],[102.51250032874732,36.82000137640544],[102.57500022649201,36.82000134357868],[102.63750004749501,36.820001336472366],[102.69999995447873,36.82000138518814],[102.76249984827193,36.82000138607813],[102.82499971810891,36.82000138753925],[102.88749955406026,36.8200013568889],[102.94999943487058,36.82000133228671],[102.94999943487058,37.3200003691926],[102.88749955406026,37.32000036464941],[102.82499971810891,37.32000035156064],[102.76249984827193,37.32000037273547],[102.69999995447873,37.320000380725745],[102.63750004749501,37.32000032779105],[102.57500022649201,37.320000317085785],[102.51250032874732,37.32000031925672],[102.45000045517783,37.320000356631624],[102.45000045517783,36.82000137634639]]]}"
0000000000000000046d,2020,4,12880.0,7871.0,6440.0,5724.0,31484.0,"{""type"":""Polygon"",""coordinates"":[[[102.94999943487058,36.82000133228671],[103.01249935240315,36.82000136112669],[103.07499921140635,36.82000133880575],[103.13749909321939,36.82000138324239],[103.19999899214639,36.82000137952582],[103.26249881522786,36.820001383921934],[103.3249987344573,36.82000134187426],[103.38749857035549,36.82000131908592],[103.44999840847325,36.8200013510207],[103.44999840847325,37.32000037652559],[103.38749857035549,37.320000364245104],[103.3249987344573,37.32000038897665],[103.26249881522786,37.3200003358123],[103.19999899214639,37.32000038008631],[103.13749909321939,37.32000033609356],[103.07499921140635,37.32000038873376],[103.01249935240315,37.32000033171431],[102.94999943487058,37.3200003691926],[102.94999943487058,36.82000133228671]]]}"
0000000000000000046e,2030,0,,,,,0.0,"{""type"":""Polygon"",""coordinates"":[[[107.94999840073855,36.82000138574334],[108.01249878272381,36.82000133393286],[108.07499922645421,36.82000133949231],[108.13749968162853,36.82000135906614],[108.20000009826589,36.82000134917303],[108.26250051721281,36.82000133130174],[108.32500097969988,36.820001326519105],[108.387501436792,36.82000136990879],[108.45000183986016,36.82000133761297],[108.45000183986016,37.32000036105552],[108.387501436792,37.32000037178793],[108.32500097969988,37.320000333497376],[108.26250051721281,37.320000369666985],[108.20000009826589,37.32000036700688],[108.13749968162853,37.32000038409005],[108.07499922645421,37.320000321255066],[108.01249878272381,37.32000038001017],[107.94999840073855,37.32000036698908],[107.94999840073855,36.82000138574334]]]}"
0000000000000000046f,2031,0,,,,,0.0,"{""type"":""Polygon"",""coordinates"":[[[108.45000183986016,36.82000133761297],[108.51250168769621,36.82000133717264],[108.57500156618424,36.82000138109608],[108.63750142769644,36.82000134475019],[108.70000131552,36.82000132661288],[108.76250118265287,36.82000136015504],[108.8250010730305,36.82000138455734],[108.88750094026051,36.82000135352932],[108.95000082890888,36.820001364145924],[108.95000082890888,37.320000335299625],[108.8875009402605,37.320000350061605],[108.8250010730305,37.32000034908167],[108.76250118265287,37.32000039401884],[108.70000131552,37.32000037387229],[108.63750142769644,37.320000349644445],[108.57500156618424,37.320000367305326],[108.51250168769621,37.32000032968866],[108.45000183986016,37.32000036105552],[108.45000183986016,36.82000133761297]]]}"
00000000000000000491,2218,0,,,,,0.0,"{""type"":""Polygon"",""coordinates"":[[[109.44999980843326,37.81999933705417],[109.51249967717493,37.81999936525439],[109.57499957562284,37.8199993843734],[109.63749946070045,37.8199993447071],[109.69999938038876,37.81999933646236],[109.76249920127421,37.819999325180284],[109.82499906265929,37.81999938461841],[109.88749892244346,37.819999386103994],[109.94999882960636,37.819999340571606],[109.94999882960636,38.31999838396399],[109.88749892244346,38.31999838204797],[109.82499906265929,38.319998341884165],[109.76249920127421,38.31999833063078],[109.69999938038876,38.31999832192378],[109.63749946070045,38.31999839806492],[109.57499957562284,38.319998361516056],[109.51249967717493,38.3199983554769],[109.44999980843326,38.31999835243606],[109.44999980843326,37.81999933705417]]]}"
0000000000000000049f,2298,0,,,,,0.0,"{""type"":""Polygon"",""coordinates"":[[[105.44999894178211,38.3199983524561],[105.51249877961354,38.31999834459664],[105.57499869290272,38.31999832526643],[105.63749852402003,38.31999835139641],[105.69999838424833,38.31999836480792],[105.76249829603358,38.319998319082764],[105.82499819282427,38.319998336685984],[105.88749800852842,38.3199983830477],[105.94999794643947,38.3199983861121],[105.94999794643947,38.82000185138877],[105.88749800852842,38.82000179702701],[105.82499819282428,38.82000181704259],[105.76249829603358,38.82000182808645],[105.69999838424833,38.82000178691613],[105.63749852402003,38.820001805894265],[105.57499869290272,38.82000185373722],[105.51249877961354,38.82000183299633],[105.44999894178211,38.82000184314126],[105.44999894178211,38.3199983524561]]]}"
000000000000000004a0,2299,0,,,,,0.0,"{""type"":""Polygon"",""coordinates"":[[[105.94999794643947,38.3199983861121],[106.01249839000212,38.31999832639815],[106.07499873697631,38.31999839983142],[106.13749919243547,38.31999837639685],[106.19999960320456,38.31999838949589],[106.26250008579031,38.31999837767472],[106.32500048791435,38.319998395619635],[106.3875009271412,38.31999838123376],[106.45000134194315,38.319998375951535],[106.45000134194315,38.82000183174128],[106.3875009271412,38.82000179624217],[106.32500048791435,38.82000180584558],[106.26250008579031,38.82000181980896],[106.19999960320456,38.820001822694174],[106.13749919243547,38.82000183816431],[106.07499873697631,38.820001850104944],[106.01249839000212,38.820001804083915],[105.94999794643947,38.82000185138877],[105.94999794643947,38.3199983861121]]]}"
000000000000000004a1,2309,1,7564.0,7564.0,7564.0,7564.0,7564.0,"{""type"":""Polygon"",""coordinates"":[[[110.95000127517434,38.31999839524195],[111.012501150796,38.31999834275055],[111.07500108272143,38.31999838693958],[111.13750094178911,38.31999833484914],[111.2000007809136,38.31999834370833],[111.26250065316744,38.31999833962605],[111.3250005208042,38.31999834243125],[111.38750043719087,38.319998354391224],[111.45000027388987,38.31999833532573],[111.45000027388987,38.820001855446144],[111.38750043719087,38.82000181346356],[111.3250005208042,38.820001808713016],[111.26250065316742,38.82000180523767],[111.2000007809136,38.8200018015423],[111.13750094178911,38.82000185480402],[111.07500108272143,38.82000181020468],[111.012501150796,38.8200018176842],[110.95000127517434,38.82000184014895],[110.95000127517434,38.31999839524195]]]}"
000000000000000004aa,2385,0,,,,,0.0,"{""type"":""Polygon"",""coordinates"":[[[105.44999894178211,38.82000184314126],[105.51249877961354,38.82000183299633],[105.57499869290272,38.82000185373722],[105.63749852402003,38.820001805894265],[105.69999838424833,38.82000178691613],[105.76249829603358,38.82000182808645],[105.82499819282428,38.82000181704259],[105.88749800852842,38.82000179702701],[105.94999794643947,38.82000185138877],[105.94999794643947,39.320000828350004],[105.88749800852842,39.320000814707164],[105.82499819282427,39.32000083486506],[105.76249829603358,39.32000080686003],[105.69999838424833,39.32000084261947],[105.63749852402003,39.32000082220422],[105.57499869290272,39.32000079226805],[105.51249877961354,39.32000081131577],[105.44999894178211,39.32000082365554],[105.44999894178211,38.82000184314126]]]}"
000000000000000004ab,2386,24,59426.0,12819.958333333334,9091.0,5594.0,307679.0,"{""type"":""Polygon"",""coordinates"":[[[105.94999794643947,38.82000185138877],[106.01249839000212,38.820001804083915],[106.07499873697631,38.820001850104944],[106.13749919243547,38.82000183816431],[106.19999960320456,38.820001822694174],[106.26250008579031,38.82000181980896],[106.32500048791435,38.82000180584558],[106.3875009271412,38.82000179624217],[106.45000134194315,38.82000183174128],[106.45000134194315,39.32000084620151],[106.3875009271412,39.320000800683744],[106.32500048791435,39.32000083369596],[106.26250008579031,39.320000828065915],[106.19999960320456,39.32000084623452],[106.13749919243547,39.32000083475469],[106.07499873697631,39.320000855421526],[106.01249839000212,39.320000777263836],[105.94999794643947,39.320000828350004],[105.94999794643947,38.82000185138877]]]}"
000000000000000004ac,2396,0,,,,,0.0,"{""type"":""Polygon"",""coordinates"":[[[110.95000127517434,38.82000184014895],[111.012501150796,38.8200018176842],[111.07500108272143,38.82000181020468],[111.13750094178911,38.82000185480402],[111.2000007809136,38.8200018015423],[111.26250065316742,38.82000180523767],[111.3250005208042,38.820001808713016],[111.38750043719087,38.82000181346356],[111.45000027388987,38.820001855446144],[111.45000027388987,39.32000081314811],[111.38750043719087,39.32000083027298],[111.3250005208042,39.320000798446905],[111.26250065316742,39.32000083363583],[111.2000007809136,39.32000085947271],[111.13750094178911,39.32000078181486],[111.07500108272143,39.3200008263388],[111.012501150796,39.320000839729296],[110.95000127517434,39.32000086124452],[110.95000127517434,38.82000184014895]]]}"
000000000000000004ad,2397,0,,,,,0.0,"{""type"":""Polygon"",""coordinates"":[[[111.45000027388987,38.820001855446144],[111.51250017551725,38.820001841893],[111.57500001390144,38.8200018083082],[111.63749993392162,38.82000181344863],[111.69999980765746,38.82000181612367],[111.76249968925852,38.82000181583843],[111.82499954201671,38.82000182943695],[111.8874994203104,38.82000185568181],[111.94999928765343,38.82000183475592],[111.94999928765343,39.32000085040548],[111.8874994203104,39.320000810384705],[111.82499954201671,39.32000085884701],[111.76249968925852,39.32000082932046],[111.69999980765746,39.32000079927205],[111.63749993392162,39.3200008281062],[111.57500001390144,39.32000084157076],[111.51250017551725,39.32000080531144],[111.45000027388987,39.32000081314811],[111.45000027388987,38.820001855446144]]]}"
00000000000000000004,2486,0,,,,,0.0,"{""type"":""Polygon"",""coordinates"":[[[111.45000027388987,39.32000081314811],[111.51250017551725,39.32000080531144],[111.57500001390144,39.32000084157076],[111.63749993392162,39.3200008281062],[111.69999980765746,39.32000079927205],[111.76249968925852,39.32000082932046],[111.82499954201671,39.32000085884701],[111.8874994203104,39.320000810384705],[111.94999928765343,39.32000085040548],[111.94999928765343,39.81999980815313],[111.8874994203104,39.81999981032482],[111.82499954201671,39.819999807586576],[111.76249968925852,39.81999978511336],[111.69999980765746,39.81999982058771],[111.63749993392162,39.819999823664745],[111.57500001390144,39.819999796353294],[111.51250017551725,39.81999985491903],[111.45000027388987,39.81999979346175],[111.45000027388987,39.32000081314811]]]}"
00000000000000000005,2487,1,6256.0,6256.0,6256.0,6256.0,6256.0,"{""type"":""Polygon"",""coordinates"":[[[111.94999928765343,39.32000085040548],[112.0124991986357,39.320000825252826],[112.07499902601046,39.32000084336339],[112.13749891553334,39.320000807895376],[112.19999883111501,39.320000808526615],[112.26249864580134,39.32000080219072],[112.32499859656178,39.32000082329998],[112.38749846565608,39.320000846506446],[112.44999830829926,39.32000079150094],[112.44999830829926,39.81999981442828],[112.3874984656561,39.81999977855086],[112.32499859656178,39.819999791322914],[112.26249864580134,39.81999985859221],[112.19999883111501,39.81999978144743],[112.13749891553334,39.819999825960416],[112.07499902601046,39.819999810936515],[112.0124991986357,39.81999979757727],[111.94999928765343,39.81999980815313],[111.94999928765343,39.32000085040548]]]}"
00000000000000000006,2488,0,,,,,0.0,"{""type"":""Polygon"",""coordinates"":[[[112.44999830829926,39.32000079150094],[112.51249872542826,39.320000843008316],[112.57499913573395,39.32000082268148],[112.63749959462092,39.32000079955835],[112.70000006661674,39.32000078558957],[112.76250042539426,39.3200008111938],[112.82500090837965,39.32000083175064],[112.88750129843874,39.32000082067827],[112.95000174215942,39.32000082642104],[112.95000174215942,39.81999979270741],[112.88750129843874,39.81999983381657],[112.82500090837965,39.81999978822043],[112.76250042539426,39.81999983253073],[112.70000006661674,39.819999844238914],[112.63749959462092,39.81999979422487],[112.57499913573395,39.819999801902156],[112.51249872542826,39.81999985607223],[112.44999830829926,39.81999981442828],[112.44999830829926,39.32000079150094]]]}"
00000000000000000007,2489,0,,,,,0.0,"{""type"":""Polygon"",""coordinates"":[[[112.95000174215942,39.32000082642104],[113.01250165895985,39.32000082281983],[113.07500155915373,39.32000078239653],[113.13750140764363,39.320000790230665],[113.20000126025225,39.320000836974216],[113.26250117281332,39.32000083783202],[113.32500101945124,39.320000821017004],[113.3875008560576,39.32000085115556],[113.45000073852206,39.32000084248267],[113.45000073852206,39.81999981550702],[113.3875008560576,39.819999827084494],[113.32500101945124,39.81999984000895],[113.26250117281332,39.819999791473435],[113.20000126025225,39.81999984138073],[113.13750140764363,39.81999981338882],[113.07500155915373,39.819999792447305],[113.01250165895985,39.81999978865174],[112.95000174215942,39.81999979270741],[112.95000174215942,39.32000082642104]]]}"
00000000000000000008,2490,1,8987.0,8987.0,8987.0,8987.0,8987.0,"{""type"":""Polygon"",""coordinates"":[[[113.45000073852206,39.32000084248267],[113.51250063189646,39.32000080313756],[113.57500050125826,39.32000081590247],[113.63750040251857,39.32000079404334],[113.70000030076775,39.32000081966184],[113.76250016111256,39.320000824917265],[113.82500003945235,39.320000796961814],[113.88749990088554,39.32000081695998],[113.94999980127372,39.320000796509646],[113.94999980127372,39.81999983151015],[113.88749990088554,39.81999978510177],[113.82500003945233,39.8199998065528],[113.76250016111256,39.81999983612027],[113.70000030076775,39.81999979390974],[113.63750040251857,39.81999984203974],[113.57500050125826,39.81999982571922],[113.51250063189647,39.81999981266645],[113.45000073852206,39.81999981550702],[113.45000073852206,39.32000084248267]]]}"
00000000000000000012,2582,2,6898.0,6551.5,6551.5,6205.0,13103.0,"{""type"":""Polygon"",""coordinates"":[[[112.44999830829926,39.81999981442828],[112.51249872542826,39.81999985607223],[112.57499913573395,39.819999801902156],[112.63749959462092,39.81999979422487],[112.70000006661674,39.819999844238914],[112.76250042539426,39.81999983253073],[112.82500090837965,39.81999978822043],[112.88750129843874,39.81999983381657],[112.95000174215942,39.81999979270741],[112.95000174215942,40.31999884567467],[112.88750129843874,40.31999881792854],[112.82500090837965,40.31999882094027],[112.76250042539426,40.319998809138035],[112.70000006661674,40.319998809090954],[112.63749959462092,40.319998793202565],[112.57499913573395,40.31999880632853],[112.51249872542826,40.3199988379503],[112.44999830829926,40.319998821786946],[112.44999830829926,39.81999981442828]]]}"
00000000000000000013,2584,0,,,,,0.0,"{""type"":""Polygon"",""coordinates"":[[[113.45000073852206,39.81999981550702],[113.51250063189647,39.81999981266645],[113.57500050125826,39.81999982571922],[113.63750040251857,39.81999984203974],[113.70000030076775,39.81999979390974],[113.76250016111256,39.81999983612027],[113.82500003945233,39.8199998065528],[113.88749990088554,39.81999978510177],[113.94999980127372,39.81999983151015],[113.94999980127372,40.31999882887505],[113.88749990088554,40.31999878895514],[113.82500003945233,40.31999884740478],[113.76250016111256,40.31999879865655],[113.70000030076775,40.319998784929915],[113.63750040251857,40.31999882068349],[113.57500050125826,40.31999882668749],[113.51250063189647,40.319998797092374],[113.45000073852206,40.31999881897948],[113.45000073852206,39.81999981550702]]]}"
00000000000000000025,2670,0,,,,,0.0,"{""type"":""Polygon"",""coordinates"":[[[110.44999784043416,40.31999881701963],[110.5124982349368,40.31999881665167],[110.57499872458666,40.31999885044576],[110.63749917888184,40.31999880600415],[110.69999955841789,40.319998852690524],[110.76250000585576,40.319998826993654],[110.82500048216698,40.31999882281176],[110.88750085753803,40.31999880170423],[110.95000127517433,40.31999882289156],[110.95000127517434,40.81999785296992],[110.88750085753803,40.819997842436734],[110.82500048216698,40.81999778744859],[110.76250000585576,40.81999785210357],[110.69999955841789,40.819997852941256],[110.63749917888184,40.81999784537821],[110.57499872458666,40.81999784440771],[110.5124982349368,40.819997830688266],[110.44999784043416,40.819997841970874],[110.44999784043416,40.31999881701963]]]}"
00000000000000000026,2671,0,,,,,0.0,"{""type"":""Polygon"",""coordinates"":[[[110.95000127517433,40.31999882289156],[111.012501150796,40.319998859109845],[111.07500108272143,40.319998808614564],[111.13750094178911,40.319998855650276],[111.2000007809136,40.319998851566446],[111.26250065316744,40.319998796339846],[111.3250005208042,40.31999885589531],[111.38750043719087,40.3199988060903],[111.45000027388987,40.31999882983853],[111.45000027388987,40.81999785793585],[111.38750043719087,40.81999781696745],[111.3250005208042,40.819997831759316],[111.26250065316742,40.81999779511999],[111.2000007809136,40.81999785624703],[111.13750094178911,40.819997851153865],[111.07500108272143,40.819997854487525],[111.012501150796,40.81999779269647],[110.95000127517434,40.81999785296992],[110.95000127517433,40.31999882289156]]]}"
00000000000000000027,2672,0,,,,,0.0,"{""type"":""Polygon"",""coordinates"":[[[111.45000027388987,40.31999882983853],[111.51250017551725,40.319998833679335],[111.57500001390144,40.319998851152825],[111.63749993392162,40.31999878804612],[111.69999980765746,40.31999882608448],[111.76249968925852,40.31999881379894],[111.82499954201671,40.319998840236046],[111.8874994203104,40.31999882758553],[111.94999928765343,40.31999878998696],[111.94999928765343,40.819997845980424],[111.8874994203104,40.819997806651976],[111.82499954201671,40.81999779372781],[111.76249968925852,40.81999779380885],[111.69999980765746,40.81999781117604],[111.63749993392162,40.819997831801764],[111.57500001390144,40.81999785922539],[111.51250017551725,40.81999786105299],[111.45000027388987,40.81999785793585],[111.45000027388987,40.31999882983853]]]}"
00000000000000000028,2673,3,15060.0,10029.333333333334,8867.0,6161.0,30088.0,"{""type"":""Polygon"",""coordinates"":[[[111.94999928765343,40.31999878998696],[112.0124991986357,40.31999879742238],[112.07499902601046,40.319998807344156],[112.13749891553334,40.319998796687685],[112.19999883111501,40.319998852485305],[112.26249864580134,40.319998857426675],[112.3249985965618,40.3199988429939],[112.38749846565608,40.31999878390834],[112.44999830829926,40.319998821786946],[112.44999830829926,40.81999782176843],[112.3874984656561,40.81999783771806],[112.3249985965618,40.819997848614456],[112.26249864580134,40.81999786176783],[112.19999883111501,40.81999782894184],[112.13749891553334,40.819997793654935],[112.07499902601046,40.819997799087],[112.0124991986357,40.81999783309845],[111.94999928765343,40.819997845980424],[111.94999928765343,40.31999878998696]]]}"
00000000000000000029,2676,0,,,,,0.0,"{""type"":""Polygon"",""coordinates"":[[[113.45000073852206,40.31999881897948],[113.51250063189647,40.319998797092374],[113.57500050125826,40.31999882668749],[113.63750040251857,40.31999882068349],[113.70000030076775,40.319998784929915],[113.76250016111256,40.31999879865655],[113.82500003945233,40.31999884740478],[113.88749990088554,40.31999878895514],[113.94999980127372,40.31999882887505],[113.94999980127372,40.81999783405247],[113.88749990088554,40.819997844977635],[113.82500003945233,40.81999783570512],[113.76250016111256,40.81999782215335],[113.70000030076775,40.81999780006701],[113.63750040251857,40.81999785765907],[113.57500050125826,40.81999784398626],[113.51250063189647,40.81999782694571],[113.45000073852206,40.819997820678445],[113.45000073852206,40.31999881897948]]]}"
0000000000000000003d,2762,0,,,,,0.0,"{""type"":""Polygon"",""coordinates"":[[[110.44999784043416,40.819997841970874],[110.5124982349368,40.819997830688266],[110.57499872458666,40.81999784440771],[110.63749917888184,40.81999784537821],[110.69999955841789,40.819997852941256],[110.76250000585576,40.81999785210357],[110.82500048216698,40.81999778744859],[110.88750085753803,40.819997842436734],[110.95000127517434,40.81999785296992],[110.95000127517434,41.320001256299534],[110.88750085753801,41.320001292624646],[110.82500048216698,41.32000126996182],[110.76250000585576,41.32000127854002],[110.69999955841789,41.32000128349817],[110.63749917888184,41.320001266963665],[110.57499872458666,41.32000124469324],[110.5124982349368,41.3200012714507],[110.44999784043416,41.32000131159996],[110.44999784043416,40.819997841970874]]]}"
0000000000000000003e,2763,0,,,,,0.0,"{""type"":""Polygon"",""coordinates"":[[[110.95000127517434,40.81999785296992],[111.012501150796,40.81999779269647],[111.07500108272143,40.819997854487525],[111.13750094178911,40.819997851153865],[111.2000007809136,40.81999785624703],[111.26250065316742,40.81999779511999],[111.3250005208042,40.819997831759316],[111.38750043719087,40.81999781696745],[111.45000027388987,40.81999785793585],[111.45000027388987,41.32000131326458],[111.38750043719087,41.320001312740644],[111.3250005208042,41.32000127468519],[111.26250065316742,41.32000131269953],[111.2000007809136,41.32000128268887],[111.13750094178911,41.320001315434475],[111.07500108272143,41.32000126602675],[111.012501150796,41.32000128202871],[110.95000127517434,41.320001256299534],[110.95000127517434,40.81999785296992]]]}"
0000000000000000003f,2764,0,,,,,0.0,"{""type"":""Polygon"",""coordinates"":[[[111.45000027388987,40.81999785793585],[111.51250017551725,40.81999786105299],[111.57500001390144,40.81999785922539],[111.63749993392162,40.819997831801764],[111.69999980765746,40.81999781117604],[111.76249968925852,40.81999779380885],[111.82499954201671,40.81999779372781],[111.8874994203104,40.819997806651976],[111.94999928765343,40.819997845980424],[111.94999928765343,41.320001286524466],[111.8874994203104,41.3200012500235],[111.82499954201671,41.32000128777647],[111.76249968925852,41.32000131408295],[111.69999980765746,41.32000126088615],[111.63749993392162,41.32000126091975],[111.57500001390144,41.320001318500076],[111.51250017551725,41.32000125569733],[111.45000027388987,41.32000131326458],[111.45000027388987,40.81999785793585]]]}"
00000000000000000040,2765,1,7465.0,7465.0,7465.0,7465.0,7465.0,"{""type"":""Polygon"",""coordinates"":[[[111.94999928765343,40.819997845980424],[112.0124991986357,40.81999783309845],[112.07499902601046,40.819997799087],[112.13749891553334,40.819997793654935],[112.19999883111501,40.81999782894184],[112.26249864580134,40.81999786176783],[112.3249985965618,40.819997848614456],[112.3874984656561,40.81999783771806],[112.44999830829926,40.81999782176843],[112.44999830829926,41.320001286245926],[112.38749846565608,41.32000130910247],[112.3249985965618,41.32000129676477],[112.26249864580134,41.32000125725556],[112.19999883111501,41.32000128870279],[112.13749891553334,41.32000128972485],[112.07499902601046,41.32000130348933],[112.0124991986357,41.32000124557338],[111.94999928765343,41.320001286524466],[111.94999928765343,40.819997845980424]]]}"
00000000000000000057,2866,0,,,,,0.0,"{""type"":""Polygon"",""coordinates"":[[[115.45000120714293,41.320001298305115],[115.51250107096507,41.32000125830261],[115.57500095838192,41.32000128264255],[115.63750083301515,41.32000129465304],[115.70000074871464,41.3200012676383],[115.76250057859622,41.32000128930598],[115.82500046656986,41.32000131066732],[115.887500375804,41.320001253914405],[115.95000026937656,41.32000125580329],[115.95000026937656,41.820000258018474],[115.887500375804,41.820000304443056],[115.82500046656986,41.82000026386957],[115.76250057859622,41.82000028535194],[115.70000074871464,41.82000030483924],[115.63750083301515,41.82000030104709],[115.57500095838192,41.8200002585422],[115.51250107096507,41.820000275843476],[115.45000120714293,41.82000028750917],[115.45000120714293,41.320001298305115]]]}"
0000000000000000005c,2871,43,20803.0,8213.813953488372,6708.0,5363.0,353194.0,"{""type"":""Polygon"",""coordinates"":[[[117.9500006647658,41.32000126650532],[118.01250059673546,41.32000130979057],[118.07500042291933,41.32000126196941],[118.13750027893767,41.32000127085689],[118.20000021071498,41.32000129504658],[118.26250008541567,41.32000126963928],[118.32499994851155,41.320001294030085],[118.38749984514642,41.32000125521401],[118.44999973101154,41.320001275519104],[118.44999968455893,41.82000030564182],[118.38749985058136,41.820000281620366],[118.32499991547652,41.820000300083386],[118.26250011505148,41.82000030263457],[118.20000017448184,41.82000029618474],[118.13750029977294,41.820000301887085],[118.07500039707598,41.820000278156215],[118.01250058234287,41.82000027036879],[117.95000067213842,41.82000026047504],[117.9500006647658,41.32000126650532]]]}"
0000000000000000005d,2872,6,58027.0,16980.833333333332,9448.0,6068.0,101885.0,"{""type"":""Polygon"",""coordinates"":[[[118.44999973101154,41.320001275519104],[118.5124996052744,41.32000128489613],[118.57499948714988,41.32000130703339],[118.63749932391426,41.32000126760011],[118.69999917937058,41.320001285580155],[118.76249902708051,41.32000129245922],[118.82499890059736,41.32000127400732],[118.88749880486681,41.32000129444021],[118.94999871366275,41.32000128505246],[118.94999870763914,41.82000029777057],[118.88749879909666,41.82000027601308],[118.82499895481287,41.82000028422234],[118.7624990774762,41.82000028240323],[118.69999922127543,41.82000026074333],[118.63749932072918,41.820000313595536],[118.57499948952085,41.820000271881874],[118.51249957241689,41.8200002541653],[118.44999968455893,41.82000030564182],[118.44999973101154,41.320001275519104]]]}"
00000000000000000074,2958,2,6692.0,6690.5,6690.5,6689.0,13381.0,"{""type"":""Polygon"",""coordinates"":[[[116.44999925409569,41.82000029220232],[116.51249912824201,41.82000028411687],[116.57499898940165,41.8200002838095],[116.63749884425677,41.82000025470185],[116.6999987288916,41.82000028949437],[116.76249855777435,41.82000026374142],[116.82499847429544,41.82000027879055],[116.88749836037749,41.82000028910069],[116.94999824538137,41.82000028295577],[116.94999827668296,42.31999929828366],[116.88749831860923,42.31999929875182],[116.82499854467231,42.31999930246055],[116.76249862455323,42.31999925347949],[116.69999873380247,42.31999925524448],[116.63749884072786,42.31999931987128],[116.57499898097404,42.319999299322994],[116.51249909026782,42.31999928548648],[116.44999922902544,42.31999926748394],[116.44999925409569,41.82000029220232]]]}"
00000000000000000077,2961,15,13393.0,7895.8,7370.0,5357.0,118437.0,"{""type"":""Polygon"",""coordinates"":[[[117.95000067213842,41.82000026047504],[118.01250058234287,41.82000027036879],[118.07500039707598,41.820000278156215],[118.13750029977294,41.820000301887085],[118.20000017448184,41.82000029618474],[118.26250011505148,41.82000030263457],[118.32499991547652,41.820000300083386],[118.38749985058136,41.820000281620366],[118.44999968455893,41.82000030564182],[118.44999973063436,42.31999930058342],[118.3874998505793,42.319999266255586],[118.32499995165912,42.319999251404674],[118.26250008807031,42.319999246185645],[118.20000022288235,42.31999926520341],[118.13750031934765,42.31999932288511],[118.07500040295196,42.31999927250803],[118.01250061842573,42.31999929713709],[117.95000065781005,42.31999926629489],[117.95000067213842,41.82000026047504]]]}"
00000000000000000078,2962,0,,,,,0.0,"{""type"":""Polygon"",""coordinates"":[[[118.44999968455893,41.82000030564182],[118.51249957241689,41.8200002541653],[118.57499948952085,41.820000271881874],[118.63749932072918,41.820000313595536],[118.69999922127543,41.82000026074333],[118.7624990774762,41.82000028240323],[118.82499895481287,41.82000028422234],[118.88749879909666,41.82000027601308],[118.94999870763914,41.82000029777057],[118.94999870271758,42.31999924993739],[118.88749880434412,42.31999927769852],[118.82499891625552,42.31999927848969],[118.76249906144173,42.31999932350605],[118.69999916986036,42.31999929167721],[118.63749932619554,42.31999930982276],[118.57499946117376,42.31999925665116],[118.51249956807392,42.31999928369057],[118.44999973063436,42.31999930058342],[118.44999968455893,41.82000030564182]]]}"
00000000000000000079,2963,0,,,,,0.0,"{""type"":""Polygon"",""coordinates"":[[[118.94999870763914,41.82000029777057],[119.01249913921338,41.820000289679804],[119.07499961858399,41.82000030525926],[119.13750003111356,41.8200002993488],[119.20000041366326,41.82000025671318],[119.26250083633931,41.82000029640459],[119.32500130367347,41.82000026830783],[119.38750173444478,41.82000026172536],[119.4500021664817,41.820000260949804],[119.45000214993497,42.31999927641717],[119.38750178349702,42.319999300923534],[119.32500128591992,42.319999297385],[119.2625008624005,42.31999928618382],[119.20000047301384,42.31999928360838],[119.13750001587367,42.319999250290664],[119.07499957570911,42.319999313046],[119.01249910967576,42.31999927063387],[118.94999870271758,42.31999924993739],[118.94999870763914,41.82000029777057]]]}"
0000000000000000007a,2964,0,,,,,0.0,"{""type"":""Polygon"",""coordinates"":[[[119.4500021664817,41.820000260949804],[119.51250206257188,41.82000026799065],[119.57500194543992,41.82000027514607],[119.63750176318153,41.82000029186124],[119.70000164446364,41.82000027652011],[119.76250160017936,41.820000292635626],[119.82500136381076,41.8200002665313],[119.88750134246288,41.82000029324744],[119.95000111681729,41.82000027070329],[119.95000120895997,42.3199992818547],[119.8875013010853,42.31999929320191],[119.82500137676345,42.319999276555684],[119.76250154918912,42.31999927792783],[119.70000162252505,42.31999928533565],[119.6375017383769,42.319999263678845],[119.57500191876612,42.319999284925146],[119.51250205991607,42.319999310656975],[119.45000214993497,42.31999927641717],[119.4500021664817,41.820000260949804]]]}"
00000000000000000096,3040,16,27871.0,10403.5,7963.0,3328.0,166456.0,"{""type"":""Polygon"",""coordinates"":[[[116.94999827668296,42.31999929828366],[117.01249869203018,42.31999929896038],[117.07499911586154,42.3199992662141],[117.13749954798871,42.31999926760279],[117.20000002136594,42.31999929039592],[117.26250041911797,42.31999928827222],[117.32500083319826,42.319999305267416],[117.38750123813016,42.3199992716017],[117.45000169442409,42.31999931116926],[117.45000168847976,42.81999825412148],[117.38750127858427,42.81999825709757],[117.32500083074527,42.819998276305476],[117.2625004011784,42.819998301502146],[117.19999998692008,42.81999826494892],[117.1374995194573,42.81999826125681],[117.07499905558258,42.81999828005021],[117.01249865226872,42.81999831104048],[116.94999821545468,42.819998309667916],[116.94999827668296,42.31999929828366]]]}"
00000000000000000097,3041,19,16566.0,8179.684210526316,6648.0,5308.0,155414.0,"{""type"":""Polygon"",""coordinates"":[[[117.45000169442409,42.31999931116926],[117.51250154306982,42.31999930235244],[117.57500145154856,42.31999928434477],[117.6375012717171,42.31999929118819],[117.70000122064575,42.31999926185869],[117.76250105930131,42.31999925422857],[117.82500097370684,42.319999287270285],[117.88750084811896,42.31999931467732],[117.95000065781005,42.31999926629489],[117.95000068232602,42.81999827104281],[117.88750079193932,42.819998312543255],[117.82500097462737,42.81999830686072],[117.76250110032584,42.81999829275145],[117.70000122395287,42.819998260167154],[117.63750136836673,42.81999828052853],[117.57500143609582,42.81999831062878],[117.51250157498269,42.819998316291006],[117.45000168847976,42.81999825412148],[117.45000169442409,42.31999931116926]]]}"
00000000000000000098,3042,1,7285.0,7285.0,7285.0,7285.0,7285.0,"{""type"":""Polygon"",""coordinates"":[[[117.95000065781005,42.31999926629489],[118.01250061842573,42.31999929713709],[118.07500040295196,42.31999927250803],[118.13750031934765,42.31999932288511],[118.20000022288235,42.31999926520341],[118.26250008807031,42.319999246185645],[118.32499995165912,42.319999251404674],[118.3874998505793,42.319999266255586],[118.44999973063436,42.31999930058342],[118.44999974601063,42.819998310406014],[118.3874998318769,42.81999830535592],[118.3249999916586,42.81999828938495],[118.26250009351318,42.81999830257509],[118.20000012946356,42.81999827829014],[118.1375003676943,42.81999829587575],[118.07500046227564,42.81999830586579],[118.01250055965208,42.819998273687716],[117.95000068232602,42.81999827104281],[117.95000065781005,42.31999926629489]]]}"
0000000000000000009a,3053,0,,,,,0.0,"{""type"":""Polygon"",""coordinates"":[[[123.44999861356123,42.319999300463415],[123.51249906906988,42.319999254353746],[123.57499946344592,42.31999929217197],[123.63749995817564,42.319999278921934],[123.70000033059465,42.319999281441014],[123.76250079039781,42.31999929835549],[123.82500122699322,42.31999928447553],[123.88750166913925,42.319999298351824],[123.95000209684117,42.31999926464886],[123.95000209865735,42.81999827518783],[123.88750164358177,42.81999828270865],[123.8250012028581,42.819998321373006],[123.76250083751033,42.8199983016403],[123.70000040426717,42.81999827811909],[123.63749985155731,42.81999827451061],[123.57499947322945,42.819998275866716],[123.51249905587306,42.819998283801574],[123.44999863993372,42.81999829154114],[123.44999861356123,42.319999300463415]]]}"
000000000000000000b4,3109,1,5243.0,5243.0,5243.0,5243.0,5243.0,"{""type"":""Polygon"",""coordinates"":[[[116.94999821545468,42.819998309667916],[117.01249865226872,42.81999831104048],[117.07499905558258,42.81999828005021],[117.1374995194573,42.81999826125681],[117.19999998692008,42.81999826494892],[117.2625004011784,42.819998301502146],[117.32500083074527,42.819998276305476],[117.38750127858427,42.81999825709757],[117.45000168847976,42.81999825412148],[117.45000169058045,43.32000173130656],[117.38750123393692,43.32000177392964],[117.32500084430694,43.320001719372094],[117.26250041677464,43.32000174643502],[117.20000003964283,43.32000176278389],[117.1374995213924,43.32000174799726],[117.07499907117388,43.3200017262399],[117.01249871089993,43.32000176976983],[116.94999822401074,43.32000171698021],[116.94999821545468,42.819998309667916]]]}"
000000000000000000b5,3110,4,13746.0,9818.75,10145.5,5238.0,39275.0,"{""type"":""Polygon"",""coordinates"":[[[117.45000168847976,42.81999825412148],[117.51250157498269,42.819998316291006],[117.57500143609582,42.81999831062878],[117.63750136836673,42.81999828052853],[117.70000122395287,42.819998260167154],[117.76250110032584,42.81999829275145],[117.82500097462737,42.81999830686072],[117.88750079193932,42.819998312543255],[117.95000068232602,42.81999827104281],[117.95000064593731,43.32000175528362],[117.88750078718111,43.320001765383886],[117.8250009031542,43.32000174258082],[117.76250110843482,43.320001735005036],[117.70000120840281,43.32000172421359],[117.63750131777302,43.32000175819247],[117.5750014295723,43.32000176915469],[117.51250159804205,43.32000174727669],[117.45000169058045,43.32000173130656],[117.45000168847976,42.81999825412148]]]}"
000000000000000000da,3178,3,20232.0,13241.666666666666,14295.0,5198.0,39725.0,"{""type"":""Polygon"",""coordinates"":[[[116.94999822401074,43.32000171698021],[117.01249871089993,43.32000176976983],[117.07499907117388,43.3200017262399],[117.1374995213924,43.32000174799726],[117.20000003964283,43.32000176278389],[117.26250041677464,43.32000174643502],[117.32500084430694,43.320001719372094],[117.38750123393692,43.32000177392964],[117.45000169058045,43.32000173130656],[117.4500016633991,43.8200007326495],[117.38750131281373,43.82000075406796],[117.32500082842661,43.82000071239986],[117.26250038595578,43.820000715480404],[117.19999994435855,43.82000077791677],[117.13749953093047,43.82000074760405],[117.07499907150029,43.82000072215108],[117.01249868090109,43.820000750698746],[116.94999819841345,43.820000729185075],[116.94999822401074,43.32000171698021]]]}"
000000000000000000db,3179,10,11089.0,7755.6,7481.5,5216.0,77556.0,"{""type"":""Polygon"",""coordinates"":[[[117.45000169058045,43.32000173130656],[117.51250159804205,43.32000174727669],[117.5750014295723,43.32000176915469],[117.63750131777302,43.32000175819247],[117.70000120840281,43.32000172421359],[117.76250110843482,43.320001735005036],[117.8250009031542,43.32000174258082],[117.88750078718111,43.320001765383886],[117.95000064593731,43.32000175528362],[117.95000071168793,43.820000755257276],[117.88750087351963,43.82000074767332],[117.82500097984959,43.82000077392342],[117.76250111566812,43.82000074092154],[117.7000012057405,43.820000747487164],[117.63750130243554,43.820000783966606],[117.57500149158736,43.82000075737233],[117.51250154222372,43.82000073217164],[117.4500016633991,43.8200007326495],[117.45000169058045,43.32000173130656]]]}"
000000000000000000f7,3249,0,,,,,0.0,"{""type"":""Polygon"",""coordinates"":[[[117.4500016633991,43.8200007326495],[117.51250154222372,43.82000073217164],[117.57500149158736,43.82000075737233],[117.63750130243554,43.820000783966606],[117.7000012057405,43.820000747487164],[117.76250111566812,43.82000074092154],[117.82500097984959,43.82000077392342],[117.88750087351963,43.82000074767332],[117.95000071168793,43.820000755257276],[117.95000067814718,44.319999788387996],[117.88750080550533,44.31999979158583],[117.82500092149873,44.319999721572245],[117.76250101042932,44.31999973799051],[117.70000115654963,44.31999974700338],[117.63750131519814,44.31999976446412],[117.57500147568037,44.319999721612746],[117.5125015601297,44.319999718379],[117.4500017161028,44.31999972026772],[117.4500016633991,43.8200007326495]]]}"
000000000000000000f8,3250,46,153396.0,13023.152173913044,6450.0,5155.0,599065.0,"{""type"":""Polygon"",""coordinates"":[[[117.95000071168793,43.820000755257276],[118.01250063189457,43.82000075602697],[118.07500042546718,43.82000072623706],[118.13750035476723,43.820000741660465],[118.20000021156602,43.82000077859232],[118.26250007145967,43.820000737549655],[118.32499991388177,43.8200007697601],[118.3874998148789,43.82000077537661],[118.44999972376472,43.820000763617045],[118.4499997325379,44.31999975847848],[118.38749988766735,44.31999975611973],[118.32499998103233,44.31999973649899],[118.26250012552818,44.31999974933014],[118.20000021143633,44.31999975241912],[118.13750028863917,44.31999973653729],[118.07500047016461,44.31999975155744],[118.01250055125384,44.319999780453585],[117.95000067814718,44.319999788387996],[117.95000071168793,43.820000755257276]]]}"
000000000000000000f9,3251,15,20675.0,8837.866666666667,6462.0,5169.0,132568.0,"{""type"":""Polygon"",""coordinates"":[[[118.44999972376472,43.820000763617045],[118.51249959001274,43.8200007437741],[118.57499942645724,43.82000078318554],[118.63749930934594,43.82000078155112],[118.69999918863266,43.82000074798332],[118.76249907796728,43.82000074949699],[118.82499895901866,43.82000071138761],[118.88749881502252,43.8200007843606],[118.94999868974773,43.82000072595249],[118.94999866533254,44.319999740654815],[118.88749883743726,44.319999780209585],[118.82499894155065,44.3199997697893],[118.76249909024513,44.319999758968315],[118.69999923577565,44.31999976526796],[118.63749926652841,44.31999974740663],[118.57499939107261,44.31999972880329],[118.51249956212023,44.31999972678487],[118.4499997325379,44.31999975847848],[118.44999972376472,43.820000763617045]]]}"
0000000000000000010b,3318,8,22505.0,8266.125,5774.5,5131.0,66129.0,"{""type"":""Polygon"",""coordinates"":[[[117.95000067814718,44.319999788387996],[118.01250055125384,44.319999780453585],[118.07500047016461,44.31999975155744],[118.13750028863917,44.31999973653729],[118.20000021143633,44.31999975241912],[118.26250012552818,44.31999974933014],[118.32499998103233,44.31999973649899],[118.38749988766735,44.31999975611973],[118.4499997325379,44.31999975847848],[118.4499996934467,44.81999873059236],[118.38749979772817,44.8199987214185],[118.32499993833204,44.819998722168215],[118.2625000663025,44.819998750169],[118.20000016598165,44.819998736916894],[118.13750034994445,44.81999873309766],[118.07500047264315,44.81999878172763],[118.01250055272966,44.81999872840026],[117.95000073310548,44.819998769154054],[117.95000067814718,44.319999788387996]]]}"
0000000000000000010c,3319,16,33387.0,9312.125,6432.0,5121.0,148994.0,"{""type"":""Polygon"",""coordinates"":[[[118.4499997325379,44.31999975847848],[118.51249956212023,44.31999972678487],[118.57499939107261,44.31999972880329],[118.63749926652841,44.31999974740663],[118.69999923577565,44.31999976526796],[118.76249909024513,44.319999758968315],[118.82499894155065,44.3199997697893],[118.88749883743726,44.319999780209585],[118.94999866533254,44.319999740654815],[118.94999874481209,44.81999873819077],[118.88749881668114,44.819998730402354],[118.82499899879127,44.81999875540255],[118.76249901364811,44.819998739766724],[118.69999923247714,44.819998739816015],[118.63749934620476,44.81999876756879],[118.5749994346274,44.81999872836357],[118.51249957753153,44.81999875852364],[118.4499996934467,44.81999873059236],[118.4499997325379,44.31999975847848]]]}"
0000000000000000010d,3320,23,26939.0,11207.695652173914,7702.0,5111.0,257777.0,"{""type"":""Polygon"",""coordinates"":[[[118.94999866533254,44.319999740654815],[119.0124991152486,44.31999976049119],[119.07499956255391,44.31999977898226],[119.13749999065459,44.319999719987514],[119.20000038602068,44.31999973543174],[119.26250082833475,44.319999722276954],[119.32500133575239,44.31999974718625],[119.38750179627473,44.31999976064757],[119.45000216308898,44.319999771386215],[119.4500021167332,44.81999875168389],[119.38750170930142,44.819998762707264],[119.32500126923104,44.81999873346738],[119.26250081111984,44.819998741525815],[119.20000047758101,44.81999875135619],[119.1375000545681,44.81999875004129],[119.07499958826499,44.81999872895374],[119.01249909336613,44.81999876542812],[118.94999874481209,44.81999873819077],[118.94999866533254,44.319999740654815]]]}"
0000000000000000010e,3321,1,5110.0,5110.0,5110.0,5110.0,5110.0,"{""type"":""Polygon"",""coordinates"":[[[119.45000216308898,44.319999771386215],[119.51250206661956,44.3199997265861],[119.5750019443909,44.319999727870034],[119.63750184620702,44.31999975655522],[119.70000166022307,44.31999976329897],[119.76250159806231,44.319999759693175],[119.82500135624757,44.319999751141424],[119.88750130898904,44.31999977909767],[119.95000118265799,44.31999976393134],[119.95000112133614,44.81999872750772],[119.88750129868842,44.819998738966405],[119.82500144137822,44.81999875284841],[119.76250159374081,44.819998760994004],[119.70000163655806,44.81999872453408],[119.63750174788223,44.81999875206255],[119.57500190566928,44.81999877701069],[119.5125019914311,44.81999876013898],[119.4500021167332,44.81999875168389],[119.45000216308898,44.319999771386215]]]}"
0000000000000000010f,3334,1,7065.0,7065.0,7065.0,7065.0,7065.0,"{""type"":""Polygon"",""coordinates"":[[[125.94999814803451,44.31999976121554],[126.01249854640957,44.31999977758136],[126.07499894196779,44.31999977248806],[126.13749939483617,44.319999716615165],[126.19999975946871,44.31999973591466],[126.26250028451788,44.31999973208624],[126.32500067164395,44.319999726624125],[126.38750105799163,44.31999974219604],[126.45000150412474,44.3199997489635],[126.45000157897238,44.81999877811932],[126.38750115819923,44.81999873902527],[126.32500063572095,44.81999875645653],[126.2625002342862,44.819998755727056],[126.19999981402654,44.81999871434589],[126.13749939002335,44.819998715228714],[126.07499899496281,44.819998753597766],[126.0124985073634,44.81999871861277],[125.94999801939247,44.81999874599892],[125.94999814803451,44.31999976121554]]]}"
0000000000000000011f,3375,1,6380.0,6380.0,6380.0,6380.0,6380.0,"{""type"":""Polygon"",""coordinates"":[[[118.94999874481209,44.81999873819077],[119.01249909336613,44.81999876542812],[119.07499958826499,44.81999872895374],[119.1375000545681,44.81999875004129],[119.20000047758101,44.81999875135619],[119.26250081111984,44.819998741525815],[119.32500126923104,44.81999873346738],[119.38750170930142,44.819998762707264],[119.4500021167332,44.81999875168389],[119.45000214290314,45.32000222402276],[119.38750175683542,45.32000220583463],[119.32500127846791,45.32000221764117],[119.26250085042656,45.32000222356996],[119.20000041899183,45.3200022429969],[119.13749996243837,45.32000220815882],[119.07499949393068,45.3200021976557],[119.01249915666467,45.32000217594152],[118.94999870094422,45.320002216515874],[118.94999874481209,44.81999873819077]]]}"
00000000000000000120,3376,2,5719.0,5411.5,5411.5,5104.0,10823.0,"{""type"":""Polygon"",""coordinates"":[[[119.4500021167332,44.81999875168389],[119.5125019914311,44.81999876013898],[119.57500190566928,44.81999877701069],[119.63750174788223,44.81999875206255],[119.70000163655806,44.81999872453408],[119.76250159374081,44.819998760994004],[119.82500144137822,44.81999875284841],[119.88750129868842,44.819998738966405],[119.95000112133614,44.81999872750772],[119.95000121614947,45.32000220956641],[119.88750128500484,45.32000218263938],[119.82500137186913,45.32000219852408],[119.7625015197267,45.320002249356406],[119.70000163686075,45.320002209143894],[119.6375018035959,45.320002216073135],[119.5750018978914,45.32000223093091],[119.51250206181969,45.32000221773141],[119.45000214290314,45.32000222402276],[119.4500021167332,44.81999875168389]]]}"
00000000000000000121,3377,0,,,,,0.0,"{""type"":""Polygon"",""coordinates"":[[[119.95000112133614,44.81999872750772],[120.01250102935037,44.81999875687433],[120.07500091164741,44.81999877685136],[120.13750082127031,44.81999876742758],[120.2000006174221,44.8199987648181],[120.26250051805106,44.819998778701034],[120.3250004121329,44.81999875889414],[120.38750032412929,44.81999877126109],[120.45000014306255,44.81999876584104],[120.45000012403715,45.3200022024038],[120.38750028703822,45.32000223995573],[120.32500045194514,45.32000221016018],[120.26250053321421,45.32000222126975],[120.20000067110104,45.320002236854066],[120.13750074146363,45.32000221906906],[120.07500085509095,45.320002218808995],[120.01250105446879,45.3200022283863],[119.95000121614947,45.32000220956641],[119.95000112133614,44.81999872750772]]]}"
00000000000000000122,3378,0,,,,,0.0,"{""type"":""Polygon"",""coordinates"":[[[120.45000014306255,44.81999876584104],[120.51250008776113,44.81999875138878],[120.57499985338536,44.81999873501703],[120.63749982447894,44.81999875421099],[120.69999962813537,44.8199987585807],[120.76249948406216,44.81999875615778],[120.8249994469022,44.81999872564921],[120.88749928073311,44.81999873247709],[120.94999913734216,44.8199987264867],[120.94999919986458,45.320002207482744],[120.88749927351658,45.320002187694925],[120.82499945020625,45.32000219020878],[120.76249950515046,45.32000220799251],[120.69999967567932,45.320002175103035],[120.63749977788092,45.320002229808765],[120.57499991102625,45.320002189730396],[120.51250005849948,45.32000222209663],[120.45000012403715,45.3200022024038],[120.45000014306255,44.81999876584104]]]}"
00000000000000000123,3389,0,,,,,0.0,"{""type"":""Polygon"",""coordinates"":[[[125.94999801939247,44.81999874599892],[126.0124985073634,44.81999871861277],[126.07499899496281,44.819998753597766],[126.13749939002335,44.819998715228714],[126.19999981402654,44.81999871434589],[126.2625002342862,44.819998755727056],[126.32500063572095,44.81999875645653],[126.38750115819923,44.81999873902527],[126.45000157897238,44.81999877811932],[126.45000156299629,45.32000218636012],[126.38750112625918,45.32000224591269],[126.32500073223453,45.320002228109644],[126.26250022046887,45.32000219909579],[126.19999987584706,45.32000222571881],[126.13749939906364,45.32000217828054],[126.07499896046089,45.320002247701176],[126.01249855043547,45.320002198345975],[125.9499980681646,45.32000223785105],[125.94999801939247,44.81999874599892]]]}"
00000000000000000124,3390,0,,,,,0.0,"{""type"":""Polygon"",""coordinates"":[[[126.45000157897238,44.81999877811932],[126.51250136414319,44.81999873864131],[126.57500125027151,44.8199987483671],[126.63750112717346,44.81999875923739],[126.70000105744379,44.819998740501745],[126.76250091383373,44.819998732064214],[126.82500083735117,44.81999875541428],[126.88750071764281,44.8199987626635],[126.95000052257467,44.819998758378865],[126.95000056261996,45.32000220397202],[126.88750066058111,45.32000223724178],[126.82500081970922,45.320002210929296],[126.76250087939992,45.32000219259049],[126.70000104606235,45.320002194882406],[126.63750117587402,45.3200021963228],[126.57500130029649,45.32000219242437],[126.51250145086448,45.3200021787352],[126.45000156299629,45.32000218636012],[126.45000157897238,44.81999877811932]]]}"
00000000000000000131,3437,0,,,,,0.0,"{""type"":""Polygon"",""coordinates"":[[[126.45000156299629,45.32000218636012],[126.51250145086448,45.3200021787352],[126.57500130029649,45.32000219242437],[126.63750117587402,45.3200021963228],[126.70000104606235,45.320002194882406],[126.76250087939992,45.32000219259049],[126.82500081970922,45.320002210929296],[126.88750066058111,45.32000223724178],[126.95000056261996,45.32000220397202],[126.95000054887721,45.82000125078798],[126.88750073117328,45.82000122462972],[126.8250008265353,45.820001193375816],[126.76250094546748,45.82000120616193],[126.70000103830074,45.820001205197755],[126.63750121549182,45.82000123980432],[126.57500134795562,45.820001198426056],[126.51250135176798,45.820001202401606],[126.45000153179986,45.82000122904346],[126.45000156299629,45.32000218636012]]]}"
00000000000000000143,3482,0,,,,,0.0,"{""type"":""Polygon"",""coordinates"":[[[123.44999860168313,45.82000119432197],[123.51249901393884,45.82000121629257],[123.57499951288848,45.820001185290344],[123.63749994142093,45.820001229061965],[123.70000038693118,45.82000123166067],[123.76250081456176,45.820001198966054],[123.82500126494324,45.820001193133116],[123.88750170372319,45.820001219960545],[123.95000211950632,45.8200011960395],[123.95000208813559,46.32000024328374],[123.88750172673964,46.32000022030324],[123.82500120926572,46.32000025528746],[123.7625007920768,46.320000185510914],[123.70000036196627,46.32000021910951],[123.63749990005036,46.32000020322892],[123.57499951616381,46.320000189150974],[123.51249904447116,46.320000237333595],[123.44999864277396,46.32000021877282],[123.44999860168313,45.82000119432197]]]}"
00000000000000000144,3488,0,,,,,0.0,"{""type"":""Polygon"",""coordinates"":[[[126.45000153179986,45.82000122904346],[126.51250135176798,45.820001202401606],[126.57500134795562,45.820001198426056],[126.63750121549182,45.82000123980432],[126.70000103830074,45.820001205197755],[126.76250094546748,45.82000120616193],[126.8250008265353,45.820001193375816],[126.88750073117328,45.82000122462972],[126.95000054887721,45.82000125078798],[126.95000056161321,46.32000021972638],[126.88750071782547,46.32000022685572],[126.82500083511168,46.320000205417806],[126.7625009258038,46.32000024201891],[126.70000103683839,46.32000024165492],[126.63750119808279,46.320000200187046],[126.57500132324165,46.32000024077001],[126.51250137918618,46.32000021396701],[126.450001557107,46.32000022417351],[126.45000153179986,45.82000122904346]]]}"
00000000000000000145,3489,0,,,,,0.0,"{""type"":""Polygon"",""coordinates"":[[[126.95000054887721,45.82000125078798],[127.0125004433134,45.82000120316245],[127.07500027042973,45.82000121231311],[127.13750019416949,45.820001209162214],[127.20000008747111,45.82000123442234],[127.26249993649655,45.82000120236954],[127.32499987270157,45.82000122320097],[127.38749970451421,45.82000119488458],[127.44999956389134,45.82000122744502],[127.44999956731245,46.32000020406828],[127.38749973821875,46.32000021283758],[127.32499981532837,46.320000242118134],[127.26249992571994,46.32000025058198],[127.2000000985929,46.320000234402144],[127.13750018357283,46.32000017314335],[127.07500027482978,46.320000207333514],[127.01250041813552,46.32000024214384],[126.95000056161321,46.32000021972638],[126.95000054887721,45.82000125078798]]]}"
00000000000000000154,3506,0,,,,,0.0,"{""type"":""Polygon"",""coordinates"":[[[84.45000075259739,46.32000021579979],[84.51250064548643,46.32000021793456],[84.57500046958907,46.3200002381331],[84.63750034567889,46.320000209213475],[84.7000001980456,46.32000020134715],[84.7625001303883,46.320000219712696],[84.82500000789095,46.320000185121366],[84.88749982142382,46.32000024433252],[84.94999970891705,46.3200001838943],[84.94999971526202,46.81999919585214],[84.88749985053126,46.81999924997789],[84.82499998834035,46.819999188227],[84.76250014588902,46.81999923328019],[84.7000002360277,46.81999923259408],[84.63750039778198,46.819999192188035],[84.5750005005606,46.81999917971135],[84.5125005953492,46.819999197134365],[84.45000073191868,46.819999246475916],[84.45000075259739,46.32000021579979]]]}"
00000000000000000155,3518,264,80917.0,12954.632575757576,9272.3,5546.0,3420023.0,"{""type"":""Polygon"",""coordinates"":[[[90.45000212850827,46.320000224160644],[90.51250197825473,46.32000021497212],[90.57500190020492,46.320000244252576],[90.63750175713213,46.32000023944828],[90.7000016423822,46.32000020005111],[90.76250150284656,46.32000019947934],[90.82500136245277,46.32000023754932],[90.88750124579289,46.320000240853375],[90.95000110592967,46.32000020967822],[90.95000114108883,46.819999204944416],[90.88750124057907,46.8199992394684],[90.82500138578605,46.81999924599583],[90.76250152691553,46.81999922499222],[90.7000016188747,46.819999250681434],[90.63750176951355,46.81999924853448],[90.57500186018275,46.81999921928835],[90.51250200722127,46.81999923626658],[90.45000209606243,46.81999922614918],[90.45000212850827,46.320000224160644]]]}"
00000000000000000156,3522,2,10528.0,8667.5,8667.5,6807.0,17335.0,"{""type"":""Polygon"",""coordinates"":[[[119.45000212533137,46.3200002182652],[119.51250196919858,46.32000019895541],[119.57500193744752,46.32000024022964],[119.63750185113369,46.320000228747936],[119.700001668402,46.32000017238226],[119.76250148565522,46.32000019970779],[119.82500139412556,46.320000200496544],[119.88750125202169,46.32000021110786],[119.95000111898328,46.32000021031863],[119.9500011772776,46.81999924300674],[119.8875012609645,46.8199992335721],[119.82500142952748,46.81999923710455],[119.76250155092644,46.8199992145566],[119.70000163314415,46.819999248440695],[119.63750174842198,46.819999241273536],[119.57500193718906,46.81999918567445],[119.51250200356944,46.81999922184935],[119.45000212246927,46.81999922339527],[119.45000212533137,46.3200002182652]]]}"
00000000000000000157,3523,0,,,,,0.0,"{""type"":""Polygon"",""coordinates"":[[[119.95000111898328,46.32000021031863],[120.01250105475165,46.32000017667922],[120.07500088694478,46.32000023589073],[120.13750073763016,46.320000188155376],[120.20000060505372,46.32000019012683],[120.2625005497628,46.32000021993014],[120.32500046170644,46.32000022499037],[120.3875003007176,46.32000021280262],[120.45000019765877,46.32000022114309],[120.45000015449693,46.81999922299267],[120.38750030289967,46.81999920490052],[120.32500042605379,46.81999919879381],[120.26250056272603,46.81999919748806],[120.20000064995132,46.81999922343281],[120.13750082857955,46.81999923982656],[120.07500096544416,46.81999920839472],[120.01250106856487,46.81999921190303],[119.9500011772776,46.81999924300674],[119.95000111898328,46.32000021031863]]]}"
00000000000000000158,3524,0,,,,,0.0,"{""type"":""Polygon"",""coordinates"":[[[120.45000019765877,46.32000022114309],[120.51250004248564,46.3200001975448],[120.57499986594215,46.320000209106524],[120.63749982976312,46.3200002036877],[120.69999962281166,46.320000188342284],[120.76249954849145,46.32000022989958],[120.82499942607198,46.32000021639782],[120.88749928742232,46.32000021451745],[120.94999919423356,46.320000201346346],[120.94999915653449,46.81999921479449],[120.8874992899802,46.81999923542337],[120.82499939760564,46.81999923425358],[120.76249951730628,46.819999204328575],[120.69999965691053,46.819999229062354],[120.63749978269735,46.819999241326585],[120.57499993288639,46.81999923410405],[120.51250004400961,46.81999923036874],[120.45000015449693,46.81999922299267],[120.45000019765877,46.32000022114309]]]}"
00000000000000000159,3525,0,,,,,0.0,"{""type"":""Polygon"",""coordinates"":[[[120.94999919423356,46.320000201346346],[121.01249900731808,46.32000021407933],[121.07499888905167,46.320000199526774],[121.13749877205522,46.32000025409596],[121.19999867581376,46.32000020579254],[121.26249850443622,46.32000024063572],[121.3249984494792,46.32000021515698],[121.38749827202716,46.32000019724353],[121.44999810669623,46.32000022231564],[121.44999821969839,46.81999921652253],[121.3874983238359,46.8199992324282],[121.32499840901662,46.819999189131224],[121.26249855588961,46.81999923009378],[121.19999865591448,46.8199992292787],[121.1374988187516,46.81999923965141],[121.07499890745669,46.819999225331294],[121.01249903165582,46.81999923927474],[120.94999915653449,46.81999921479449],[120.94999919423356,46.320000201346346]]]}"
0000000000000000015a,3526,0,,,,,0.0,"{""type"":""Polygon"",""coordinates"":[[[121.44999810669623,46.32000022231564],[121.51249866274821,46.320000230518],[121.57499908395202,46.32000023558337],[121.63749943304799,46.32000021374178],[121.69999984542164,46.320000199688984],[121.76250028394306,46.32000020004724],[121.8250007115953,46.32000022148773],[121.88750119176484,46.320000239565964],[121.95000161458776,46.32000020235172],[121.95000158674979,46.81999923718395],[121.88750112911879,46.81999921351786],[121.82500081395608,46.81999920723705],[121.76250029872011,46.81999924708345],[121.69999992408053,46.819999232263136],[121.63749952306807,46.81999921904455],[121.57499903030579,46.81999923201043],[121.51249858370028,46.81999923332989],[121.44999821969839,46.81999921652253],[121.44999810669623,46.32000022231564]]]}"
0000000000000000015b,3535,0,,,,,0.0,"{""type"":""Polygon"",""coordinates"":[[[125.9499981112161,46.320000202230894],[126.01249849333414,46.32000018704923],[126.07499896167377,46.320000190777556],[126.1374993871962,46.32000025380874],[126.19999977684235,46.320000199376935],[126.26250024163132,46.32000023199332],[126.3250006897495,46.32000021072599],[126.38750107256455,46.32000023082296],[126.450001557107,46.32000022417351],[126.45000152156315,46.81999920799879],[126.38750118984115,46.81999922772579],[126.32500072396799,46.819999211172274],[126.26250023457872,46.81999920894101],[126.19999975099334,46.81999921668409],[126.13749940247166,46.819999193697164],[126.07499901877384,46.81999920854727],[126.01249854863718,46.81999920137171],[125.94999810246955,46.81999922302099],[125.9499981112161,46.320000202230894]]]}"
0000000000000000015c,3536,0,,,,,0.0,"{""type"":""Polygon"",""coordinates"":[[[126.450001557107,46.32000022417351],[126.51250137918618,46.32000021396701],[126.57500132324165,46.32000024077001],[126.63750119808279,46.320000200187046],[126.70000103683839,46.32000024165492],[126.7625009258038,46.32000024201891],[126.82500083511168,46.320000205417806],[126.88750071782547,46.32000022685572],[126.95000056161321,46.32000021972638],[126.95000055904319,46.81999917063023],[126.88750062001426,46.81999919735832],[126.8250007765215,46.819999220671576],[126.76250087588518,46.81999921917183],[126.70000102884615,46.81999924342545],[126.63750118247003,46.81999923466216],[126.57500126622749,46.819999225655636],[126.51250149033406,46.819999230216716],[126.45000152156315,46.81999920799879],[126.450001557107,46.32000022417351]]]}"
0000000000000000015d,3537,0,,,,,0.0,"{""type"":""Polygon"",""coordinates"":[[[126.95000056161321,46.32000021972638],[127.01250041813552,46.32000024214384],[127.07500027482978,46.320000207333514],[127.13750018357283,46.32000017314335],[127.2000000985929,46.320000234402144],[127.26249992571994,46.32000025058198],[127.32499981532837,46.320000242118134],[127.38749973821875,46.32000021283758],[127.44999956731245,46.32000020406828],[127.44999953984117,46.81999925355906],[127.38749966439863,46.81999924176095],[127.32499975613746,46.81999922015874],[127.262499926007,46.81999923910601],[127.20000003701578,46.81999918644135],[127.1375001834723,46.81999920436984],[127.07500031113128,46.81999923471921],[127.01250036619304,46.819999219106265],[126.95000055904319,46.81999917063023],[126.95000056161321,46.32000021972638]]]}"
0000000000000000016c,3553,0,,,,,0.0,"{""type"":""Polygon"",""coordinates"":[[[85.9500021782529,46.81999922206256],[86.01250207863116,46.8199992462747],[86.07500194202774,46.819999233080694],[86.13750184775121,46.81999918549565],[86.20000168857439,46.81999924817245],[86.26250157008587,46.81999920292497],[86.32500146419298,46.8199991970498],[86.38750136101359,46.81999923046922],[86.45000117609658,46.81999922682827],[86.45000116472093,47.319998188705604],[86.38750130265186,47.31999820537991],[86.32500144279454,47.31999819239776],[86.26250157393186,47.31999822387542],[86.20000170231938,47.319998225036635],[86.13750182308178,47.31999819545758],[86.07500191940485,47.31999820902588],[86.0125020769854,47.3199981936868],[85.95000219145551,47.31999822033149],[85.9500021782529,46.81999922206256]]]}"
0000000000000000016e,3560,199,247421.0,15574.02512562814,8907.12,5495.0,3099231.0,"{""type"":""Polygon"",""coordinates"":[[[89.44999966319754,46.819999177820904],[89.51249956349176,46.81999918320536],[89.57499938113097,46.81999923482032],[89.63749930395309,46.819999185629996],[89.69999912966898,46.81999918275678],[89.76249903822499,46.819999226753815],[89.8249989015619,46.81999924341227],[89.88749881671492,46.819999232915556],[89.94999864954107,46.819999195130706],[89.94999870465357,47.319998197498435],[89.88749875811264,47.319998204342774],[89.82499888495352,47.31999818841608],[89.76249904521669,47.319998224370025],[89.69999919690834,47.31999823751203],[89.63749929480092,47.31999822766763],[89.57499944661978,47.31999819512522],[89.51249952264295,47.31999821402184],[89.44999962650914,47.319998210074566],[89.44999966319754,46.819999177820904]]]}"
0000000000000000016f,3561,1287,199380.0,13853.980574980575,8884.384615384615,5494.0,1.7830073E7,"{""type"":""Polygon"",""coordinates"":[[[89.94999864954107,46.819999195130706],[90.01249906899736,46.8199992040214],[90.07499953982098,46.819999185084114],[90.13749993336344,46.8199992122825],[90.20000041784972,46.81999921154588],[90.26250086023202,46.81999918301808],[90.32500128319657,46.81999920058452],[90.38750171104287,46.819999190277606],[90.45000209606243,46.81999922614918],[90.45000211447147,47.3199981992096],[90.38750169520166,47.319998243701086],[90.32500124265749,47.319998190192436],[90.2625008653538,47.3199981876547],[90.20000036135043,47.31999823658068],[90.1374999963198,47.31999818721312],[90.0749994980485,47.31999818921543],[90.01249906037393,47.31999824235604],[89.94999870465357,47.319998197498435],[89.94999864954107,46.819999195130706]]]}"
00000000000000000170,3562,17,40402.0,10552.529411764706,7341.0,5512.0,179393.0,"{""type"":""Polygon"",""coordinates"":[[[119.9500011772776,46.81999924300674],[120.01250106856487,46.81999921190303],[120.07500096544416,46.81999920839472],[120.13750082857955,46.81999923982656],[120.20000064995132,46.81999922343281],[120.26250056272603,46.81999919748806],[120.32500042605379,46.81999919879381],[120.38750030289967,46.81999920490052],[120.45000015449693,46.81999922299267],[120.45000013035337,47.31999823331141],[120.38750025480421,47.31999821054851],[120.32500045007579,47.31999821662729],[120.26250057897302,47.31999821358699],[120.20000067944648,47.31999819430309],[120.1375007577849,47.31999824279118],[120.07500098685303,47.31999823113646],[120.01250102442452,47.31999818031831],[119.95000122538535,47.31999823742639],[119.9500011772776,46.81999924300674]]]}"
00000000000000000171,3563,4,15906.0,9325.0,7336.5,6721.0,37300.0,"{""type"":""Polygon"",""coordinates"":[[[120.45000015449693,46.81999922299267],[120.51250004400961,46.81999923036874],[120.57499993288639,46.81999923410405],[120.63749978269735,46.819999241326585],[120.69999965691053,46.819999229062354],[120.76249951730628,46.819999204328575],[120.82499939760564,46.81999923425358],[120.8874992899802,46.81999923542337],[120.94999915653449,46.81999921479449],[120.94999920689692,47.31999821154244],[120.88749929142409,47.319998197401524],[120.82499935609624,47.3199982059323],[120.76249954057609,47.319998199802406],[120.69999967556136,47.31999823349067],[120.637499828645,47.31999820886487],[120.57499990320092,47.31999824071668],[120.51250007035473,47.31999820056209],[120.45000013035337,47.31999823331141],[120.45000015449693,46.81999922299267]]]}"
00000000000000000172,3564,0,,,,,0.0,"{""type"":""Polygon"",""coordinates"":[[[120.94999915653449,46.81999921479449],[121.01249903165582,46.81999923927474],[121.07499890745669,46.819999225331294],[121.1374988187516,46.81999923965141],[121.19999865591448,46.8199992292787],[121.26249855588961,46.81999923009378],[121.32499840901662,46.819999189131224],[121.3874983238359,46.8199992324282],[121.44999821969839,46.81999921652253],[121.44999820460892,47.319998192119755],[121.38749831336068,47.31999818842191],[121.32499849527633,47.319998227862925],[121.26249853602687,47.31999821466178],[121.19999872147606,47.3199982316023],[121.13749873499386,47.31999821363553],[121.07499896516559,47.319998212858906],[121.01249899301193,47.31999819466738],[120.94999920689692,47.31999821154244],[120.94999915653449,46.81999921479449]]]}"
00000000000000000173,3565,0,,,,,0.0,"{""type"":""Polygon"",""coordinates"":[[[121.44999821969839,46.81999921652253],[121.51249858370028,46.81999923332989],[121.57499903030579,46.81999923201043],[121.63749952306807,46.81999921904455],[121.69999992408053,46.819999232263136],[121.76250029872011,46.81999924708345],[121.82500081395608,46.81999920723705],[121.88750112911879,46.81999921351786],[121.95000158674979,46.81999923718395],[121.95000166847123,47.319998212639135],[121.88750116849883,47.31999819975777],[121.82500076915626,47.31999818522128],[121.7625002995869,47.319998226416054],[121.69999992597873,47.31999819368364],[121.63749944925704,47.31999823559083],[121.57499903606899,47.31999822253408],[121.51249861903307,47.31999817968977],[121.44999820460892,47.319998192119755],[121.44999821969839,46.81999921652253]]]}"
00000000000000000174,3566,0,,,,,0.0,"{""type"":""Polygon"",""coordinates"":[[[121.95000158674979,46.81999923718395],[122.01250152342911,46.8199992339347],[122.07500135550805,46.81999923410883],[122.13750125030182,46.81999918073931],[122.20000104362806,46.819999202713575],[122.26250100471034,46.81999921075693],[122.32500082110457,46.8199992161144],[122.38750073500218,46.81999921992339],[122.45000071151,46.819999228244335],[122.45000064949127,47.319998178515355],[122.38750078534048,47.319998221864275],[122.32500087649893,47.31999818981461],[122.26250100517888,47.31999822735856],[122.20000105482542,47.319998209564844],[122.1375013127476,47.31999821705768],[122.07500135490669,47.31999822124373],[122.01250149623692,47.31999821111627],[121.95000166847123,47.319998212639135],[121.95000158674979,46.81999923718395]]]}"
00000000000000000175,3570,0,,,,,0.0,"{""type"":""Polygon"",""coordinates"":[[[123.95000204729416,46.81999919293108],[124.01250194425953,46.819999194049515],[124.07500189206681,46.819999235111716],[124.13750170337188,46.819999207177574],[124.20000160184493,46.81999919597419],[124.26250145478983,46.819999240954346],[124.32500135390018,46.819999221977056],[124.38750124438018,46.8199992355862],[124.45000111704553,46.81999919578927],[124.45000107990727,47.319998225812846],[124.38750124534536,47.31999821281467],[124.32500137918909,47.31999821110076],[124.2625015123326,47.31999821549246],[124.20000157375459,47.319998255394516],[124.13750171996723,47.3199981988114],[124.07500175478738,47.31999820170803],[124.01250199178152,47.319998247800584],[123.95000212521404,47.319998192833694],[123.95000204729416,46.81999919293108]]]}"
00000000000000000176,3575,0,,,,,0.0,"{""type"":""Polygon"",""coordinates"":[[[126.45000152156315,46.81999920799879],[126.51250149033406,46.819999230216716],[126.57500126622749,46.819999225655636],[126.63750118247003,46.81999923466216],[126.70000102884615,46.81999924342545],[126.76250087588518,46.81999921917183],[126.8250007765215,46.819999220671576],[126.88750062001426,46.81999919735832],[126.95000055904319,46.81999917063023],[126.95000058605342,47.31999823287081],[126.887500616487,47.31999820946247],[126.82500078278801,47.31999824071344],[126.76250094693745,47.319998212505666],[126.70000111914614,47.319998213612145],[126.63750114391789,47.319998222060626],[126.57500133362603,47.319998214368766],[126.51250143226724,47.319998205792025],[126.45000155047936,47.319998247605085],[126.45000152156315,46.81999920799879]]]}"
00000000000000000177,3576,1,7984.0,7984.0,7984.0,7984.0,7984.0,"{""type"":""Polygon"",""coordinates"":[[[126.95000055904319,46.81999917063023],[127.01250036619304,46.819999219106265],[127.07500031113128,46.81999923471921],[127.1375001834723,46.81999920436984],[127.20000003701578,46.81999918644135],[127.262499926007,46.81999923910601],[127.32499975613746,46.81999922015874],[127.38749966439863,46.81999924176095],[127.44999953984117,46.81999925355906],[127.44999950563775,47.319998212676374],[127.3874997086649,47.31999820597151],[127.32499984381919,47.31999819158124],[127.26249992176646,47.31999825850744],[127.20000000362782,47.3199982172658],[127.13750018372478,47.31999821180714],[127.07500030561735,47.31999822149044],[127.01250039695056,47.31999824238488],[126.95000058605342,47.31999823287081],[126.95000055904319,46.81999917063023]]]}"
00000000000000000186,3596,110,207520.0,16923.963636363635,8760.0,5446.0,1861636.0,"{""type"":""Polygon"",""coordinates"":[[[88.45000170261493,47.319998200153805],[88.5125015520012,47.31999820474001],[88.5750014124321,47.31999818552194],[88.63750129416087,47.31999821733745],[88.70000113302365,47.319998224879605],[88.7625010178813,47.3199982092639],[88.82500087312746,47.31999824436082],[88.88750078898362,47.319998181903834],[88.95000067967983,47.31999824498498],[88.95000069601326,47.82000166259753],[88.88750078918655,47.82000167251352],[88.82500092189888,47.82000166123305],[88.76250107064406,47.82000170384522],[88.70000113833215,47.82000164850519],[88.63750125500042,47.820001647240176],[88.57500139324065,47.82000169971013],[88.51250153118109,47.820001654873934],[88.45000162957398,47.82000166281855],[88.45000170261493,47.319998200153805]]]}"
00000000000000000187,3597,801,965929.0,22878.67290886392,10009.636363636364,5443.0,1.8325817E7,"{""type"":""Polygon"",""coordinates"":[[[88.95000067967983,47.31999824498498],[89.01250055392018,47.31999820989422],[89.07500040397896,47.319998225926696],[89.13750030654455,47.319998219129346],[89.20000017546295,47.31999818887658],[89.26250007772121,47.31999821033605],[89.32499992482619,47.319998208356004],[89.38749978063339,47.319998183413695],[89.44999962650914,47.319998210074566],[89.44999966704566,47.820001640423854],[89.38749979205603,47.82000167035456],[89.32499987670725,47.8200016789161],[89.26250007882669,47.820001667012995],[89.20000015269369,47.820001708427895],[89.13750025552402,47.820001653395224],[89.07500045438368,47.820001653135634],[89.01250057732925,47.82000170627678],[88.95000069601326,47.82000166259753],[88.95000067967983,47.31999824498498]]]}"
00000000000000000188,3598,340,284088.0,15043.905882352941,7315.106666666667,5448.0,5114928.0,"{""type"":""Polygon"",""coordinates"":[[[89.44999962650914,47.319998210074566],[89.51249952264295,47.31999821402184],[89.57499944661978,47.31999819512522],[89.63749929480092,47.31999822766763],[89.69999919690834,47.31999823751203],[89.76249904521669,47.319998224370025],[89.82499888495352,47.31999818841608],[89.88749875811264,47.319998204342774],[89.94999870465357,47.319998197498435],[89.94999869058428,47.82000169851471],[89.88749880958994,47.820001670514344],[89.82499889426273,47.82000169684283],[89.76249904154535,47.82000170229656],[89.69999918810448,47.820001686799465],[89.63749926769869,47.82000165012486],[89.57499944798188,47.82000166810137],[89.51249957932798,47.820001664895415],[89.44999966704566,47.820001640423854],[89.44999962650914,47.319998210074566]]]}"
00000000000000000189,3599,383,193476.0,17170.67362924282,8785.552631578947,4883.0,6576368.0,"{""type"":""Polygon"",""coordinates"":[[[89.94999870465357,47.319998197498435],[90.01249906037393,47.31999824235604],[90.0749994980485,47.31999818921543],[90.1374999963198,47.31999818721312],[90.20000036135043,47.31999823658068],[90.2625008653538,47.3199981876547],[90.32500124265749,47.319998190192436],[90.38750169520166,47.319998243701086],[90.45000211447147,47.3199981992096],[90.4500020894786,47.82000167819811],[90.38750170190778,47.820001671393086],[90.32500124260311,47.82000164321418],[90.2625008010141,47.82000166870218],[90.20000038795739,47.8200016725461],[90.13749993894098,47.820001654884],[90.07499954990415,47.8200016909441],[90.01249908242254,47.82000170550702],[89.94999869058428,47.82000169851471],[89.94999870465357,47.319998197498435]]]}"
0000000000000000018a,3600,0,,,,,0.0,"{""type"":""Polygon"",""coordinates"":[[[118.94999864964832,47.319998227060076],[119.01249912051611,47.3199982583283],[119.07499959021865,47.31999817810639],[119.13750001950729,47.31999823762834],[119.20000036635972,47.31999820097499],[119.26250090223753,47.319998232997335],[119.32500127490363,47.3199981839555],[119.38750175679283,47.31999821836236],[119.45000216847247,47.31999821982075],[119.45000216767858,47.82000169652598],[119.38750173624031,47.820001668876],[119.32500127744768,47.820001716646196],[119.262500897806,47.82000164912007],[119.20000046368494,47.82000167170153],[119.13750004802216,47.82000168533449],[119.07499951529512,47.82000164895329],[119.01249914964141,47.82000165171577],[118.94999871110251,47.820001681352416],[118.94999864964832,47.319998227060076]]]}"
0000000000000000018b,3601,0,,,,,0.0,"{""type"":""Polygon"",""coordinates"":[[[119.45000216847247,47.31999821982075],[119.51250209020665,47.31999822151858],[119.57500186177118,47.31999820607979],[119.6375017906773,47.31999824603663],[119.70000169700899,47.31999822519368],[119.76250150875288,47.319998241916366],[119.82500139329734,47.31999824476402],[119.88750131176066,47.319998240871186],[119.95000122538535,47.31999823742639],[119.95000115995698,47.820001657570664],[119.88750132625582,47.82000170400705],[119.82500143520973,47.82000164109213],[119.7625015304035,47.82000170765781],[119.70000164402977,47.82000165069689],[119.6375017479589,47.82000164689656],[119.57500187999266,47.82000168916561],[119.51250200709507,47.820001708089265],[119.45000216767858,47.82000169652598],[119.45000216847247,47.31999821982075]]]}"
0000000000000000018c,3602,0,,,,,0.0,"{""type"":""Polygon"",""coordinates"":[[[119.95000122538535,47.31999823742639],[120.01250102442452,47.31999818031831],[120.07500098685303,47.31999823113646],[120.1375007577849,47.31999824279118],[120.20000067944648,47.31999819430309],[120.26250057897302,47.31999821358699],[120.32500045007579,47.31999821662729],[120.38750025480421,47.31999821054851],[120.45000013035337,47.31999823331141],[120.45000011060505,47.82000167576392],[120.38750034105996,47.820001689472804],[120.32500039301841,47.82000168149602],[120.26250048020306,47.82000167610998],[120.20000063931796,47.820001666585995],[120.13750080275895,47.82000167641108],[120.07500093539021,47.82000163683357],[120.01250104208236,47.82000163287499],[119.95000115995698,47.820001657570664],[119.95000122538535,47.31999823742639]]]}"
0000000000000000018d,3603,19,40882.0,11118.0,8544.0,5144.0,211242.0,"{""type"":""Polygon"",""coordinates"":[[[120.45000013035337,47.31999823331141],[120.51250007035473,47.31999820056209],[120.57499990320092,47.31999824071668],[120.637499828645,47.31999820886487],[120.69999967556136,47.31999823349067],[120.76249954057609,47.319998199802406],[120.82499935609624,47.3199982059323],[120.88749929142409,47.319998197401524],[120.94999920689692,47.31999821154244],[120.94999909770057,47.82000167783173],[120.8874993185716,47.82000167960752],[120.82499945793322,47.82000168320101],[120.76249955151638,47.82000168188194],[120.69999963516624,47.82000166896798],[120.6374998179584,47.820001699250405],[120.574999885263,47.82000167402309],[120.512500019348,47.820001709433924],[120.45000011060505,47.82000167576392],[120.45000013035337,47.31999823331141]]]}"
0000000000000000018e,3604,3,13991.0,9906.333333333334,10284.0,5444.0,29719.0,"{""type"":""Polygon"",""coordinates"":[[[120.94999920689692,47.31999821154244],[121.01249899301193,47.31999819466738],[121.07499896516559,47.319998212858906],[121.13749873499386,47.31999821363553],[121.19999872147606,47.3199982316023],[121.26249853602687,47.31999821466178],[121.32499849527633,47.319998227862925],[121.38749831336068,47.31999818842191],[121.44999820460892,47.319998192119755],[121.44999823120024,47.82000167721818],[121.38749823179909,47.82000165598601],[121.32499843539348,47.82000168452386],[121.26249851929175,47.820001698122944],[121.19999862274781,47.82000165875548],[121.1374987507579,47.820001652396165],[121.07499893822113,47.82000167268058],[121.01249904205827,47.82000168337681],[120.94999909770057,47.82000167783173],[120.94999920689692,47.31999821154244]]]}"
0000000000000000018f,3605,0,,,,,0.0,"{""type"":""Polygon"",""coordinates"":[[[121.44999820460892,47.319998192119755],[121.51249861903307,47.31999817968977],[121.57499903606899,47.31999822253408],[121.63749944925704,47.31999823559083],[121.69999992597873,47.31999819368364],[121.7625002995869,47.319998226416054],[121.82500076915626,47.31999818522128],[121.88750116849883,47.31999819975777],[121.95000166847123,47.319998212639135],[121.95000160679831,47.820001717912746],[121.88750121762232,47.82000166424538],[121.82500075900701,47.82000170918888],[121.7625003221694,47.820001661461724],[121.69999988344874,47.820001699952044],[121.63749943067538,47.820001665458044],[121.57499904396501,47.820001704817784],[121.51249860769946,47.82000169061819],[121.44999823120024,47.82000167721818],[121.44999820460892,47.319998192119755]]]}"
00000000000000000190,3606,0,,,,,0.0,"{""type"":""Polygon"",""coordinates"":[[[121.95000166847123,47.319998212639135],[122.01250149623692,47.31999821111627],[122.07500135490669,47.31999822124373],[122.1375013127476,47.31999821705768],[122.20000105482542,47.319998209564844],[122.26250100517888,47.31999822735856],[122.32500087649893,47.31999818981461],[122.38750078534048,47.319998221864275],[122.45000064949127,47.319998178515355],[122.45000059526014,47.82000168328326],[122.38750070048998,47.82000168148072],[122.3250008856141,47.82000169722949],[122.26250100340762,47.82000169745793],[122.2000010871056,47.82000167610298],[122.13750124594318,47.820001687259584],[122.07500133322925,47.82000169737676],[122.01250148647412,47.8200016679411],[121.95000160679831,47.820001717912746],[121.95000166847123,47.319998212639135]]]}"
00000000000000000191,3614,0,,,,,0.0,"{""type"":""Polygon"",""coordinates"":[[[125.94999807395267,47.319998204184735],[126.01249848506367,47.31999823146008],[126.07499896120068,47.31999825585828],[126.13749939175925,47.319998225768316],[126.1999998296621,47.3199982014231],[126.26250024627548,47.31999818712167],[126.32500069516273,47.31999824286095],[126.38750108462229,47.319998224538736],[126.45000155047936,47.319998247605085],[126.45000158768312,47.82000168800995],[126.38750107863264,47.82000167918708],[126.3250006985075,47.820001673538684],[126.26250028961509,47.82000164831823],[126.1999998603402,47.82000169296151],[126.13749937489747,47.82000165333024],[126.0749989245139,47.82000167517844],[126.01249855658702,47.82000166085601],[125.94999809435458,47.82000168024372],[125.94999807395267,47.319998204184735]]]}"
00000000000000000192,3615,5,11506.0,7995.0,6663.0,5454.0,39975.0,"{""type"":""Polygon"",""coordinates"":[[[126.45000155047936,47.319998247605085],[126.51250143226724,47.319998205792025],[126.57500133362603,47.319998214368766],[126.63750114391789,47.319998222060626],[126.70000111914614,47.319998213612145],[126.76250094693745,47.319998212505666],[126.82500078278801,47.31999824071344],[126.887500616487,47.31999820946247],[126.95000058605342,47.31999823287081],[126.9500006152503,47.820001686223094],[126.88750068353329,47.820001709917356],[126.82500086593014,47.82000169307709],[126.76250090197743,47.82000165212051],[126.70000108836831,47.82000165676079],[126.63750126643718,47.82000168527373],[126.57500137989723,47.820001677748685],[126.51250135420118,47.82000166770953],[126.45000158768312,47.82000168800995],[126.45000155047936,47.319998247605085]]]}"
000000000000000001a2,3632,0,,,,,0.0,"{""type"":""Polygon"",""coordinates"":[[[85.95000218164589,47.820001663469995],[86.01250203297566,47.820001679290186],[86.0750019590043,47.82000166871061],[86.1375018016987,47.820001702001825],[86.2000016782075,47.82000170796765],[86.26250160807265,47.8200016874341],[86.32500142963694,47.8200017108265],[86.38750133933243,47.82000170928667],[86.45000118223247,47.82000167812177],[86.45000115639647,48.32000069615127],[86.38750132805981,48.32000067156608],[86.3250014549528,48.320000693920534],[86.26250160475057,48.32000068898262],[86.20000166138021,48.32000065273579],[86.13750184281974,48.320000668258864],[86.07500195334292,48.32000065270961],[86.01250203457424,48.32000068333451],[85.9500022347372,48.32000068890655],[85.95000218164589,47.820001663469995]]]}"
000000000000000001a3,3633,0,,,,,0.0,"{""type"":""Polygon"",""coordinates"":[[[86.45000118223247,47.82000167812177],[86.51250104714569,47.82000169579077],[86.5750009550086,47.82000168767295],[86.63750083111836,47.82000165173549],[86.70000067506311,47.82000166365356],[86.7625005866666,47.820001651078336],[86.82500047801337,47.82000168709378],[86.88750036096012,47.82000169684081],[86.95000023692572,47.82000168057162],[86.95000016432161,48.320000689434785],[86.8875003364096,48.320000651454066],[86.82500046130005,48.32000066212599],[86.76250061742533,48.32000064727789],[86.70000069358825,48.320000679703476],[86.63750085114677,48.32000068766824],[86.57500098441533,48.32000066796201],[86.51250106229838,48.320000695528876],[86.45000115639647,48.32000069615127],[86.45000118223247,47.82000167812177]]]}"
000000000000000001a4,3634,0,,,,,0.0,"{""type"":""Polygon"",""coordinates"":[[[86.95000023692572,47.82000168057162],[87.01250009770922,47.82000171368498],[87.07499995719881,47.82000164594141],[87.1374997884332,47.820001703063596],[87.19999969251036,47.8200016615397],[87.26249956350495,47.82000166970513],[87.32499948318453,47.820001654292945],[87.38749935036417,47.82000168848706],[87.44999915969008,47.82000169702969],[87.4499991991513,48.32000069077387],[87.3874993499965,48.32000070329579],[87.32499943850017,48.32000068955655],[87.26249954763654,48.32000065126582],[87.19999966671527,48.3200006641329],[87.13749979792337,48.32000065196807],[87.0749999267593,48.320000690356146],[87.01250005227541,48.32000070299582],[86.95000016432161,48.320000689434785],[86.95000023692572,47.82000168057162]]]}"
000000000000000001a5,3635,0,,,,,0.0,"{""type"":""Polygon"",""coordinates"":[[[87.44999915969008,47.82000169702969],[87.51249906269726,47.82000168345514],[87.574998959779,47.82000164567181],[87.63749882646165,47.820001658722326],[87.69999873191743,47.82000164880722],[87.7624985655814,47.820001689236896],[87.82499847490152,47.82000170767984],[87.88749835151154,47.820001702163886],[87.94999816786154,47.82000167238775],[87.9499982367082,48.32000070837348],[87.88749829839328,48.32000068444907],[87.8249984094413,48.320000713743106],[87.76249859430956,48.32000064453276],[87.69999867825426,48.32000070155261],[87.63749885624541,48.3200006602644],[87.57499895502963,48.32000066919856],[87.51249907033431,48.32000065406799],[87.4499991991513,48.32000069077387],[87.44999915969008,47.82000169702969]]]}"
000000000000000001a6,3636,0,,,,,0.0,"{""type"":""Polygon"",""coordinates"":[[[87.94999816786154,47.82000167238775],[88.01249862813556,47.82000170610833],[88.074999053051,47.820001640307204],[88.13749947588622,47.820001701801324],[88.19999995816494,47.82000166557951],[88.26250037090013,47.82000168044018],[88.32500076138466,47.82000167193312],[88.38750125114369,47.82000164190498],[88.45000162957398,47.82000166281855],[88.4500016817719,48.32000064292321],[88.38750125392056,48.32000064830929],[88.32500078939752,48.320000705791884],[88.26250032480239,48.320000663643185],[88.19999996016251,48.32000067544617],[88.13749947465564,48.32000066162987],[88.07499905157883,48.320000701015395],[88.01249863810447,48.320000640546105],[87.9499982367082,48.32000070837348],[87.94999816786154,47.82000167238775]]]}"
000000000000000001a7,3637,154,637416.0,29195.915584415583,9745.382352941177,5182.0,4496171.0,"{""type"":""Polygon"",""coordinates"":[[[88.45000162957398,47.82000166281855],[88.51250153118109,47.820001654873934],[88.57500139324065,47.82000169971013],[88.63750125500042,47.820001647240176],[88.70000113833215,47.82000164850519],[88.76250107064406,47.82000170384522],[88.82500092189888,47.82000166123305],[88.88750078918655,47.82000167251352],[88.95000069601326,47.82000166259753],[88.95000070327414,48.320000639361915],[88.88750077697863,48.3200006794807],[88.82500093782926,48.320000698245956],[88.76250106578696,48.32000069444324],[88.70000120260124,48.320000668417414],[88.63750130212995,48.3200006956162],[88.57500140537105,48.320000700353965],[88.51250154816161,48.32000068301555],[88.4500016817719,48.32000064292321],[88.45000162957398,47.82000166281855]]]}"
000000000000000001a8,3645,0,,,,,0.0,"{""type"":""Polygon"",""coordinates"":[[[118.94999871110251,47.820001681352416],[119.01249914964141,47.82000165171577],[119.07499951529512,47.82000164895329],[119.13750004802216,47.82000168533449],[119.20000046368494,47.82000167170153],[119.262500897806,47.82000164912007],[119.32500127744768,47.820001716646196],[119.38750173624031,47.820001668876],[119.45000216767858,47.82000169652598],[119.45000216161026,48.32000068612365],[119.38750168087009,48.320000686708354],[119.3250012920846,48.3200006826962],[119.2625009268819,48.3200006967189],[119.2000004458283,48.32000068793181],[119.13750006388727,48.32000068299398],[119.07499953623605,48.32000067015193],[119.0124990778347,48.32000067620194],[118.94999872674845,48.32000069414278],[118.94999871110251,47.820001681352416]]]}"
000000000000000001a9,3646,1,5408.0,5408.0,5408.0,5408.0,5408.0,"{""type"":""Polygon"",""coordinates"":[[[119.45000216767858,47.82000169652598],[119.51250200709507,47.820001708089265],[119.57500187999266,47.82000168916561],[119.6375017479589,47.82000164689656],[119.70000164402977,47.82000165069689],[119.7625015304035,47.82000170765781],[119.82500143520973,47.82000164109213],[119.88750132625582,47.82000170400705],[119.95000115995698,47.820001657570664],[119.95000111370692,48.32000067301791],[119.8875013462311,48.32000067396299],[119.82500148027229,48.32000069682316],[119.76250148010065,48.32000067182047],[119.70000163282613,48.320000687489866],[119.63750179704955,48.32000070432684],[119.57500193776792,48.320000652547265],[119.5125020242589,48.32000071063014],[119.45000216161026,48.32000068612365],[119.45000216767858,47.82000169652598]]]}"
000000000000000001aa,3647,0,,,,,0.0,"{""type"":""Polygon"",""coordinates"":[[[119.95000115995698,47.820001657570664],[120.01250104208236,47.82000163287499],[120.07500093539021,47.82000163683357],[120.13750080275895,47.82000167641108],[120.20000063931796,47.820001666585995],[120.26250048020306,47.82000167610998],[120.32500039301841,47.82000168149602],[120.38750034105996,47.820001689472804],[120.45000011060505,47.82000167576392],[120.45000009965135,48.32000068238999],[120.38750026518176,48.320000716024694],[120.32500039379926,48.32000064134612],[120.26250052985162,48.320000699951194],[120.20000059476861,48.320000667509056],[120.13750077081684,48.32000066209861],[120.07500091504237,48.32000064519685],[120.01250103055537,48.32000070292281],[119.95000111370692,48.32000067301791],[119.95000115995698,47.820001657570664]]]}"
000000000000000001ab,3648,74,107478.0,10729.72972972973,7831.090909090909,5406.0,794000.0,"{""type"":""Polygon"",""coordinates"":[[[120.45000011060505,47.82000167576392],[120.512500019348,47.820001709433924],[120.574999885263,47.82000167402309],[120.6374998179584,47.820001699250405],[120.69999963516624,47.82000166896798],[120.76249955151638,47.82000168188194],[120.82499945793322,47.82000168320101],[120.8874993185716,47.82000167960752],[120.94999909770057,47.82000167783173],[120.94999918090288,48.320000658296166],[120.88749931848662,48.320000701198694],[120.824999423129,48.32000068795262],[120.76249960391456,48.32000067400501],[120.69999961013328,48.32000065344795],[120.63749983603634,48.320000681346365],[120.57499995713025,48.32000068957565],[120.51250000867749,48.320000671420686],[120.45000009965135,48.32000068238999],[120.45000011060505,47.82000167576392]]]}"
000000000000000001ac,3649,14,18054.0,7627.428571428572,6002.5,5401.0,106784.0,"{""type"":""Polygon"",""coordinates"":[[[120.94999909770057,47.82000167783173],[121.01249904205827,47.82000168337681],[121.07499893822113,47.82000167268058],[121.1374987507579,47.820001652396165],[121.19999862274781,47.82000165875548],[121.26249851929175,47.820001698122944],[121.32499843539348,47.82000168452386],[121.38749823179909,47.82000165598601],[121.44999823120024,47.82000167721818],[121.4499981442866,48.32000064470849],[121.38749833712558,48.32000066744904],[121.32499840428285,48.320000714823706],[121.26249851535259,48.32000065529712],[121.199998643578,48.32000066928938],[121.13749874761872,48.320000689039],[121.07499896706197,48.320000676650366],[121.01249901936659,48.32000072064839],[120.94999918090288,48.320000658296166],[120.94999909770057,47.82000167783173]]]}"
000000000000000001ad,3650,3,11390.0,8803.666666666666,9614.0,5407.0,26411.0,"{""type"":""Polygon"",""coordinates"":[[[121.44999823120024,47.82000167721818],[121.51249860769946,47.82000169061819],[121.57499904396501,47.820001704817784],[121.63749943067538,47.820001665458044],[121.69999988344874,47.820001699952044],[121.7625003221694,47.820001661461724],[121.82500075900701,47.82000170918888],[121.88750121762232,47.82000166424538],[121.95000160679831,47.820001717912746],[121.95000157416145,48.32000065797262],[121.88750116628522,48.320000700414624],[121.82500078879886,48.320000686665075],[121.76250026398955,48.32000067564071],[121.69999991169718,48.320000657468015],[121.6374993727303,48.32000066213847],[121.57499896692026,48.32000068004836],[121.5124985462778,48.32000067627928],[121.4499981442866,48.32000064470849],[121.44999823120024,47.82000167721818]]]}"
000000000000000001ae,3651,0,,,,,0.0,"{""type"":""Polygon"",""coordinates"":[[[121.95000160679831,47.820001717912746],[122.01250148647412,47.8200016679411],[122.07500133322925,47.82000169737676],[122.13750124594318,47.820001687259584],[122.2000010871056,47.82000167610298],[122.26250100340762,47.82000169745793],[122.3250008856141,47.82000169722949],[122.38750070048998,47.82000168148072],[122.45000059526014,47.82000168328326],[122.4500005553069,48.32000065966847],[122.38750077145352,48.32000069156929],[122.32500086327623,48.32000068241466],[122.26250094008803,48.320000686782066],[122.20000113921986,48.32000066595471],[122.13750128232807,48.32000068009567],[122.07500132496449,48.32000066252015],[122.01250155818721,48.32000069607747],[121.95000157416145,48.32000065797262],[121.95000160679831,47.820001717912746]]]}"
000000000000000001af,3652,0,,,,,0.0,"{""type"":""Polygon"",""coordinates"":[[[122.45000059526014,47.82000168328326],[122.51250046059668,47.82000164861617],[122.57500041688806,47.82000170289832],[122.63750020151492,47.820001672798014],[122.70000011590628,47.82000171021006],[122.76249997393275,47.820001701558475],[122.82499992385276,47.820001678948394],[122.88749982963049,47.82000168132857],[122.94999958178337,47.820001655138405],[122.94999956676448,48.3200006604418],[122.88749977771829,48.32000064462827],[122.82499987224958,48.32000072066641],[122.7625000406987,48.3200006617802],[122.70000015522623,48.32000068348094],[122.63750027437571,48.32000068640532],[122.57500042974921,48.320000664961675],[122.51250044271039,48.32000068017909],[122.4500005553069,48.32000065966847],[122.45000059526014,47.82000168328326]]]}"
000000000000000001b0,3653,0,,,,,0.0,"{""type"":""Polygon"",""coordinates"":[[[122.94999958178337,47.820001655138405],[123.01249951031573,47.82000165801711],[123.0749994022319,47.82000166959017],[123.13749922563368,47.82000169558358],[123.19999915600913,47.82000167426762],[123.26249895427141,47.82000167864979],[123.32499887403117,47.82000170583196],[123.38749872769762,47.82000164310967],[123.44999861455305,47.820001706971226],[123.44999867741639,48.320000671420814],[123.38749875034978,48.32000068309133],[123.32499888076524,48.320000694003575],[123.26249902029403,48.32000063930926],[123.19999914734443,48.320000701361664],[123.13749923984251,48.32000072118607],[123.07499932876999,48.320000693325355],[123.01249952356504,48.320000672262175],[122.94999956676448,48.3200006604418],[122.94999958178337,47.820001655138405]]]}"
000000000000000001b1,3655,0,,,,,0.0,"{""type"":""Polygon"",""coordinates"":[[[123.95000201653342,47.82000167444264],[124.01250204211776,47.820001690552814],[124.07500184185666,47.82000170095191],[124.1375016711106,47.820001699926735],[124.20000160274996,47.82000165766106],[124.26250147959092,47.82000170723158],[124.3250013187082,47.82000166748381],[124.38750124930306,47.82000165971071],[124.45000105845287,47.82000166596282],[124.45000114800091,48.32000066581501],[124.38750122679471,48.32000069469464],[124.32500130529473,48.3200006643478],[124.2625013889462,48.32000066401351],[124.20000161132857,48.32000065354111],[124.13750171218732,48.32000063986918],[124.07500180122963,48.320000676719175],[124.01250193214733,48.32000066506541],[123.95000211004246,48.32000069402275],[123.95000201653342,47.82000167444264]]]}"
000000000000000001b2,3657,0,,,,,0.0,"{""type"":""Polygon"",""coordinates"":[[[124.95000007257534,47.820001707644685],[125.01249999448378,47.82000170335488],[125.07499980784125,47.820001655997345],[125.13749974834506,47.82000164924692],[125.19999960318249,47.82000166631151],[125.26249944619887,47.82000167589023],[125.32499935119482,47.820001646423876],[125.38749926805833,47.820001675819135],[125.44999908666773,47.82000171156967],[125.4499991058609,48.320000645678114],[125.38749925125903,48.320000661434925],[125.32499933439692,48.320000642654875],[125.26249946562311,48.320000642590635],[125.19999956870218,48.320000693368094],[125.13749969346388,48.3200006961672],[125.07499986820095,48.320000646539896],[125.01249999483103,48.32000067057881],[124.9500001237294,48.32000066938012],[124.95000007257534,47.820001707644685]]]}"
000000000000000001b3,3658,1,5396.0,5396.0,5396.0,5396.0,5396.0,"{""type"":""Polygon"",""coordinates"":[[[125.44999908666773,47.82000171156967],[125.51249898360255,47.82000168554914],[125.57499882743213,47.820001638639866],[125.63749875342404,47.82000168922212],[125.69999858998273,47.82000163444703],[125.76249845218037,47.82000168598201],[125.8249983526347,47.82000166114852],[125.88749824271666,47.82000165777777],[125.94999809435458,47.82000168024372],[125.94999801376264,48.320000671638475],[125.88749824334246,48.320000698229876],[125.82499829344658,48.320000688531145],[125.7624984616572,48.32000071548366],[125.69999860908078,48.32000066038215],[125.63749872168555,48.32000070775177],[125.57499886867444,48.320000664469624],[125.5124989529109,48.3200006575141],[125.4499991058609,48.320000645678114],[125.44999908666773,47.82000171156967]]]}"
000000000000000001b4,3659,0,,,,,0.0,"{""type"":""Polygon"",""coordinates"":[[[125.94999809435458,47.82000168024372],[126.01249855658702,47.82000166085601],[126.0749989245139,47.82000167517844],[126.13749937489747,47.82000165333024],[126.1999998603402,47.82000169296151],[126.26250028961509,47.82000164831823],[126.3250006985075,47.820001673538684],[126.38750107863264,47.82000167918708],[126.45000158768312,47.82000168800995],[126.45000155545148,48.320000640928306],[126.3875011610514,48.32000068800312],[126.32500076507313,48.32000067550239],[126.26250018756987,48.320000674872084],[126.19999974632528,48.32000066336525],[126.13749936464225,48.32000067481785],[126.07499898571596,48.32000064830571],[126.01249851301014,48.32000071165796],[125.94999801376264,48.320000671638475],[125.94999809435458,47.82000168024372]]]}"
000000000000000001b5,3660,8,14984.0,8548.75,7792.0,5424.0,68390.0,"{""type"":""Polygon"",""coordinates"":[[[126.45000158768312,47.82000168800995],[126.51250135420118,47.82000166770953],[126.57500137989723,47.820001677748685],[126.63750126643718,47.82000168527373],[126.70000108836831,47.82000165676079],[126.76250090197743,47.82000165212051],[126.82500086593014,47.82000169307709],[126.88750068353329,47.820001709917356],[126.9500006152503,47.820001686223094],[126.95000055491533,48.320000690552035],[126.88750072906444,48.32000069176821],[126.82500087699556,48.320000683470006],[126.76250092183605,48.3200007001604],[126.70000109633489,48.32000066142698],[126.63750111723581,48.32000067818931],[126.57500121745309,48.320000670164106],[126.5125015079106,48.32000069026038],[126.45000155545148,48.320000640928306],[126.45000158768312,47.82000168800995]]]}"
000000000000000001c0,3671,0,,,,,0.0,"{""type"":""Polygon"",""coordinates"":[[[86.45000115639647,48.32000069615127],[86.51250106229838,48.320000695528876],[86.57500098441533,48.32000066796201],[86.63750085114677,48.32000068766824],[86.70000069358825,48.320000679703476],[86.76250061742533,48.32000064727789],[86.82500046130005,48.32000066212599],[86.8875003364096,48.320000651454066],[86.95000016432161,48.320000689434785],[86.95000019426567,48.81999964041755],[86.88750034040278,48.819999654753126],[86.8250004199854,48.8199997150385],[86.7625005950549,48.81999967192181],[86.70000073117212,48.81999967514675],[86.63750080489932,48.81999964697621],[86.57500094793983,48.819999667841714],[86.51250104703895,48.81999965743098],[86.45000123093793,48.81999969625662],[86.45000115639647,48.32000069615127]]]}"
000000000000000001c1,3672,0,,,,,0.0,"{""type"":""Polygon"",""coordinates"":[[[86.95000016432161,48.320000689434785],[87.01250005227541,48.32000070299582],[87.0749999267593,48.320000690356146],[87.13749979792337,48.32000065196807],[87.19999966671527,48.3200006641329],[87.26249954763654,48.32000065126582],[87.32499943850017,48.32000068955655],[87.3874993499965,48.32000070329579],[87.4499991991513,48.32000069077387],[87.44999923287541,48.81999965735617],[87.38749936655176,48.81999966741306],[87.32499944224978,48.819999648375294],[87.26249960901889,48.819999680315675],[87.19999968434328,48.81999968202438],[87.13749982163924,48.81999965699686],[87.07499999256561,48.819999681248596],[87.01250009593257,48.81999967526455],[86.95000019426567,48.81999964041755],[86.95000016432161,48.320000689434785]]]}"
000000000000000001c2,3673,0,,,,,0.0,"{""type"":""Polygon"",""coordinates"":[[[87.4499991991513,48.32000069077387],[87.51249907033431,48.32000065406799],[87.57499895502963,48.32000066919856],[87.63749885624541,48.3200006602644],[87.69999867825426,48.32000070155261],[87.76249859430956,48.32000064453276],[87.8249984094413,48.320000713743106],[87.88749829839328,48.32000068444907],[87.9499982367082,48.32000070837348],[87.94999818539856,48.8199996696759],[87.88749834930647,48.81999966708646],[87.82499842956773,48.81999971302665],[87.76249860616004,48.819999657196256],[87.6999986929128,48.81999964945305],[87.63749885462245,48.819999692898165],[87.57499891913851,48.81999970714148],[87.5124990486866,48.81999969538183],[87.44999923287541,48.81999965735617],[87.4499991991513,48.32000069077387]]]}"
000000000000000001c3,3681,0,,,,,0.0,"{""type"":""Polygon"",""coordinates"":[[[119.45000216161026,48.32000068612365],[119.5125020242589,48.32000071063014],[119.57500193776792,48.320000652547265],[119.63750179704955,48.32000070432684],[119.70000163282613,48.320000687489866],[119.76250148010065,48.32000067182047],[119.82500148027229,48.32000069682316],[119.8875013462311,48.32000067396299],[119.95000111370692,48.32000067301791],[119.95000111927405,48.81999967254099],[119.88750130125004,48.81999966720193],[119.82500148982729,48.819999688299774],[119.76250154006044,48.819999696239776],[119.70000166781746,48.819999717194605],[119.63750183576983,48.819999681200045],[119.5750019383288,48.81999970541684],[119.51250204576802,48.81999968936407],[119.45000215960762,48.81999971989856],[119.45000216161026,48.32000068612365]]]}"
000000000000000001c4,3682,0,,,,,0.0,"{""type"":""Polygon"",""coordinates"":[[[119.95000111370692,48.32000067301791],[120.01250103055537,48.32000070292281],[120.07500091504237,48.32000064519685],[120.13750077081684,48.32000066209861],[120.20000059476861,48.320000667509056],[120.26250052985162,48.320000699951194],[120.32500039379926,48.32000064134612],[120.38750026518176,48.320000716024694],[120.45000009965135,48.32000068238999],[120.45000018101992,48.81999966493732],[120.38750025083695,48.81999967475917],[120.32500036969758,48.819999670677994],[120.26250046501866,48.819999677332014],[120.20000067841744,48.81999965734733],[120.1375008304348,48.81999966611265],[120.07500095581466,48.8199996970051],[120.01250101582474,48.81999968031516],[119.95000111927405,48.81999967254099],[119.95000111370692,48.32000067301791]]]}"
000000000000000001c5,3683,7,16088.0,8437.714285714286,7151.0,5363.0,59064.0,"{""type"":""Polygon"",""coordinates"":[[[120.45000009965135,48.32000068238999],[120.51250000867749,48.320000671420686],[120.57499995713025,48.32000068957565],[120.63749983603634,48.320000681346365],[120.69999961013328,48.32000065344795],[120.76249960391456,48.32000067400501],[120.824999423129,48.32000068795262],[120.88749931848662,48.320000701198694],[120.94999918090288,48.320000658296166],[120.94999908654155,48.81999966343032],[120.8874992745108,48.81999968066568],[120.82499945370863,48.81999967192214],[120.76249955084569,48.81999966251674],[120.69999967459009,48.81999970857701],[120.63749981578961,48.81999964731183],[120.57499994418613,48.819999660408264],[120.51250001887631,48.81999967882754],[120.45000018101992,48.81999966493732],[120.45000009965135,48.32000068238999]]]}"
000000000000000001c9,3687,1,10088.0,10088.0,10088.0,10088.0,10088.0,"{""type"":""Polygon"",""coordinates"":[[[122.4500005553069,48.32000065966847],[122.51250044271039,48.32000068017909],[122.57500042974921,48.320000664961675],[122.63750027437571,48.32000068640532],[122.70000015522623,48.32000068348094],[122.7625000406987,48.3200006617802],[122.82499987224958,48.32000072066641],[122.88749977771829,48.32000064462827],[122.94999956676448,48.3200006604418],[122.94999968385366,48.81999968750564],[122.88749974199727,48.81999965799048],[122.82499986034946,48.81999970934158],[122.7625000175193,48.81999968100395],[122.7000001100595,48.819999696121094],[122.6375001961309,48.81999965454535],[122.57500035702559,48.81999970624651],[122.5125005726625,48.81999969043585],[122.45000066103383,48.81999966883901],[122.4500005553069,48.32000065966847]]]}"
000000000000000001ca,3688,1,7720.0,7720.0,7720.0,7720.0,7720.0,"{""type"":""Polygon"",""coordinates"":[[[122.94999956676448,48.3200006604418],[123.01249952356504,48.320000672262175],[123.07499932876999,48.320000693325355],[123.13749923984251,48.32000072118607],[123.19999914734443,48.320000701361664],[123.26249902029403,48.32000063930926],[123.32499888076524,48.320000694003575],[123.38749875034978,48.32000068309133],[123.44999867741639,48.320000671420814],[123.44999858569464,48.81999969228461],[123.38749870296944,48.81999968578301],[123.3249988813685,48.819999638657954],[123.26249901786477,48.819999675164496],[123.19999916836368,48.819999695293674],[123.13749917688412,48.81999966789254],[123.07499933862353,48.819999673929324],[123.01249949762008,48.81999968223233],[122.94999968385366,48.81999968750564],[122.94999956676448,48.3200006604418]]]}"
000000000000000001cb,3689,0,,,,,0.0,"{""type"":""Polygon"",""coordinates"":[[[123.44999867741639,48.320000671420814],[123.51249910456151,48.32000067967747],[123.5749995288659,48.32000069696379],[123.63749984067205,48.32000066923805],[123.70000037821237,48.320000651149556],[123.76250082254074,48.32000065775952],[123.82500124843125,48.32000065962219],[123.88750162598204,48.32000066194548],[123.95000211004246,48.32000069402275],[123.95000210938058,48.8199996487519],[123.8875016720497,48.81999963977781],[123.82500124930316,48.819999654599165],[123.76250086987264,48.81999968830668],[123.700000376021,48.81999971124546],[123.6374999029726,48.81999968320409],[123.57499945424583,48.819999694040845],[123.51249908477568,48.81999964393649],[123.44999858569464,48.81999969228461],[123.44999867741639,48.320000671420814]]]}"
000000000000000001cc,3690,0,,,,,0.0,"{""type"":""Polygon"",""coordinates"":[[[123.95000211004246,48.32000069402275],[124.01250193214733,48.32000066506541],[124.07500180122963,48.320000676719175],[124.13750171218732,48.32000063986918],[124.20000161132857,48.32000065354111],[124.2625013889462,48.32000066401351],[124.32500130529473,48.3200006643478],[124.38750122679471,48.32000069469464],[124.45000114800091,48.32000066581501],[124.45000106599933,48.81999965068639],[124.38750114971056,48.819999662113894],[124.32500141910539,48.81999968914855],[124.26250152755911,48.8199996802971],[124.20000158502897,48.819999689817756],[124.13750172568042,48.819999677257094],[124.0750018721079,48.819999673475714],[124.01250194687786,48.81999970907027],[123.95000210938058,48.8199996487519],[123.95000211004246,48.32000069402275]]]}"
000000000000000001cd,3691,0,,,,,0.0,"{""type"":""Polygon"",""coordinates"":[[[124.45000114800091,48.32000066581501],[124.5125010162343,48.32000067675965],[124.57500090705426,48.32000069677724],[124.6375007104348,48.32000067226122],[124.70000066428554,48.32000068899896],[124.7625004730532,48.32000067084161],[124.82500037517734,48.32000070325893],[124.88750017911063,48.320000674461646],[124.9500001237294,48.32000066938012],[124.95000001536265,48.81999967449153],[124.88750021534518,48.819999714455165],[124.82500031921721,48.8199996527693],[124.76250049666093,48.819999697485834],[124.70000052797845,48.81999966758962],[124.63750071129354,48.81999963992253],[124.57500086298444,48.81999968238965],[124.51250103437616,48.81999969523951],[124.45000106599933,48.81999965068639],[124.45000114800091,48.32000066581501]]]}"
000000000000000001ce,3692,0,,,,,0.0,"{""type"":""Polygon"",""coordinates"":[[[124.9500001237294,48.32000066938012],[125.01249999483103,48.32000067057881],[125.07499986820095,48.320000646539896],[125.13749969346388,48.3200006961672],[125.19999956870218,48.320000693368094],[125.26249946562311,48.320000642590635],[125.32499933439692,48.320000642654875],[125.38749925125903,48.320000661434925],[125.4499991058609,48.320000645678114],[125.44999905749467,48.819999691215045],[125.38749924401482,48.81999968798871],[125.32499938719278,48.81999969902962],[125.26249943074568,48.81999966161461],[125.1999995682888,48.819999688012324],[125.13749966055369,48.819999657158775],[125.07499990087588,48.81999968162417],[125.01249993967673,48.81999971337436],[124.95000001536265,48.81999967449153],[124.9500001237294,48.32000066938012]]]}"
000000000000000001cf,3693,3,7184.0,6172.0,5964.0,5368.0,18516.0,"{""type"":""Polygon"",""coordinates"":[[[125.4499991058609,48.320000645678114],[125.5124989529109,48.3200006575141],[125.57499886867444,48.320000664469624],[125.63749872168555,48.32000070775177],[125.69999860908078,48.32000066038215],[125.7624984616572,48.32000071548366],[125.82499829344658,48.320000688531145],[125.88749824334246,48.320000698229876],[125.94999801376264,48.320000671638475],[125.94999806655089,48.81999966359956],[125.88749823867927,48.819999687238706],[125.82499836411102,48.819999684259535],[125.76249846943605,48.8199996504889],[125.69999856021103,48.81999967711888],[125.63749868398934,48.819999664671776],[125.57499884618875,48.819999704371334],[125.512498905933,48.819999675923256],[125.44999905749467,48.819999691215045],[125.4499991058609,48.320000645678114]]]}"
000000000000000001d0,3694,3,8343.0,6552.666666666667,5953.0,5362.0,19658.0,"{""type"":""Polygon"",""coordinates"":[[[125.94999801376264,48.320000671638475],[126.01249851301014,48.32000071165796],[126.07499898571596,48.32000064830571],[126.13749936464225,48.32000067481785],[126.19999974632528,48.32000066336525],[126.26250018756987,48.320000674872084],[126.32500076507313,48.32000067550239],[126.3875011610514,48.32000068800312],[126.45000155545148,48.320000640928306],[126.45000158273507,48.81999970261229],[126.38750115671388,48.81999969785069],[126.32500076926418,48.819999679134206],[126.26250023681692,48.819999718861816],[126.1999998147705,48.819999641386055],[126.13749938454382,48.819999671818245],[126.07499890742697,48.819999653247706],[126.01249857885287,48.81999969683215],[125.94999806655089,48.81999966359956],[125.94999801376264,48.320000671638475]]]}"
000000000000000001d9,3703,0,,,,,0.0,"{""type"":""Polygon"",""coordinates"":[[[86.95000019426567,48.81999964041755],[87.01250009593257,48.81999967526455],[87.07499999256561,48.819999681248596],[87.13749982163924,48.81999965699686],[87.19999968434328,48.81999968202438],[87.26249960901889,48.819999680315675],[87.32499944224978,48.819999648375294],[87.38749936655176,48.81999966741306],[87.44999923287541,48.81999965735617],[87.44999923254136,49.31999867414546],[87.38749934915705,49.319998662007535],[87.32499941675523,49.319998693109],[87.26249958774258,49.319998693377144],[87.1999997435092,49.31999865996735],[87.13749984334272,49.319998669167525],[87.07499994806643,49.31999864480995],[87.01250010159806,49.31999866535316],[86.950000186266,49.319998650151625],[86.95000019426567,48.81999964041755]]]}"
000000000000000001da,3704,0,,,,,0.0,"{""type"":""Polygon"",""coordinates"":[[[87.44999923287541,48.81999965735617],[87.5124990486866,48.81999969538183],[87.57499891913851,48.81999970714148],[87.63749885462245,48.819999692898165],[87.6999986929128,48.81999964945305],[87.76249860616004,48.819999657196256],[87.82499842956773,48.81999971302665],[87.88749834930647,48.81999966708646],[87.94999818539856,48.8199996696759],[87.94999817388452,49.319998677805735],[87.88749828966192,49.319998693322994],[87.82499845587655,49.31999867769372],[87.76249856332285,49.319998706219124],[87.69999868627234,49.319998702722195],[87.63749880492645,49.319998666703285],[87.57499897822629,49.319998676714505],[87.51249910231101,49.319998653041175],[87.44999923254136,49.31999867414546],[87.44999923287541,48.81999965735617]]]}"
000000000000000001db,3713,0,,,,,0.0,"{""type"":""Polygon"",""coordinates"":[[[119.95000111927405,48.81999967254099],[120.01250101582474,48.81999968031516],[120.07500095581466,48.8199996970051],[120.1375008304348,48.81999966611265],[120.20000067841744,48.81999965734733],[120.26250046501866,48.819999677332014],[120.32500036969758,48.819999670677994],[120.38750025083695,48.81999967475917],[120.45000018101992,48.81999966493732],[120.45000022439199,49.31999867845901],[120.38750029536769,49.31999868667725],[120.32500043425668,49.31999870902319],[120.26250059935677,49.31999867591148],[120.20000068234496,49.319998707062126],[120.13750075035509,49.3199987013004],[120.07500091185862,49.3199987159296],[120.01250101759273,49.31999871207246],[119.95000110165083,49.31999868324631],[119.95000111927405,48.81999967254099]]]}"
000000000000000001e1,3719,1,5295.0,5295.0,5295.0,5295.0,5295.0,"{""type"":""Polygon"",""coordinates"":[[[122.94999968385366,48.81999968750564],[123.01249949762008,48.81999968223233],[123.07499933862353,48.819999673929324],[123.13749917688412,48.81999966789254],[123.19999916836368,48.819999695293674],[123.26249901786477,48.819999675164496],[123.3249988813685,48.819999638657954],[123.38749870296944,48.81999968578301],[123.44999858569464,48.81999969228461],[123.44999864330606,49.31999868942724],[123.38749881890335,49.31999869246466],[123.32499884890376,49.319998679404314],[123.26249895028748,49.31999867083449],[123.19999915165222,49.319998661865576],[123.13749926649491,49.31999871708458],[123.0749993780521,49.31999864001191],[123.01249954117887,49.31999867770325],[122.94999962416979,49.31999870298293],[122.94999968385366,48.81999968750564]]]}"
000000000000000001e2,3720,0,,,,,0.0,"{""type"":""Polygon"",""coordinates"":[[[123.44999858569464,48.81999969228461],[123.51249908477568,48.81999964393649],[123.57499945424583,48.819999694040845],[123.6374999029726,48.81999968320409],[123.700000376021,48.81999971124546],[123.76250086987264,48.81999968830668],[123.82500124930316,48.819999654599165],[123.8875016720497,48.81999963977781],[123.95000210938058,48.8199996487519],[123.95000208107616,49.31999869715505],[123.88750169454528,49.3199986819894],[123.82500123289803,49.31999867981658],[123.76250072405266,49.319998685672125],[123.70000030337697,49.31999865922837],[123.6374999729814,49.31999869156394],[123.57499949082472,49.31999869225401],[123.51249907397745,49.31999868144289],[123.44999864330606,49.31999868942724],[123.44999858569464,48.81999969228461]]]}"
000000000000000001e3,3721,0,,,,,0.0,"{""type"":""Polygon"",""coordinates"":[[[123.95000210938058,48.8199996487519],[124.01250194687786,48.81999970907027],[124.0750018721079,48.819999673475714],[124.13750172568042,48.819999677257094],[124.20000158502897,48.819999689817756],[124.26250152755911,48.8199996802971],[124.32500141910539,48.81999968914855],[124.38750114971056,48.819999662113894],[124.45000106599933,48.81999965068639],[124.45000111137766,49.31999869986821],[124.38750116890053,49.31999870201307],[124.32500133442983,49.31999870775249],[124.26250144557561,49.31999868894938],[124.20000161220054,49.31999870076359],[124.13750177932519,49.319998678706895],[124.07500186741916,49.319998653948346],[124.01250198616557,49.3199986816964],[123.95000208107616,49.31999869715505],[123.95000210938058,48.8199996487519]]]}"
000000000000000001e4,3722,0,,,,,0.0,"{""type"":""Polygon"",""coordinates"":[[[124.45000106599933,48.81999965068639],[124.51250103437616,48.81999969523951],[124.57500086298444,48.81999968238965],[124.63750071129354,48.81999963992253],[124.70000052797845,48.81999966758962],[124.76250049666093,48.819999697485834],[124.82500031921721,48.8199996527693],[124.88750021534518,48.819999714455165],[124.95000001536265,48.81999967449153],[124.95000008453913,49.3199987099427],[124.88750020231626,49.319998713675396],[124.8250003196437,49.31999872024012],[124.76250037984623,49.319998665890026],[124.70000057646475,49.319998664929464],[124.63750074592437,49.31999869025068],[124.5750008320133,49.31999867779224],[124.5125009448456,49.319998682484645],[124.45000111137766,49.31999869986821],[124.45000106599933,48.81999965068639]]]}"
000000000000000001e5,3723,0,,,,,0.0,"{""type"":""Polygon"",""coordinates"":[[[124.95000001536265,48.81999967449153],[125.01249993967673,48.81999971337436],[125.07499990087588,48.81999968162417],[125.13749966055369,48.819999657158775],[125.1999995682888,48.819999688012324],[125.26249943074568,48.81999966161461],[125.32499938719278,48.81999969902962],[125.38749924401482,48.81999968798871],[125.44999905749467,48.819999691215045],[125.44999903626172,49.31999867435532],[125.3874992787405,49.31999869931085],[125.3249993321115,49.319998665923855],[125.26249949792711,49.3199986501021],[125.19999958890249,49.31999872226825],[125.13749967631993,49.319998685811946],[125.07499984805534,49.31999869162526],[125.01249993971835,49.31999871345819],[124.95000008453913,49.3199987099427],[124.95000001536265,48.81999967449153]]]}"
000000000000000001ef,3739,1,5249.0,5249.0,5249.0,5249.0,5249.0,"{""type"":""Polygon"",""coordinates"":[[[119.95000110165083,49.31999868324631],[120.01250101759273,49.31999871207246],[120.07500091185862,49.3199987159296],[120.13750075035509,49.3199987013004],[120.20000068234496,49.319998707062126],[120.26250059935677,49.31999867591148],[120.32500043425668,49.31999870902319],[120.38750029536769,49.31999868667725],[120.45000022439199,49.31999867845901],[120.4500001267008,49.82000214610355],[120.38750027683957,49.82000211526292],[120.32500041054918,49.820002154140475],[120.26250059379308,49.82000216101668],[120.20000067356287,49.82000209730892],[120.13750072409933,49.82000211643465],[120.07500088750227,49.8200021808529],[120.01250104555336,49.82000215611047],[119.9500011968452,49.82000213153347],[119.95000110165083,49.31999868324631]]]}"
000000000000000001f8,3748,1,5241.0,5241.0,5241.0,5241.0,5241.0,"{""type"":""Polygon"",""coordinates"":[[[124.45000111137766,49.31999869986821],[124.5125009448456,49.319998682484645],[124.5750008320133,49.31999867779224],[124.63750074592437,49.31999869025068],[124.70000057646475,49.319998664929464],[124.76250037984623,49.319998665890026],[124.8250003196437,49.31999872024012],[124.88750020231626,49.319998713675396],[124.95000008453913,49.3199987099427],[124.95000007669782,49.82000210248977],[124.88750019364309,49.82000216380355],[124.82500035088209,49.8200021731109],[124.76250046619124,49.82000216325498],[124.70000056554092,49.82000212985833],[124.63750075907731,49.82000212858359],[124.57500088028468,49.820002132017905],[124.51250095526336,49.820002135644366],[124.45000101018961,49.82000213497529],[124.45000111137766,49.31999869986821]]]}"
00000000000000000200,3757,0,,,,,0.0,"{""type"":""Polygon"",""coordinates"":[[[119.45000214653524,49.82000214540801],[119.51250202700211,49.82000214950244],[119.57500194774352,49.820002165145624],[119.6375018005218,49.82000213410141],[119.70000162606335,49.82000212747336],[119.76250150080159,49.820002120733356],[119.82500139135965,49.82000212014842],[119.88750126447212,49.820002132030595],[119.9500011968452,49.82000213153347],[119.95000111209359,50.32000114930329],[119.88750135972678,50.32000114122981],[119.82500138729236,50.32000114005822],[119.76250152536002,50.32000114174608],[119.70000169466827,50.32000117163501],[119.63750185192478,50.32000115853275],[119.57500191841783,50.32000112732366],[119.51250200202453,50.320001136912644],[119.4500021351772,50.320001181156236],[119.45000214653524,49.82000214540801]]]}"
00000000000000000201,3758,0,,,,,0.0,"{""type"":""Polygon"",""coordinates"":[[[119.9500011968452,49.82000213153347],[120.01250104555336,49.82000215611047],[120.07500088750227,49.8200021808529],[120.13750072409933,49.82000211643465],[120.20000067356287,49.82000209730892],[120.26250059379308,49.82000216101668],[120.32500041054918,49.820002154140475],[120.38750027683957,49.82000211526292],[120.4500001267008,49.82000214610355],[120.4500001359141,50.32000117342488],[120.38750030508002,50.320001132434285],[120.32500041161722,50.32000111659233],[120.26250048666478,50.32000111989002],[120.20000067269383,50.320001104547956],[120.13750077861187,50.32000112833819],[120.07500094708752,50.320001153487745],[120.01250102222176,50.32000114091639],[119.95000111209359,50.32000114930329],[119.9500011968452,49.82000213153347]]]}"
00000000000000000210,3773,0,,,,,0.0,"{""type"":""Polygon"",""coordinates"":[[[119.4500021351772,50.320001181156236],[119.51250200202453,50.320001136912644],[119.57500191841783,50.32000112732366],[119.63750185192478,50.32000115853275],[119.70000169466827,50.32000117163501],[119.76250152536002,50.32000114174608],[119.82500138729236,50.32000114005822],[119.88750135972678,50.32000114122981],[119.95000111209359,50.32000114930329],[119.95000121241051,50.8200001457101],[119.88750128197479,50.82000015629478],[119.82500137913114,50.820000127486395],[119.76250149881669,50.82000015061114],[119.70000170814667,50.82000012268397],[119.63750170011892,50.8200001322247],[119.5750019206113,50.82000014454657],[119.51250209912101,50.820000150890294],[119.45000215442154,50.82000017636705],[119.4500021351772,50.320001181156236]]]}"
00000000000000000480,2112,6,22053.0,10904.833333333334,6395.5,5688.0,65429.0,"{""type"":""Polygon"",""coordinates"":[[[101.44999799327965,37.32000034660573],[101.51249841049612,37.32000035547221],[101.57499884204753,37.320000343014506],[101.63749925963809,37.32000036228673],[101.6999997227788,37.32000037694916],[101.7625001182872,37.32000036769983],[101.8250005946132,37.32000036935458],[101.88750104047836,37.320000362109774],[101.95000143238939,37.32000039770358],[101.95000143238939,37.81999934408351],[101.88750104047836,37.819999391129066],[101.8250005946132,37.81999939021296],[101.7625001182872,37.81999937010533],[101.6999997227788,37.8199993506522],[101.63749925963809,37.8199993776849],[101.57499884204753,37.81999939065368],[101.51249841049612,37.81999934607937],[101.44999799327965,37.81999935142276],[101.44999799327965,37.32000034660573]]]}"
00000000000000000481,2113,10,10710.0,6427.0,5708.0,4373.0,64270.0,"{""type"":""Polygon"",""coordinates"":[[[101.95000143238939,37.32000039770358],[102.01250131215058,37.320000331066325],[102.07500118037699,37.320000321173005],[102.13750110367965,37.32000032941923],[102.20000097521849,37.32000033496439],[102.26250086349057,37.32000037902221],[102.32500066333235,37.32000036002665],[102.38750053252556,37.32000038969449],[102.45000045517783,37.320000356631624],[102.45000045517783,37.819999343168995],[102.38750053252556,37.819999395372854],[102.32500066333235,37.819999371922535],[102.26250086349057,37.81999938373573],[102.20000097521849,37.81999932040441],[102.13750110367965,37.819999362794164],[102.07500118037697,37.819999390591555],[102.01250131215058,37.81999934483697],[101.95000143238939,37.81999934408351],[101.95000143238939,37.32000039770358]]]}"
00000000000000000482,2114,11,27125.0,9073.454545454546,6400.0,5689.0,99808.0,"{""type"":""Polygon"",""coordinates"":[[[102.45000045517783,37.320000356631624],[102.51250032874732,37.32000031925672],[102.57500022649201,37.320000317085785],[102.63750004749501,37.32000032779105],[102.69999995447873,37.320000380725745],[102.76249984827193,37.32000037273547],[102.82499971810891,37.32000035156064],[102.88749955406026,37.32000036464941],[102.94999943487058,37.3200003691926],[102.94999943487058,37.819999319689636],[102.88749955406026,37.81999937334564],[102.82499971810891,37.81999932276345],[102.76249984827193,37.81999937024819],[102.69999995447873,37.81999938934232],[102.63750004749501,37.819999332966596],[102.57500022649201,37.81999938349388],[102.51250032874732,37.819999352861906],[102.45000045517783,37.819999343168995],[102.45000045517783,37.320000356631624]]]}"
0000000000000000048c,2199,0,,,,,0.0,"{""type"":""Polygon"",""coordinates"":[[[99.95000096556808,37.81999938100611],[100.01250088437155,37.81999939250374],[100.07500069700846,37.81999933811349],[100.13750060505761,37.819999334910875],[100.20000046983237,37.81999936860579],[100.26250032462946,37.81999932980469],[100.32500020405068,37.819999349240874],[100.38750014399517,37.81999931679925],[100.45000001014012,37.8199993777458],[100.45000001014012,38.31999835380517],[100.38750014399517,38.319998322426144],[100.32500020405068,38.31999837857252],[100.26250032462947,38.319998378173565],[100.20000046983237,38.319998351266335],[100.13750060505761,38.319998327529426],[100.07500069700846,38.31999833628595],[100.01250088437155,38.31999839184822],[99.95000096556808,38.31999837846117],[99.95000096556808,37.81999938100611]]]}"
0000000000000000048d,2200,0,,,,,0.0,"{""type"":""Polygon"",""coordinates"":[[[100.45000001014012,37.8199993777458],[100.5124998406031,37.81999934142878],[100.57499976065216,37.8199993295686],[100.63749963926456,37.819999326488535],[100.69999951819264,37.81999938090166],[100.76249935439841,37.81999938888076],[100.8249992780695,37.8199993905484],[100.88749907622298,37.819999377452255],[100.94999896751168,37.819999381028566],[100.94999896751168,38.31999837837579],[100.88749907622298,38.319998376615736],[100.8249992780695,38.319998383791535],[100.76249935439841,38.319998369217814],[100.69999951819264,38.31999834134016],[100.63749963926456,38.31999834025969],[100.57499976065216,38.31999838989088],[100.5124998406031,38.319998362668834],[100.45000001014012,38.31999835380517],[100.45000001014012,37.8199993777458]]]}"
0000000000000000048e,2201,0,,,,,0.0,"{""type"":""Polygon"",""coordinates"":[[[100.94999896751168,37.819999381028566],[101.01249882717767,37.81999938436439],[101.07499870389056,37.81999935420934],[101.13749864753342,37.81999933692951],[101.19999844987971,37.81999932332786],[101.26249833570857,37.819999342713736],[101.32499827178705,37.819999368744796],[101.38749813924753,37.819999383337105],[101.44999799327965,37.81999935142276],[101.44999799327965,38.31999834691111],[101.38749813924753,38.31999837160299],[101.32499827178705,38.319998340261755],[101.26249833570857,38.31999836746052],[101.19999844987971,38.319998391936444],[101.13749864753342,38.31999836067633],[101.07499870389056,38.31999832452876],[101.01249882717765,38.31999837212995],[100.94999896751168,38.31999837837579],[100.94999896751168,37.819999381028566]]]}"
0000000000000000048f,2202,2,8503.0,8503.0,8503.0,8503.0,17006.0,"{""type"":""Polygon"",""coordinates"":[[[101.44999799327965,37.81999935142276],[101.51249841049612,37.81999934607937],[101.57499884204753,37.81999939065368],[101.63749925963809,37.8199993776849],[101.6999997227788,37.8199993506522],[101.7625001182872,37.81999937010533],[101.8250005946132,37.81999939021296],[101.88750104047836,37.819999391129066],[101.95000143238939,37.81999934408351],[101.95000143238939,38.31999839427085],[101.88750104047836,38.31999836615143],[101.8250005946132,38.31999835739419],[101.7625001182872,38.3199983968785],[101.6999997227788,38.319998345878865],[101.63749925963809,38.31999832967262],[101.57499884204753,38.31999836767198],[101.51249841049612,38.31999833776886],[101.44999799327965,38.31999834691111],[101.44999799327965,37.81999935142276]]]}"
00000000000000000490,2203,3,9933.0,8747.333333333334,9218.0,7091.0,26242.0,"{""type"":""Polygon"",""coordinates"":[[[101.95000143238939,37.81999934408351],[102.01250131215058,37.81999934483697],[102.07500118037697,37.819999390591555],[102.13750110367965,37.819999362794164],[102.20000097521849,37.81999932040441],[102.26250086349057,37.81999938373573],[102.32500066333235,37.819999371922535],[102.38750053252556,37.819999395372854],[102.45000045517783,37.819999343168995],[102.45000045517783,38.31999835465794],[102.38750053252556,38.319998362397286],[102.32500066333235,38.31999835920323],[102.26250086349057,38.319998376314274],[102.20000097521849,38.31999838387194],[102.13750110367965,38.31999832393656],[102.07500118037699,38.31999839440628],[102.01250131215058,38.31999837848906],[101.95000143238939,38.31999839427085],[101.95000143238939,37.81999934408351]]]}"
0000000000000000049a,2238,0,,,,,0.0,"{""type"":""Polygon"",""coordinates"":[[[75.45000090492319,38.319998342993784],[75.51250075290639,38.31999837881047],[75.5750005913179,38.31999837855031],[75.63750051930978,38.3199983939063],[75.70000036894523,38.31999836426321],[75.76250023802224,38.31999834075143],[75.82500013481106,38.319998363101604],[75.88749997824081,38.31999838109201],[75.94999986386725,38.319998365952614],[75.94999986386725,38.82000181770015],[75.88749997824081,38.82000181587432],[75.82500013481106,38.82000183296076],[75.76250023802224,38.820001818756076],[75.70000036894523,38.82000182284471],[75.63750051930978,38.82000180540744],[75.5750005913179,38.82000179334594],[75.51250075290639,38.82000184663944],[75.45000090492319,38.820001835279896],[75.45000090492319,38.319998342993784]]]}"
0000000000000000049b,2286,0,,,,,0.0,"{""type"":""Polygon"",""coordinates"":[[[99.45000201518567,38.31999834045193],[99.5125018654743,38.31999838445034],[99.57500174951721,38.31999839076356],[99.63750160295518,38.31999833996897],[99.70000144757573,38.31999836477599],[99.76250139162286,38.319998351416444],[99.82500120435228,38.31999837359842],[99.88750108168576,38.31999838952049],[99.95000096556808,38.31999837846117],[99.95000096556808,38.820001832787916],[99.88750108168576,38.8200018033328],[99.82500120435228,38.82000182120246],[99.76250139162286,38.820001828142814],[99.70000144757573,38.82000178702564],[99.63750160295518,38.82000178283833],[99.57500174951721,38.82000184979737],[99.5125018654743,38.82000185646608],[99.45000201518567,38.82000182230846],[99.45000201518567,38.31999834045193]]]}"
0000000000000000049c,2287,0,,,,,0.0,"{""type"":""Polygon"",""coordinates"":[[[99.95000096556808,38.31999837846117],[100.01250088437155,38.31999839184822],[100.07500069700846,38.31999833628595],[100.13750060505761,38.319998327529426],[100.20000046983237,38.319998351266335],[100.26250032462947,38.319998378173565],[100.32500020405068,38.31999837857252],[100.38750014399517,38.319998322426144],[100.45000001014012,38.31999835380517],[100.45000001014012,38.82000184394591],[100.38750014399517,38.82000182124489],[100.32500020405068,38.82000179947676],[100.26250032462947,38.820001793701366],[100.20000046983237,38.82000183406547],[100.13750060505761,38.82000179237466],[100.07500069700846,38.82000185600023],[100.01250088437155,38.82000180227041],[99.95000096556808,38.820001832787916],[99.95000096556808,38.31999837846117]]]}"
0000000000000000049d,2288,0,,,,,0.0,"{""type"":""Polygon"",""coordinates"":[[[100.45000001014012,38.31999835380517],[100.5124998406031,38.319998362668834],[100.57499976065216,38.31999838989088],[100.63749963926456,38.31999834025969],[100.69999951819264,38.31999834134016],[100.76249935439841,38.319998369217814],[100.8249992780695,38.319998383791535],[100.88749907622298,38.319998376615736],[100.94999896751168,38.31999837837579],[100.94999896751168,38.820001829519434],[100.88749907622298,38.82000182372309],[100.8249992780695,38.82000181740428],[100.76249935439841,38.82000178062791],[100.69999951819264,38.82000180072838],[100.63749963926456,38.8200018390458],[100.57499976065216,38.82000184062729],[100.5124998406031,38.820001837019696],[100.45000001014012,38.82000184394591],[100.45000001014012,38.31999835380517]]]}"
0000000000000000049e,2289,0,,,,,0.0,"{""type"":""Polygon"",""coordinates"":[[[100.94999896751168,38.31999837837579],[101.01249882717765,38.31999837212995],[101.07499870389056,38.31999832452876],[101.13749864753342,38.31999836067633],[101.19999844987971,38.319998391936444],[101.26249833570857,38.31999836746052],[101.32499827178705,38.319998340261755],[101.38749813924753,38.31999837160299],[101.44999799327965,38.31999834691111],[101.44999799327965,38.82000185558514],[101.38749813924753,38.8200018032345],[101.32499827178705,38.82000184120555],[101.26249833570857,38.8200018472269],[101.19999844987971,38.82000183943943],[101.13749864753342,38.820001844311626],[101.07499870389056,38.82000183404717],[101.01249882717767,38.8200018178285],[100.94999896751168,38.820001829519434],[100.94999896751168,38.31999837837579]]]}"
000000000000000004a8,2324,0,,,,,0.0,"{""type"":""Polygon"",""coordinates"":[[[74.95000191345375,38.82000182233358],[75.01250175703947,38.82000183162535],[75.07500166247226,38.820001853290236],[75.13750146710211,38.82000182914519],[75.20000136408335,38.820001825133254],[75.26250127860682,38.82000179405517],[75.32500113534392,38.820001844795236],[75.38750103631436,38.820001796375735],[75.45000090492319,38.820001835279896],[75.45000090492319,39.320000858308546],[75.38750103631436,39.320000843495926],[75.32500113534392,39.32000080641037],[75.26250127860682,39.32000079425232],[75.20000136408335,39.32000083102601],[75.13750146710211,39.32000080841475],[75.07500166247226,39.32000085042019],[75.01250175703947,39.32000081345853],[74.95000191345375,39.32000083252806],[74.95000191345375,38.82000182233358]]]}"
000000000000000004a9,2325,0,,,,,0.0,"{""type"":""Polygon"",""coordinates"":[[[75.45000090492319,38.820001835279896],[75.51250075290639,38.82000184663944],[75.5750005913179,38.82000179334594],[75.63750051930978,38.82000180540744],[75.70000036894523,38.82000182284471],[75.76250023802224,38.820001818756076],[75.82500013481106,38.82000183296076],[75.88749997824081,38.82000181587432],[75.94999986386725,38.82000181770015],[75.94999986386725,39.320000809081684],[75.88749997824081,39.32000083526001],[75.82500013481106,39.32000085198758],[75.76250023802224,39.3200008089458],[75.70000036894523,39.32000083266394],[75.63750051930978,39.32000080563206],[75.5750005913179,39.32000083158706],[75.51250075290639,39.32000081477386],[75.45000090492319,39.320000858308546],[75.45000090492319,38.820001835279896]]]}"
00000000000000000056,2808,0,,,,,0.0,"{""type"":""Polygon"",""coordinates"":[[[86.45000120395947,41.32000127521703],[86.51250110559845,41.32000131420321],[86.57500094112646,41.3200012808797],[86.6375008484382,41.32000126456462],[86.70000073132809,41.320001270980114],[86.76250056775325,41.32000130797878],[86.82500048593846,41.32000131097266],[86.88750030434446,41.32000128303855],[86.95000022129041,41.320001313994354],[86.95000022129041,41.820000256881166],[86.88750030434446,41.820000266443955],[86.82500048593846,41.820000258913126],[86.76250056775325,41.82000029669063],[86.70000073132809,41.820000300929706],[86.6375008484382,41.82000025975033],[86.57500094112646,41.82000031682239],[86.51250110559845,41.82000031490174],[86.45000120395947,41.82000031686176],[86.45000120395947,41.32000127521703]]]}"
0000000000000000006d,2892,0,,,,,0.0,"{""type"":""Polygon"",""coordinates"":[[[80.44999978331556,41.820000297878984],[80.51249969098455,41.82000025733583],[80.57499952183895,41.82000027274147],[80.63749946401907,41.82000030920542],[80.69999928067963,41.82000029663339],[80.76249915710333,41.820000274591806],[80.82499902319111,41.82000026157044],[80.88749889210932,41.82000028268485],[80.9499987756024,41.82000028749755],[80.9499987756024,42.31999924959291],[80.88749889210932,42.31999927777493],[80.82499902319111,42.31999927302244],[80.76249915710333,42.3199992850675],[80.69999928067963,42.31999928878736],[80.63749946401907,42.31999926569716],[80.57499952183895,42.31999925069361],[80.51249969098455,42.319999313177085],[80.44999978331556,42.3199992638459],[80.44999978331556,41.820000297878984]]]}"
0000000000000000006e,2893,0,,,,,0.0,"{""type"":""Polygon"",""coordinates"":[[[80.9499987756024,41.82000028749755],[81.01249868398543,41.820000300485255],[81.07499854191833,41.82000026399015],[81.13749844118782,41.82000028381009],[81.19999830369369,41.82000030178216],[81.26249821817926,41.820000272460604],[81.32499801980906,41.82000028136501],[81.38749796221478,41.82000029513991],[81.44999779386694,41.82000031723857],[81.44999779386694,42.319999258160585],[81.38749796221478,42.31999932096184],[81.32499801980906,42.319999302301696],[81.26249821817926,42.31999927336501],[81.19999830369369,42.31999926676819],[81.13749844118782,42.31999927227778],[81.07499854191833,42.31999926003655],[81.01249868398543,42.31999928751415],[80.9499987756024,42.31999924959291],[80.9499987756024,41.82000028749755]]]}"
0000000000000000006f,2895,0,,,,,0.0,"{""type"":""Polygon"",""coordinates"":[[[81.95000126897834,41.82000030918135],[82.01250111938805,41.8200002582299],[82.07500102847284,41.82000029271893],[82.13750089632819,41.820000275529054],[82.20000078768312,41.820000306942454],[82.26250068251755,41.82000025502284],[82.32500055922861,41.820000289203215],[82.38750039462371,41.820000277071],[82.45000024657327,41.820000317664665],[82.45000024657327,42.3199993214258],[82.38750039462371,42.319999279155994],[82.32500055922861,42.31999927738925],[82.26250068251755,42.31999929248038],[82.20000078768312,42.319999306019945],[82.13750089632819,42.31999929937643],[82.07500102847284,42.31999925369229],[82.01250111938805,42.31999929342444],[81.95000126897834,42.319999255576164],[81.95000126897834,41.82000030918135]]]}"
00000000000000000070,2898,0,,,,,0.0,"{""type"":""Polygon"",""coordinates"":[[[83.44999825271839,41.82000030325926],[83.51249872848722,41.82000026547538],[83.57499912814826,41.82000029912347],[83.63749955540088,41.820000275555785],[83.70000003044876,41.820000287769346],[83.76250040937572,41.820000268545066],[83.82500087057618,41.82000031925424],[83.88750126627086,41.820000296667104],[83.95000177031838,41.820000301341054],[83.95000177031838,42.319999293761654],[83.88750126627086,42.31999929102815],[83.82500087057618,42.319999307723876],[83.76250040937572,42.31999931882904],[83.70000003044876,42.319999316456965],[83.63749955540088,42.31999927477863],[83.57499912814826,42.31999926031966],[83.51249872848722,42.31999925561196],[83.44999825271839,42.31999931303701],[83.44999825271839,41.82000030325926]]]}"
00000000000000000071,2899,0,,,,,0.0,"{""type"":""Polygon"",""coordinates"":[[[83.95000177031838,41.820000301341054],[84.01250158552763,41.82000030712072],[84.07500144742019,41.82000029289255],[84.13750136168873,41.82000027410225],[84.20000125144091,41.820000261853316],[84.26250111831979,41.8200002711776],[84.32500096180536,41.82000031683526],[84.38750085938985,41.82000026600781],[84.4500007258442,41.8200002801246],[84.4500007258442,42.31999929706515],[84.38750085938985,42.31999926622569],[84.32500096180536,42.319999293243065],[84.26250111831979,42.319999292996705],[84.20000125144091,42.319999321975935],[84.13750136168873,42.31999929052473],[84.07500144742019,42.319999258506655],[84.01250158552763,42.31999928969965],[83.95000177031838,42.319999293761654],[83.95000177031838,41.820000301341054]]]}"
00000000000000000072,2900,0,,,,,0.0,"{""type"":""Polygon"",""coordinates"":[[[84.4500007258442,41.8200002801246],[84.51250063411652,41.82000030135995],[84.57500049475566,41.8200002638834],[84.63750037612765,41.82000026050944],[84.70000026427915,41.82000030432815],[84.76250014302775,41.82000025690996],[84.82499999395307,41.82000028215578],[84.88749987588045,41.82000032035841],[84.94999976562265,41.82000030790126],[84.94999976562265,42.31999931782669],[84.88749987588045,42.319999285252784],[84.82499999395307,42.31999927204053],[84.76250014302775,42.319999266145274],[84.70000026427915,42.3199992516252],[84.63750037612765,42.31999929078989],[84.57500049475566,42.31999929585089],[84.51250063411652,42.3199992537289],[84.4500007258442,42.31999929706515],[84.4500007258442,41.8200002801246]]]}"
00000000000000000073,2904,0,,,,,0.0,"{""type"":""Polygon"",""coordinates"":[[[86.45000120395947,41.82000031686176],[86.51250110559845,41.82000031490174],[86.57500094112646,41.82000031682239],[86.6375008484382,41.82000025975033],[86.70000073132809,41.820000300929706],[86.76250056775325,41.82000029669063],[86.82500048593846,41.820000258913126],[86.88750030434446,41.820000266443955],[86.95000022129041,41.820000256881166],[86.95000022129041,42.31999928410275],[86.88750030434446,42.31999928859626],[86.82500048593846,42.31999927403678],[86.76250056775325,42.319999302108414],[86.70000073132809,42.31999929467471],[86.6375008484382,42.319999314903185],[86.57500094112646,42.319999279878935],[86.51250110559845,42.319999258941614],[86.45000120395947,42.31999931423946],[86.45000120395947,41.82000031686176]]]}"
00000000000000000089,2983,0,,,,,0.0,"{""type"":""Polygon"",""coordinates"":[[[79.95000076964043,42.31999928993892],[80.01250067803632,42.31999930786951],[80.0750005680048,42.31999931219707],[80.13750046864483,42.31999925720714],[80.20000032259412,42.3199993128119],[80.26250015645891,42.31999928386609],[80.3250000804951,42.31999927983433],[80.38749994853949,42.31999931371333],[80.44999978331556,42.3199992638459],[80.44999978331556,42.81999826582827],[80.38749994853949,42.81999826143429],[80.3250000804951,42.81999830045855],[80.26250015645891,42.81999828185911],[80.20000032259412,42.819998266420974],[80.13750046864483,42.81999829282851],[80.07500056800481,42.819998259180764],[80.01250067803632,42.81999829187773],[79.95000076964041,42.81999828847428],[79.95000076964043,42.31999928993892]]]}"
0000000000000000008a,2984,0,,,,,0.0,"{""type"":""Polygon"",""coordinates"":[[[80.44999978331556,42.3199992638459],[80.51249969098455,42.319999313177085],[80.57499952183895,42.31999925069361],[80.63749946401907,42.31999926569716],[80.69999928067963,42.31999928878736],[80.76249915710333,42.3199992850675],[80.82499902319111,42.31999927302244],[80.88749889210932,42.31999927777493],[80.9499987756024,42.31999924959291],[80.9499987756024,42.81999831969314],[80.88749889210932,42.819998306549714],[80.82499902319111,42.81999831539121],[80.76249915710333,42.819998321404995],[80.69999928067963,42.81999829946919],[80.63749946401907,42.81999830490372],[80.57499952183895,42.81999829806439],[80.51249969098455,42.81999827389616],[80.44999978331556,42.81999826582827],[80.44999978331556,42.3199992638459]]]}"
0000000000000000008b,2985,0,,,,,0.0,"{""type"":""Polygon"",""coordinates"":[[[80.9499987756024,42.31999924959291],[81.01249868398543,42.31999928751415],[81.07499854191833,42.31999926003655],[81.13749844118782,42.31999927227778],[81.19999830369369,42.31999926676819],[81.26249821817926,42.31999927336501],[81.32499801980906,42.319999302301696],[81.38749796221478,42.31999932096184],[81.44999779386694,42.319999258160585],[81.44999779386694,42.819998286563816],[81.38749796221478,42.81999830582556],[81.32499801980906,42.819998300744736],[81.26249821817926,42.81999826792657],[81.19999830369369,42.819998313115725],[81.13749844118782,42.819998278358085],[81.07499854191833,42.81999828151381],[81.01249868398543,42.81999830548558],[80.9499987756024,42.81999831969314],[80.9499987756024,42.31999924959291]]]}"
0000000000000000008c,2986,0,,,,,0.0,"{""type"":""Polygon"",""coordinates"":[[[81.44999779386694,42.319999258160585],[81.51249826745813,42.31999926691136],[81.57499870928484,42.31999931862465],[81.63749911516959,42.31999928577035],[81.69999956295672,42.31999927047887],[81.76249996177391,42.31999928776602],[81.82500038628508,42.31999928986699],[81.88750082602218,42.31999929727819],[81.95000126897834,42.319999255576164],[81.95000126897834,42.819998323990355],[81.88750082602218,42.81999830608659],[81.82500038628508,42.8199982977036],[81.76249996177391,42.819998278597495],[81.69999956295672,42.81999830220226],[81.63749911516959,42.81999826770038],[81.57499870928484,42.819998307935776],[81.51249826745813,42.81999832146044],[81.44999779386694,42.819998286563816],[81.44999779386694,42.319999258160585]]]}"
0000000000000000008d,2987,0,,,,,0.0,"{""type"":""Polygon"",""coordinates"":[[[81.95000126897834,42.319999255576164],[82.01250111938805,42.31999929342444],[82.07500102847284,42.31999925369229],[82.13750089632819,42.31999929937643],[82.20000078768312,42.319999306019945],[82.26250068251755,42.31999929248038],[82.32500055922861,42.31999927738925],[82.38750039462371,42.319999279155994],[82.45000024657327,42.3199993214258],[82.45000024657327,42.81999831498907],[82.38750039462371,42.819998259531324],[82.32500055922861,42.819998303989],[82.26250068251755,42.819998276706265],[82.20000078768312,42.819998307268584],[82.13750089632819,42.81999830304785],[82.07500102847284,42.819998319160845],[82.01250111938805,42.81999825671867],[81.95000126897834,42.819998323990355],[81.95000126897834,42.319999255576164]]]}"
0000000000000000008e,2988,0,,,,,0.0,"{""type"":""Polygon"",""coordinates"":[[[82.45000024657327,42.3199993214258],[82.5125001710453,42.31999927796109],[82.57500005707574,42.319999310312355],[82.63749987481538,42.31999928639667],[82.69999975750643,42.319999308640135],[82.76249967158473,42.31999931897258],[82.8249994996368,42.319999253953576],[82.88749936929409,42.31999928975234],[82.94999924181224,42.31999929278502],[82.94999924181224,42.81999827617982],[82.88749936929409,42.81999829260409],[82.8249994996368,42.81999826382428],[82.76249967158473,42.81999832200055],[82.69999975750643,42.81999829237953],[82.63749987481538,42.81999831173229],[82.57500005707574,42.819998289346486],[82.5125001710453,42.81999827155665],[82.45000024657327,42.81999831498907],[82.45000024657327,42.3199993214258]]]}"
0000000000000000008f,2989,0,,,,,0.0,"{""type"":""Polygon"",""coordinates"":[[[82.94999924181224,42.31999929278502],[83.01249915875628,42.31999928380995],[83.07499899591453,42.319999273307616],[83.13749887316365,42.31999928649317],[83.19999874458716,42.3199992635087],[83.26249864423454,42.31999929873387],[83.32499852255454,42.31999925701495],[83.38749840978839,42.31999930699137],[83.44999825271839,42.31999931303701],[83.44999825271839,42.8199982951968],[83.38749840978839,42.81999825628138],[83.32499852255454,42.81999831065022],[83.26249864423454,42.819998296084535],[83.19999874458716,42.81999826767735],[83.13749887316365,42.81999828505597],[83.07499899591453,42.81999825455201],[83.01249915875628,42.819998309385035],[82.94999924181224,42.81999827617982],[82.94999924181224,42.31999929278502]]]}"
00000000000000000090,2990,0,,,,,0.0,"{""type"":""Polygon"",""coordinates"":[[[83.44999825271839,42.31999931303701],[83.51249872848722,42.31999925561196],[83.57499912814826,42.31999926031966],[83.63749955540088,42.31999927477863],[83.70000003044876,42.319999316456965],[83.76250040937572,42.31999931882904],[83.82500087057618,42.319999307723876],[83.88750126627086,42.31999929102815],[83.95000177031838,42.319999293761654],[83.95000177031838,42.819998299983666],[83.88750126627086,42.81999827518329],[83.82500087057618,42.81999825956232],[83.76250040937572,42.81999830222949],[83.70000003044876,42.819998321155936],[83.63749955540088,42.81999829049769],[83.57499912814826,42.81999827607702],[83.51249872848722,42.81999826042405],[83.44999825271839,42.8199982951968],[83.44999825271839,42.31999931303701]]]}"
00000000000000000091,2991,0,,,,,0.0,"{""type"":""Polygon"",""coordinates"":[[[83.95000177031838,42.319999293761654],[84.01250158552763,42.31999928969965],[84.07500144742019,42.319999258506655],[84.13750136168873,42.31999929052473],[84.20000125144091,42.319999321975935],[84.26250111831979,42.319999292996705],[84.32500096180536,42.319999293243065],[84.38750085938985,42.31999926622569],[84.4500007258442,42.31999929706515],[84.4500007258442,42.81999827862706],[84.38750085938985,42.8199983020834],[84.32500096180536,42.819998299665194],[84.26250111831979,42.81999826117387],[84.20000125144091,42.819998316557474],[84.13750136168873,42.8199983026841],[84.07500144742019,42.81999827870119],[84.01250158552763,42.81999830767692],[83.95000177031838,42.819998299983666],[83.95000177031838,42.319999293761654]]]}"
00000000000000000092,2992,0,,,,,0.0,"{""type"":""Polygon"",""coordinates"":[[[84.4500007258442,42.31999929706515],[84.51250063411652,42.3199992537289],[84.57500049475566,42.31999929585089],[84.63750037612765,42.31999929078989],[84.70000026427915,42.3199992516252],[84.76250014302775,42.319999266145274],[84.82499999395307,42.31999927204053],[84.88749987588045,42.319999285252784],[84.94999976562265,42.31999931782669],[84.94999976562265,42.81999830276781],[84.88749987588045,42.81999831718424],[84.82499999395307,42.81999826864163],[84.76250014302775,42.81999829355971],[84.70000026427915,42.8199983017579],[84.63750037612765,42.819998280615046],[84.57500049475566,42.8199982914945],[84.51250063411652,42.81999832130262],[84.4500007258442,42.81999827862706],[84.4500007258442,42.31999929706515]]]}"
00000000000000000093,2993,0,,,,,0.0,"{""type"":""Polygon"",""coordinates"":[[[84.94999976562265,42.31999931782669],[85.01249963772563,42.3199993066395],[85.07499946445976,42.31999926331188],[85.13749937408838,42.31999928093944],[85.19999925471886,42.31999929221032],[85.2624991504307,42.31999931129134],[85.32499902376115,42.31999927379218],[85.38749883492443,42.319999265104926],[85.44999869917947,42.31999930171827],[85.44999869917947,42.81999831161881],[85.38749883492443,42.81999830666365],[85.32499902376115,42.819998265387206],[85.2624991504307,42.81999831982681],[85.19999925471886,42.819998311039264],[85.13749937408838,42.81999830270003],[85.07499946445976,42.819998280638714],[85.01249963772563,42.81999831145741],[84.94999976562265,42.81999830276781],[84.94999976562265,42.31999931782669]]]}"
00000000000000000094,2996,0,,,,,0.0,"{""type"":""Polygon"",""coordinates"":[[[86.45000120395947,42.31999931423946],[86.51250110559845,42.319999258941614],[86.57500094112646,42.319999279878935],[86.6375008484382,42.319999314903185],[86.70000073132809,42.31999929467471],[86.76250056775325,42.319999302108414],[86.82500048593846,42.31999927403678],[86.88750030434446,42.31999928859626],[86.95000022129041,42.31999928410275],[86.95000022129041,42.81999825681916],[86.88750030434446,42.81999828038118],[86.82500048593846,42.819998280436444],[86.76250056775325,42.819998317942705],[86.70000073132809,42.8199983154876],[86.6375008484382,42.81999826117477],[86.57500094112646,42.81999829582763],[86.51250110559845,42.81999826505098],[86.45000120395947,42.81999830460919],[86.45000120395947,42.31999931423946]]]}"
00000000000000000095,2998,0,,,,,0.0,"{""type"":""Polygon"",""coordinates"":[[[87.44999920856229,42.31999928390346],[87.51249906693837,42.31999926404753],[87.57499891463245,42.3199992930912],[87.63749883552617,42.31999930388858],[87.6999986839968,42.3199992994569],[87.76249861206547,42.31999928876144],[87.82499846744425,42.31999927452514],[87.88749831975558,42.31999926371903],[87.94999823463273,42.31999926293358],[87.94999823463273,42.81999831931855],[87.88749831975558,42.81999825583831],[87.82499846744425,42.819998273048114],[87.76249861206547,42.81999828996394],[87.6999986839968,42.81999829961203],[87.63749883552617,42.819998299273216],[87.57499891463245,42.819998279977014],[87.51249906693837,42.81999831308703],[87.44999920856229,42.81999831627183],[87.44999920856229,42.31999928390346]]]}"
000000000000000000a7,3066,0,,,,,0.0,"{""type"":""Polygon"",""coordinates"":[[[80.44999978331556,42.81999826582827],[80.51249969098455,42.81999827389616],[80.57499952183895,42.81999829806439],[80.63749946401907,42.81999830490372],[80.69999928067963,42.81999829946919],[80.76249915710333,42.819998321404995],[80.82499902319111,42.81999831539121],[80.88749889210932,42.819998306549714],[80.9499987756024,42.81999831969314],[80.9499987756024,43.320001746324294],[80.88749889210932,43.32000174766407],[80.82499902319111,43.32000174902694],[80.76249915710333,43.32000172560949],[80.69999928067963,43.320001725377956],[80.63749946401907,43.32000172985119],[80.57499952183895,43.3200017724402],[80.51249969098455,43.32000177504481],[80.44999978331556,43.32000177036399],[80.44999978331556,42.81999826582827]]]}"
000000000000000000a8,3067,0,,,,,0.0,"{""type"":""Polygon"",""coordinates"":[[[80.9499987756024,42.81999831969314],[81.01249868398543,42.81999830548558],[81.07499854191833,42.81999828151381],[81.13749844118782,42.819998278358085],[81.19999830369369,42.819998313115725],[81.26249821817926,42.81999826792657],[81.32499801980906,42.819998300744736],[81.38749796221478,42.81999830582556],[81.44999779386694,42.819998286563816],[81.44999779386694,43.320001719736176],[81.38749796221478,43.3200017729858],[81.32499801980906,43.32000170888713],[81.26249821817926,43.3200017435518],[81.19999830369369,43.32000176178811],[81.13749844118782,43.32000175340757],[81.07499854191833,43.32000176167339],[81.01249868398543,43.32000176950523],[80.9499987756024,43.320001746324294],[80.9499987756024,42.81999831969314]]]}"
000000000000000000a9,3068,0,,,,,0.0,"{""type"":""Polygon"",""coordinates"":[[[81.44999779386694,42.819998286563816],[81.51249826745813,42.81999832146044],[81.57499870928484,42.819998307935776],[81.63749911516959,42.81999826770038],[81.69999956295672,42.81999830220226],[81.76249996177391,42.819998278597495],[81.82500038628508,42.8199982977036],[81.88750082602218,42.81999830608659],[81.95000126897834,42.819998323990355],[81.95000126897834,43.3200017442267],[81.88750082602218,43.32000176620658],[81.82500038628508,43.32000177927973],[81.76249996177391,43.32000176321132],[81.69999956295672,43.320001770719806],[81.63749911516959,43.3200017749103],[81.57499870928484,43.32000176079465],[81.51249826745813,43.320001774035795],[81.44999779386694,43.320001719736176],[81.44999779386694,42.819998286563816]]]}"
000000000000000000aa,3069,0,,,,,0.0,"{""type"":""Polygon"",""coordinates"":[[[81.95000126897834,42.819998323990355],[82.01250111938805,42.81999825671867],[82.07500102847284,42.819998319160845],[82.13750089632819,42.81999830304785],[82.20000078768312,42.819998307268584],[82.26250068251755,42.819998276706265],[82.32500055922861,42.819998303989],[82.38750039462371,42.819998259531324],[82.45000024657327,42.81999831498907],[82.45000024657327,43.320001730321366],[82.38750039462371,43.32000178186605],[82.32500055922861,43.32000176903132],[82.26250068251755,43.320001741456984],[82.20000078768312,43.320001754005965],[82.13750089632819,43.32000171478476],[82.07500102847284,43.32000175144038],[82.01250111938805,43.32000176579042],[81.95000126897834,43.3200017442267],[81.95000126897834,42.819998323990355]]]}"
000000000000000000ab,3070,0,,,,,0.0,"{""type"":""Polygon"",""coordinates"":[[[82.45000024657327,42.81999831498907],[82.5125001710453,42.81999827155665],[82.57500005707574,42.819998289346486],[82.63749987481538,42.81999831173229],[82.69999975750643,42.81999829237953],[82.76249967158473,42.81999832200055],[82.8249994996368,42.81999826382428],[82.88749936929409,42.81999829260409],[82.94999924181224,42.81999827617982],[82.94999924181224,43.32000172496329],[82.88749936929409,43.320001755245755],[82.8249994996368,43.32000172546565],[82.76249967158473,43.32000176633997],[82.69999975750643,43.320001777878176],[82.63749987481538,43.32000174878083],[82.57500005707574,43.320001735691534],[82.5125001710453,43.32000178419582],[82.45000024657327,43.320001730321366],[82.45000024657327,42.81999831498907]]]}"
000000000000000000ac,3071,0,,,,,0.0,"{""type"":""Polygon"",""coordinates"":[[[82.94999924181224,42.81999827617982],[83.01249915875628,42.819998309385035],[83.07499899591453,42.81999825455201],[83.13749887316365,42.81999828505597],[83.19999874458716,42.81999826767735],[83.26249864423454,42.819998296084535],[83.32499852255454,42.81999831065022],[83.38749840978839,42.81999825628138],[83.44999825271839,42.8199982951968],[83.44999825271839,43.32000176160894],[83.38749840978839,43.320001780021045],[83.32499852255454,43.320001730070196],[83.26249864423454,43.32000174451369],[83.19999874458716,43.32000173095868],[83.13749887316365,43.32000174831497],[83.07499899591453,43.32000177699557],[83.01249915875628,43.320001728722325],[82.94999924181224,43.32000172496329],[82.94999924181224,42.81999827617982]]]}"
000000000000000000ad,3072,0,,,,,0.0,"{""type"":""Polygon"",""coordinates"":[[[83.44999825271839,42.8199982951968],[83.51249872848722,42.81999826042405],[83.57499912814826,42.81999827607702],[83.63749955540088,42.81999829049769],[83.70000003044876,42.819998321155936],[83.76250040937572,42.81999830222949],[83.82500087057618,42.81999825956232],[83.88750126627086,42.81999827518329],[83.95000177031838,42.819998299983666],[83.95000177031838,43.32000178478944],[83.88750126627086,43.3200017758724],[83.82500087057618,43.32000176341019],[83.76250040937572,43.32000172236281],[83.70000003044876,43.32000171827936],[83.63749955540088,43.32000172529267],[83.57499912814826,43.32000173509681],[83.51249872848722,43.3200017302258],[83.44999825271839,43.32000176160894],[83.44999825271839,42.8199982951968]]]}"
000000000000000000ae,3073,0,,,,,0.0,"{""type"":""Polygon"",""coordinates"":[[[83.95000177031838,42.819998299983666],[84.01250158552763,42.81999830767692],[84.07500144742019,42.81999827870119],[84.13750136168873,42.8199983026841],[84.20000125144091,42.819998316557474],[84.26250111831979,42.81999826117387],[84.32500096180536,42.819998299665194],[84.38750085938985,42.8199983020834],[84.4500007258442,42.81999827862706],[84.4500007258442,43.320001710425444],[84.38750085938985,43.32000177248794],[84.32500096180536,43.32000172391106],[84.26250111831979,43.32000177489339],[84.20000125144091,43.32000176008633],[84.13750136168873,43.320001738190946],[84.07500144742019,43.3200017676157],[84.01250158552763,43.32000176382071],[83.95000177031838,43.32000178478944],[83.95000177031838,42.819998299983666]]]}"
000000000000000000af,3074,0,,,,,0.0,"{""type"":""Polygon"",""coordinates"":[[[84.4500007258442,42.81999827862706],[84.51250063411652,42.81999832130262],[84.57500049475566,42.8199982914945],[84.63750037612765,42.819998280615046],[84.70000026427915,42.8199983017579],[84.76250014302775,42.81999829355971],[84.82499999395307,42.81999826864163],[84.88749987588045,42.81999831718424],[84.94999976562265,42.81999830276781],[84.94999976562265,43.32000175937384],[84.88749987588045,43.32000175296599],[84.82499999395307,43.320001747244916],[84.76250014302775,43.32000173017174],[84.70000026427915,43.320001759292374],[84.63750037612765,43.32000174848927],[84.57500049475566,43.320001758402185],[84.51250063411652,43.3200017759423],[84.4500007258442,43.320001710425444],[84.4500007258442,42.81999827862706]]]}"
000000000000000000b0,3078,0,,,,,0.0,"{""type"":""Polygon"",""coordinates"":[[[86.45000120395947,42.81999830460919],[86.51250110559845,42.81999826505098],[86.57500094112646,42.81999829582763],[86.6375008484382,42.81999826117477],[86.70000073132809,42.8199983154876],[86.76250056775325,42.819998317942705],[86.82500048593846,42.819998280436444],[86.88750030434446,42.81999828038118],[86.95000022129041,42.81999825681916],[86.95000022129041,43.3200017845235],[86.88750030434446,43.32000177080575],[86.82500048593846,43.320001726589474],[86.76250056775325,43.320001712098055],[86.70000073132809,43.32000172427048],[86.6375008484382,43.32000175119928],[86.57500094112646,43.320001711419295],[86.51250110559845,43.320001746436446],[86.45000120395947,43.320001769730226],[86.45000120395947,42.81999830460919]]]}"
000000000000000000b1,3079,16,10475.0,6017.4375,5242.0,5237.0,96279.0,"{""type"":""Polygon"",""coordinates"":[[[86.95000022129041,42.81999825681916],[87.01250004939322,42.81999828686951],[87.07499998011444,42.819998308842706],[87.13749982018051,42.81999825087148],[87.19999967813516,42.8199982717963],[87.26249958278919,42.81999830507892],[87.32499948370868,42.819998282103924],[87.38749932741185,42.81999828287345],[87.44999920856229,42.81999831627183],[87.44999920856229,43.320001739963836],[87.38749932741185,43.32000172531353],[87.32499948370868,43.32000173628485],[87.26249958278919,43.32000176399238],[87.19999967813516,43.320001729167046],[87.13749982018051,43.32000177332978],[87.07499998011444,43.32000174139193],[87.01250004939322,43.320001770496674],[86.95000022129041,43.3200017845235],[86.95000022129041,42.81999825681916]]]}"
000000000000000000b2,3080,0,,,,,0.0,"{""type"":""Polygon"",""coordinates"":[[[87.44999920856229,42.81999831627183],[87.51249906693837,42.81999831308703],[87.57499891463245,42.819998279977014],[87.63749883552617,42.819998299273216],[87.6999986839968,42.81999829961203],[87.76249861206547,42.81999828996394],[87.82499846744425,42.819998273048114],[87.88749831975558,42.81999825583831],[87.94999823463273,42.81999831931855],[87.94999823463273,43.320001730050635],[87.88749831975558,43.3200017370396],[87.82499846744425,43.32000174404441],[87.76249861206547,43.320001744472094],[87.6999986839968,43.32000173134849],[87.63749883552617,43.32000177561036],[87.57499891463245,43.32000172098068],[87.51249906693837,43.32000171175091],[87.44999920856229,43.320001739963836],[87.44999920856229,42.81999831627183]]]}"
000000000000000000b3,3092,0,,,,,0.0,"{""type"":""Polygon"",""coordinates"":[[[93.45000061548112,42.819998293892866],[93.51250044422612,42.81999826271518],[93.57500037977225,42.819998297048194],[93.63750025580825,42.81999831866979],[93.70000006298494,42.81999831883782],[93.76249994986544,42.819998283494286],[93.82499983581359,42.819998280054016],[93.88749972037452,42.81999829890572],[93.94999960593937,42.81999825587235],[93.94999960593937,43.32000173931105],[93.88749972037452,43.32000177584467],[93.82499983581359,43.32000174278238],[93.76249994986544,43.32000172356953],[93.70000006298494,43.32000172781503],[93.63750025580825,43.32000176242531],[93.57500037977225,43.320001767871304],[93.51250044422612,43.32000175289246],[93.45000061548112,43.32000172136663],[93.45000061548112,42.819998293892866]]]}"
000000000000000000c4,3137,0,,,,,0.0,"{""type"":""Polygon"",""coordinates"":[[[80.9499987756024,43.320001746324294],[81.01249868398543,43.32000176950523],[81.07499854191833,43.32000176167339],[81.13749844118782,43.32000175340757],[81.19999830369369,43.32000176178811],[81.26249821817926,43.3200017435518],[81.32499801980906,43.32000170888713],[81.38749796221478,43.3200017729858],[81.44999779386694,43.320001719736176],[81.44999779386694,43.8200007403756],[81.38749796221478,43.82000074184808],[81.32499801980906,43.82000074933649],[81.26249821817926,43.82000075948799],[81.19999830369369,43.820000730276796],[81.1374984411878,43.82000072394159],[81.07499854191833,43.820000782997724],[81.01249868398543,43.820000745596964],[80.9499987756024,43.82000072594671],[80.9499987756024,43.320001746324294]]]}"
000000000000000000c5,3138,0,,,,,0.0,"{""type"":""Polygon"",""coordinates"":[[[81.44999779386694,43.320001719736176],[81.51249826745813,43.320001774035795],[81.57499870928484,43.32000176079465],[81.63749911516959,43.3200017749103],[81.69999956295672,43.320001770719806],[81.76249996177391,43.32000176321132],[81.82500038628508,43.32000177927973],[81.88750082602218,43.32000176620658],[81.95000126897834,43.3200017442267],[81.95000126897834,43.82000075293014],[81.88750082602218,43.82000075117418],[81.82500038628508,43.82000071967846],[81.76249996177391,43.82000078317164],[81.69999956295672,43.82000077620841],[81.63749911516959,43.8200007443856],[81.57499870928484,43.82000074518852],[81.51249826745813,43.820000751087754],[81.44999779386694,43.8200007403756],[81.44999779386694,43.320001719736176]]]}"
000000000000000000c6,3139,0,,,,,0.0,"{""type"":""Polygon"",""coordinates"":[[[81.95000126897834,43.3200017442267],[82.01250111938805,43.32000176579042],[82.07500102847284,43.32000175144038],[82.13750089632819,43.32000171478476],[82.20000078768312,43.320001754005965],[82.26250068251755,43.320001741456984],[82.32500055922861,43.32000176903132],[82.38750039462371,43.32000178186605],[82.45000024657327,43.320001730321366],[82.45000024657327,43.82000077425174],[82.38750039462371,43.82000074496219],[82.32500055922861,43.82000077767238],[82.26250068251755,43.82000077619543],[82.20000078768312,43.82000072214914],[82.13750089632819,43.82000074196104],[82.07500102847284,43.82000074425056],[82.01250111938805,43.820000776608126],[81.95000126897834,43.82000075293014],[81.95000126897834,43.3200017442267]]]}"
000000000000000000c7,3140,0,,,,,0.0,"{""type"":""Polygon"",""coordinates"":[[[82.45000024657327,43.320001730321366],[82.5125001710453,43.32000178419582],[82.57500005707574,43.320001735691534],[82.63749987481538,43.32000174878083],[82.69999975750643,43.320001777878176],[82.76249967158473,43.32000176633997],[82.8249994996368,43.32000172546565],[82.88749936929409,43.320001755245755],[82.94999924181224,43.32000172496329],[82.94999924181224,43.82000073655608],[82.88749936929409,43.82000076196277],[82.8249994996368,43.82000078258579],[82.76249967158473,43.820000782497665],[82.69999975750643,43.82000073504611],[82.63749987481538,43.82000077408901],[82.57500005707574,43.82000073782034],[82.5125001710453,43.82000074366875],[82.45000024657327,43.82000077425174],[82.45000024657327,43.320001730321366]]]}"
000000000000000000c8,3141,0,,,,,0.0,"{""type"":""Polygon"",""coordinates"":[[[82.94999924181224,43.32000172496329],[83.01249915875628,43.320001728722325],[83.07499899591453,43.32000177699557],[83.13749887316365,43.32000174831497],[83.19999874458716,43.32000173095868],[83.26249864423454,43.32000174451369],[83.32499852255454,43.320001730070196],[83.38749840978839,43.320001780021045],[83.44999825271839,43.32000176160894],[83.44999825271839,43.82000076587806],[83.38749840978839,43.8200007715066],[83.32499852255454,43.820000765504936],[83.26249864423454,43.82000073388768],[83.19999874458716,43.8200007302777],[83.13749887316365,43.82000074022361],[83.07499899591453,43.82000074414838],[83.01249915875628,43.82000072713335],[82.94999924181224,43.82000073655608],[82.94999924181224,43.32000172496329]]]}"
000000000000000000c9,3142,0,,,,,0.0,"{""type"":""Polygon"",""coordinates"":[[[83.44999825271839,43.32000176160894],[83.51249872848722,43.3200017302258],[83.57499912814826,43.32000173509681],[83.63749955540088,43.32000172529267],[83.70000003044876,43.32000171827936],[83.76250040937572,43.32000172236281],[83.82500087057618,43.32000176341019],[83.88750126627086,43.3200017758724],[83.95000177031838,43.32000178478944],[83.95000177031838,43.82000075100789],[83.88750126627086,43.82000071072742],[83.82500087057618,43.82000072436327],[83.76250040937572,43.82000076686117],[83.70000003044876,43.82000075769073],[83.63749955540088,43.82000074366798],[83.57499912814826,43.820000716504424],[83.51249872848722,43.82000073139749],[83.44999825271839,43.82000076587806],[83.44999825271839,43.32000176160894]]]}"
000000000000000000ca,3143,0,,,,,0.0,"{""type"":""Polygon"",""coordinates"":[[[83.95000177031838,43.32000178478944],[84.01250158552763,43.32000176382071],[84.07500144742019,43.3200017676157],[84.13750136168873,43.320001738190946],[84.20000125144091,43.32000176008633],[84.26250111831979,43.32000177489339],[84.32500096180536,43.32000172391106],[84.38750085938985,43.32000177248794],[84.4500007258442,43.320001710425444],[84.4500007258442,43.820000755793195],[84.38750085938985,43.82000075800384],[84.32500096180536,43.8200007819589],[84.26250111831979,43.82000074474891],[84.20000125144091,43.82000077339182],[84.13750136168873,43.82000078041247],[84.07500144742019,43.82000075078629],[84.01250158552763,43.82000074613623],[83.95000177031838,43.82000075100789],[83.95000177031838,43.32000178478944]]]}"
000000000000000000cb,3144,0,,,,,0.0,"{""type"":""Polygon"",""coordinates"":[[[84.4500007258442,43.320001710425444],[84.51250063411652,43.3200017759423],[84.57500049475566,43.320001758402185],[84.63750037612765,43.32000174848927],[84.70000026427915,43.320001759292374],[84.76250014302775,43.32000173017174],[84.82499999395307,43.320001747244916],[84.88749987588045,43.32000175296599],[84.94999976562265,43.32000175937384],[84.94999976562265,43.8200007842256],[84.88749987588045,43.82000075443179],[84.82499999395307,43.820000784967164],[84.76250014302775,43.820000718276155],[84.70000026427915,43.82000075668659],[84.63750037612765,43.8200007420697],[84.57500049475566,43.82000073433389],[84.51250063411652,43.82000072039948],[84.4500007258442,43.820000755793195],[84.4500007258442,43.320001710425444]]]}"
000000000000000000cc,3145,0,,,,,0.0,"{""type"":""Polygon"",""coordinates"":[[[84.94999976562265,43.32000175937384],[85.01249963772563,43.32000177829912],[85.07499946445976,43.32000174785115],[85.13749937408838,43.32000175969267],[85.19999925471886,43.32000174794123],[85.2624991504307,43.320001726766115],[85.32499902376115,43.32000178028757],[85.38749883492443,43.32000177185072],[85.44999869917947,43.32000171794191],[85.44999869917947,43.820000764199115],[85.38749883492443,43.82000074914364],[85.32499902376115,43.8200007497332],[85.2624991504307,43.82000074947212],[85.19999925471886,43.82000073795615],[85.13749937408838,43.82000077739212],[85.07499946445976,43.82000078082551],[85.01249963772563,43.8200007406359],[84.94999976562265,43.8200007842256],[84.94999976562265,43.32000175937384]]]}"
000000000000000000cd,3146,0,,,,,0.0,"{""type"":""Polygon"",""coordinates"":[[[85.44999869917947,43.32000171794191],[85.51249920029898,43.32000172653668],[85.5749995821799,43.32000177888168],[85.63750003061271,43.320001746474176],[85.70000049294944,43.32000171194426],[85.76250091416007,43.320001757805066],[85.82500131496069,43.3200017486037],[85.88750179133932,43.320001772066654],[85.95000220227783,43.320001760040405],[85.95000220227783,43.82000078452432],[85.88750179133932,43.82000074843033],[85.82500131496069,43.82000073868656],[85.76250091416007,43.82000074988265],[85.70000049294944,43.8200007678551],[85.63750003061271,43.82000078093922],[85.5749995821799,43.8200007801937],[85.51249920029898,43.820000756545],[85.44999869917947,43.820000764199115],[85.44999869917947,43.32000171794191]]]}"
000000000000000000ce,3147,0,,,,,0.0,"{""type"":""Polygon"",""coordinates"":[[[85.95000220227783,43.320001760040405],[86.01250209328873,43.32000178075564],[86.07500194248176,43.32000171448608],[86.13750183455866,43.320001721354195],[86.20000169587013,43.3200017351504],[86.26250160526149,43.32000176821729],[86.32500148358305,43.32000175390558],[86.38750132649125,43.32000177512079],[86.45000120395947,43.320001769730226],[86.45000120395947,43.82000078068983],[86.38750132649125,43.82000075245957],[86.32500148358305,43.82000076019649],[86.26250160526149,43.82000071958521],[86.20000169587013,43.820000767017476],[86.13750183455866,43.82000074985854],[86.07500194248176,43.82000072861919],[86.01250209328873,43.82000076877548],[85.95000220227783,43.82000078452432],[85.95000220227783,43.320001760040405]]]}"
000000000000000000cf,3148,0,,,,,0.0,"{""type"":""Polygon"",""coordinates"":[[[86.45000120395947,43.320001769730226],[86.51250110559845,43.320001746436446],[86.57500094112646,43.320001711419295],[86.6375008484382,43.32000175119928],[86.70000073132809,43.32000172427048],[86.76250056775325,43.320001712098055],[86.82500048593846,43.320001726589474],[86.88750030434446,43.32000177080575],[86.95000022129041,43.3200017845235],[86.95000022129041,43.8200007666016],[86.88750030434446,43.8200007280667],[86.82500048593846,43.8200007223403],[86.76250056775325,43.82000073602081],[86.70000073132809,43.82000076605614],[86.6375008484382,43.820000727671705],[86.57500094112646,43.82000075875546],[86.51250110559845,43.82000078073103],[86.45000120395947,43.82000078068983],[86.45000120395947,43.320001769730226]]]}"
000000000000000000d0,3149,62,44460.0,10293.951612903225,7195.0,5227.0,638225.0,"{""type"":""Polygon"",""coordinates"":[[[86.95000022129041,43.3200017845235],[87.01250004939322,43.320001770496674],[87.07499998011444,43.32000174139193],[87.13749982018051,43.32000177332978],[87.19999967813516,43.320001729167046],[87.26249958278919,43.32000176399238],[87.32499948370868,43.32000173628485],[87.38749932741185,43.32000172531353],[87.44999920856229,43.320001739963836],[87.44999920856229,43.820000719774185],[87.38749932741185,43.82000075703279],[87.32499948370868,43.8200007374113],[87.26249958278919,43.82000072492838],[87.19999967813516,43.820000713955025],[87.13749982018051,43.820000771635],[87.07499998011444,43.82000074436748],[87.01250004939322,43.82000076781295],[86.95000022129041,43.8200007666016],[86.95000022129041,43.3200017845235]]]}"
000000000000000000d1,3150,3,9803.0,7626.0,7191.0,5884.0,22878.0,"{""type"":""Polygon"",""coordinates"":[[[87.44999920856229,43.320001739963836],[87.51249906693837,43.32000171175091],[87.57499891463245,43.32000172098068],[87.63749883552617,43.32000177561036],[87.6999986839968,43.32000173134849],[87.76249861206547,43.320001744472094],[87.82499846744425,43.32000174404441],[87.88749831975558,43.3200017370396],[87.94999823463273,43.320001730050635],[87.94999823463273,43.82000076833468],[87.88749831975558,43.820000753880535],[87.82499846744425,43.820000730562775],[87.76249861206547,43.8200007647031],[87.6999986839968,43.82000077641267],[87.63749883552617,43.82000076298286],[87.57499891463245,43.82000071544143],[87.51249906693837,43.82000077659469],[87.44999920856229,43.820000719774185],[87.44999920856229,43.320001739963836]]]}"
000000000000000000d2,3151,1,11691.0,11691.0,11691.0,11691.0,11691.0,"{""type"":""Polygon"",""coordinates"":[[[87.94999823463273,43.320001730050635],[88.0124986470514,43.320001735766816],[88.0749990910853,43.32000175065722],[88.13749947201008,43.32000177807386],[88.19999991495526,43.320001751198284],[88.26250039206737,43.32000174779699],[88.32500079769653,43.32000177073926],[88.38750124504907,43.32000175236971],[88.45000169494095,43.32000176991146],[88.45000169494095,43.82000073789095],[88.38750124504907,43.820000768555396],[88.32500079769653,43.82000075330162],[88.26250039206737,43.820000761509455],[88.19999991495526,43.82000071423793],[88.13749947201008,43.820000754473135],[88.0749990910853,43.820000732267616],[88.0124986470514,43.820000713698015],[87.94999823463273,43.82000076833468],[87.94999823463273,43.320001730050635]]]}"
000000000000000000d3,3152,28,27927.0,10583.92857142857,6819.0,5195.0,296350.0,"{""type"":""Polygon"",""coordinates"":[[[88.45000169494095,43.32000176991146],[88.51250151395139,43.320001745468694],[88.57500139517506,43.32000176618611],[88.63750128765338,43.32000176135699],[88.70000113668715,43.32000173385919],[88.7625010305894,43.32000176175382],[88.82500090648465,43.3200017738467],[88.88750077087795,43.32000177327294],[88.95000069909133,43.320001763625335],[88.95000069909133,43.820000773205564],[88.88750077087795,43.8200007519954],[88.82500090648465,43.82000071354359],[88.7625010305894,43.82000072719531],[88.70000113668715,43.820000716877956],[88.63750128765338,43.82000075304526],[88.57500139517506,43.820000758379784],[88.51250151395139,43.82000073000614],[88.45000169494095,43.82000073789095],[88.45000169494095,43.32000176991146]]]}"
000000000000000000d4,3153,103,25397.0,7667.310679611651,6510.090909090909,5196.0,789733.0,"{""type"":""Polygon"",""coordinates"":[[[88.95000069909133,43.320001763625335],[89.01250054292485,43.32000174625181],[89.07500044212208,43.32000172498603],[89.13750031309375,43.320001775206634],[89.20000014100398,43.32000175174072],[89.26250005169459,43.320001731248304],[89.32499994862486,43.32000171496534],[89.38749980362553,43.32000177823318],[89.44999965632144,43.32000177555845],[89.44999965632144,43.82000073628878],[89.38749980362552,43.82000077349957],[89.32499994862486,43.82000073733296],[89.26250005169459,43.82000077179711],[89.20000014100398,43.820000729351435],[89.13750031309375,43.820000754648675],[89.07500044212208,43.82000077176985],[89.01250054292485,43.82000077851928],[88.95000069909133,43.820000773205564],[88.95000069909133,43.320001763625335]]]}"
000000000000000000d5,3154,422,75637.0,9532.917061611375,7173.583333333333,5208.0,4022891.0,"{""type"":""Polygon"",""coordinates"":[[[89.44999965632144,43.32000177555845],[89.51249954150394,43.32000178224598],[89.57499941718085,43.3200017257062],[89.63749930876223,43.32000175456375],[89.69999916506775,43.320001722273005],[89.76249907364495,43.32000177728769],[89.82499890224017,43.32000177261845],[89.88749880000745,43.32000178275219],[89.94999869649259,43.32000173421721],[89.94999869649259,43.82000071223571],[89.88749880000745,43.82000071336407],[89.82499890224017,43.82000072133355],[89.76249907364495,43.820000735925596],[89.69999916506775,43.82000075634323],[89.63749930876223,43.82000078219625],[89.57499941718085,43.82000073946433],[89.51249954150394,43.8200007732079],[89.44999965632144,43.82000073628878],[89.44999965632144,43.32000177555845]]]}"
000000000000000000d6,3155,121,21453.0,7021.98347107438,5859.933333333333,5201.0,849660.0,"{""type"":""Polygon"",""coordinates"":[[[89.94999869649259,43.32000173421721],[90.01249912032586,43.32000177454396],[90.07499951556093,43.320001755900485],[90.1374999439992,43.32000175183975],[90.2000004039198,43.32000176204252],[90.26250082693893,43.32000171249811],[90.32500129266266,43.320001749838546],[90.38750167050225,43.320001726314196],[90.45000212177854,43.32000171422786],[90.45000212177854,43.82000077846792],[90.38750167050225,43.820000734905],[90.32500129266266,43.82000076754629],[90.26250082693893,43.820000731885635],[90.2000004039198,43.8200007741861],[90.1374999439992,43.820000749301315],[90.07499951556093,43.82000073049881],[90.01249912032586,43.820000718097724],[89.94999869649259,43.82000071223571],[89.94999869649259,43.32000173421721]]]}"
000000000000000000d7,3156,0,,,,,0.0,"{""type"":""Polygon"",""coordinates"":[[[90.45000212177854,43.32000171422786],[90.51250202062839,43.320001715197876],[90.57500189724567,43.320001726257026],[90.63750178364843,43.32000174589239],[90.70000164426958,43.32000177277588],[90.76250152045948,43.32000173130175],[90.82500138572343,43.320001767164264],[90.88750121790959,43.32000173117842],[90.95000114494546,43.320001767550565],[90.95000114494546,43.82000076525651],[90.88750121790959,43.82000073864634],[90.82500138572343,43.82000077547729],[90.76250152045948,43.820000733028486],[90.70000164426958,43.820000758997914],[90.63750178364843,43.82000078212081],[90.57500189724567,43.82000073137026],[90.51250202062839,43.82000075396351],[90.45000212177854,43.82000077846792],[90.45000212177854,43.32000171422786]]]}"
000000000000000000d8,3161,0,,,,,0.0,"{""type"":""Polygon"",""coordinates"":[[[92.95000155859528,43.32000173501291],[93.01250143368392,43.32000171433087],[93.07500131282357,43.32000174638435],[93.13750123617739,43.32000174873724],[93.20000109400037,43.3200017165196],[93.26250093261072,43.32000171411759],[93.32500087852127,43.320001729708196],[93.38750075422621,43.32000176001538],[93.45000061548112,43.32000172136663],[93.45000061548112,43.8200007205151],[93.38750075422621,43.82000076528577],[93.32500087852127,43.8200007315432],[93.26250093261072,43.82000077508781],[93.20000109400037,43.820000753442805],[93.13750123617739,43.82000075130012],[93.07500131282357,43.82000077789382],[93.01250143368392,43.82000076521068],[92.95000155859528,43.820000722054466],[92.95000155859528,43.32000173501291]]]}"
000000000000000000d9,3162,0,,,,,0.0,"{""type"":""Polygon"",""coordinates"":[[[93.45000061548112,43.32000172136663],[93.51250044422612,43.32000175289246],[93.57500037977225,43.320001767871304],[93.63750025580825,43.32000176242531],[93.70000006298494,43.32000172781503],[93.76249994986544,43.32000172356953],[93.82499983581359,43.32000174278238],[93.88749972037452,43.32000177584467],[93.94999960593937,43.32000173931105],[93.94999960593937,43.82000074373647],[93.88749972037452,43.8200007259046],[93.82499983581359,43.82000077389714],[93.76249994986544,43.82000075188619],[93.70000006298494,43.820000742317085],[93.63750025580825,43.82000075208859],[93.57500037977225,43.82000072241219],[93.51250044422612,43.82000073488334],[93.45000061548112,43.8200007205151],[93.45000061548112,43.32000172136663]]]}"
000000000000000000e9,3208,0,,,,,0.0,"{""type"":""Polygon"",""coordinates"":[[[80.9499987756024,43.82000072594671],[81.01249868398543,43.820000745596964],[81.07499854191833,43.820000782997724],[81.1374984411878,43.82000072394159],[81.19999830369369,43.820000730276796],[81.26249821817926,43.82000075948799],[81.32499801980906,43.82000074933649],[81.38749796221478,43.82000074184808],[81.44999779386694,43.8200007403756],[81.44999779386694,44.31999977837896],[81.38749796221478,44.319999770519615],[81.32499801980906,44.31999974327969],[81.26249821817926,44.319999765007914],[81.19999830369369,44.31999972201011],[81.13749844118782,44.3199997474603],[81.07499854191833,44.319999739836575],[81.01249868398543,44.3199997537459],[80.9499987756024,44.31999975861849],[80.9499987756024,43.82000072594671]]]}"
000000000000000000ea,3209,0,,,,,0.0,"{""type"":""Polygon"",""coordinates"":[[[81.44999779386694,43.8200007403756],[81.51249826745813,43.820000751087754],[81.57499870928484,43.82000074518852],[81.63749911516959,43.8200007443856],[81.69999956295672,43.82000077620841],[81.76249996177391,43.82000078317164],[81.82500038628508,43.82000071967846],[81.88750082602218,43.82000075117418],[81.95000126897834,43.82000075293014],[81.95000126897834,44.319999774014015],[81.88750082602218,44.319999741845336],[81.82500038628508,44.31999972838212],[81.76249996177391,44.31999971340686],[81.69999956295672,44.31999974816975],[81.63749911516959,44.31999973407392],[81.57499870928484,44.31999972788264],[81.51249826745813,44.31999977378273],[81.44999779386694,44.31999977837896],[81.44999779386694,43.8200007403756]]]}"
000000000000000000eb,3210,0,,,,,0.0,"{""type"":""Polygon"",""coordinates"":[[[81.95000126897834,43.82000075293014],[82.01250111938805,43.820000776608126],[82.07500102847284,43.82000074425056],[82.13750089632819,43.82000074196104],[82.20000078768312,43.82000072214914],[82.26250068251755,43.82000077619543],[82.32500055922861,43.82000077767238],[82.38750039462371,43.82000074496219],[82.45000024657327,43.82000077425174],[82.45000024657327,44.31999978319682],[82.38750039462371,44.319999762443594],[82.32500055922861,44.31999978101147],[82.26250068251755,44.3199997434812],[82.20000078768312,44.31999977503875],[82.13750089632819,44.319999785294115],[82.07500102847284,44.31999975541793],[82.01250111938805,44.31999973227017],[81.95000126897834,44.319999774014015],[81.95000126897834,43.82000075293014]]]}"
000000000000000000ec,3211,0,,,,,0.0,"{""type"":""Polygon"",""coordinates"":[[[82.45000024657327,43.82000077425174],[82.5125001710453,43.82000074366875],[82.57500005707574,43.82000073782034],[82.63749987481538,43.82000077408901],[82.69999975750643,43.82000073504611],[82.76249967158473,43.820000782497665],[82.8249994996368,43.82000078258579],[82.88749936929409,43.82000076196277],[82.94999924181224,43.82000073655608],[82.94999924181224,44.31999977009775],[82.88749936929409,44.31999975782166],[82.8249994996368,44.319999720215854],[82.76249967158473,44.31999978503631],[82.69999975750643,44.3199997819564],[82.63749987481538,44.319999771537965],[82.57500005707574,44.319999737139916],[82.5125001710453,44.319999722880134],[82.45000024657327,44.31999978319682],[82.45000024657327,43.82000077425174]]]}"
000000000000000000ed,3212,0,,,,,0.0,"{""type"":""Polygon"",""coordinates"":[[[82.94999924181224,43.82000073655608],[83.01249915875628,43.82000072713335],[83.07499899591453,43.82000074414838],[83.13749887316365,43.82000074022361],[83.19999874458716,43.8200007302777],[83.26249864423454,43.82000073388768],[83.32499852255454,43.820000765504936],[83.38749840978839,43.8200007715066],[83.44999825271839,43.82000076587806],[83.44999825271839,44.31999973656211],[83.38749840978839,44.319999719704214],[83.32499852255454,44.319999743937885],[83.26249864423454,44.31999972339912],[83.19999874458716,44.31999978285016],[83.13749887316365,44.319999764104644],[83.07499899591453,44.31999971948179],[83.01249915875628,44.31999977779476],[82.94999924181224,44.31999977009775],[82.94999924181224,43.82000073655608]]]}"
000000000000000000ee,3213,0,,,,,0.0,"{""type"":""Polygon"",""coordinates"":[[[83.44999825271839,43.82000076587806],[83.51249872848722,43.82000073139749],[83.57499912814826,43.820000716504424],[83.63749955540088,43.82000074366798],[83.70000003044876,43.82000075769073],[83.76250040937572,43.82000076686117],[83.82500087057618,43.82000072436327],[83.88750126627086,43.82000071072742],[83.95000177031838,43.82000075100789],[83.95000177031838,44.31999973303673],[83.88750126627086,44.31999974690233],[83.82500087057618,44.319999724229056],[83.76250040937572,44.319999783837915],[83.70000003044876,44.319999774034535],[83.63749955540088,44.31999974089374],[83.57499912814826,44.319999748055665],[83.51249872848722,44.31999977806286],[83.44999825271839,44.31999973656211],[83.44999825271839,43.82000076587806]]]}"
000000000000000000ef,3214,0,,,,,0.0,"{""type"":""Polygon"",""coordinates"":[[[83.95000177031838,43.82000075100789],[84.01250158552763,43.82000074613623],[84.07500144742019,43.82000075078629],[84.13750136168873,43.82000078041247],[84.20000125144091,43.82000077339182],[84.26250111831979,43.82000074474891],[84.32500096180536,43.8200007819589],[84.38750085938985,43.82000075800384],[84.4500007258442,43.820000755793195],[84.4500007258442,44.31999975301737],[84.38750085938985,44.3199997323698],[84.32500096180536,44.31999971635569],[84.26250111831979,44.31999976676545],[84.20000125144091,44.31999972125181],[84.13750136168873,44.31999978095911],[84.07500144742019,44.31999971499429],[84.01250158552763,44.31999972815206],[83.95000177031838,44.31999973303673],[83.95000177031838,43.82000075100789]]]}"
000000000000000000f0,3215,0,,,,,0.0,"{""type"":""Polygon"",""coordinates"":[[[84.4500007258442,43.820000755793195],[84.51250063411652,43.82000072039948],[84.57500049475566,43.82000073433389],[84.63750037612765,43.8200007420697],[84.70000026427915,43.82000075668659],[84.76250014302775,43.820000718276155],[84.82499999395307,43.820000784967164],[84.88749987588045,43.82000075443179],[84.94999976562265,43.8200007842256],[84.94999976562265,44.31999973241733],[84.88749987588045,44.31999973831546],[84.82499999395307,44.31999971608209],[84.76250014302775,44.31999972570389],[84.70000026427915,44.319999751238086],[84.63750037612765,44.31999978007649],[84.57500049475566,44.319999727394816],[84.51250063411652,44.319999724111284],[84.4500007258442,44.31999975301737],[84.4500007258442,43.820000755793195]]]}"
000000000000000000f1,3216,0,,,,,0.0,"{""type"":""Polygon"",""coordinates"":[[[84.94999976562265,43.8200007842256],[85.01249963772563,43.8200007406359],[85.07499946445976,43.82000078082551],[85.13749937408838,43.82000077739212],[85.19999925471886,43.82000073795615],[85.2624991504307,43.82000074947212],[85.32499902376115,43.8200007497332],[85.38749883492443,43.82000074914364],[85.44999869917947,43.820000764199115],[85.44999869917947,44.31999973838287],[85.38749883492443,44.31999973713687],[85.32499902376115,44.31999973651398],[85.2624991504307,44.31999972002689],[85.19999925471886,44.31999974931734],[85.13749937408838,44.31999974177964],[85.07499946445976,44.319999755286155],[85.01249963772563,44.31999978221807],[84.94999976562265,44.31999973241733],[84.94999976562265,43.8200007842256]]]}"
000000000000000000f2,3217,0,,,,,0.0,"{""type"":""Polygon"",""coordinates"":[[[85.44999869917947,43.820000764199115],[85.51249920029898,43.820000756545],[85.5749995821799,43.8200007801937],[85.63750003061271,43.82000078093922],[85.70000049294944,43.8200007678551],[85.76250091416007,43.82000074988265],[85.82500131496069,43.82000073868656],[85.88750179133932,43.82000074843033],[85.95000220227783,43.82000078452432],[85.95000220227783,44.31999977679571],[85.88750179133932,44.319999725602386],[85.82500131496069,44.31999975849327],[85.76250091416007,44.31999972592174],[85.70000049294944,44.319999757873845],[85.63750003061271,44.31999977062168],[85.5749995821799,44.31999975523525],[85.51249920029898,44.31999977470646],[85.44999869917947,44.31999973838287],[85.44999869917947,43.820000764199115]]]}"
000000000000000000f3,3218,0,,,,,0.0,"{""type"":""Polygon"",""coordinates"":[[[85.95000220227783,43.82000078452432],[86.01250209328873,43.82000076877548],[86.07500194248176,43.82000072861919],[86.13750183455866,43.82000074985854],[86.20000169587013,43.820000767017476],[86.26250160526149,43.82000071958521],[86.32500148358305,43.82000076019649],[86.38750132649125,43.82000075245957],[86.45000120395947,43.82000078068983],[86.45000120395947,44.31999976182563],[86.38750132649125,44.319999755384195],[86.32500148358305,44.319999771262104],[86.26250160526149,44.319999725904644],[86.20000169587013,44.31999975420509],[86.13750183455866,44.31999977713588],[86.07500194248176,44.31999978236505],[86.01250209328873,44.319999762542444],[85.95000220227783,44.31999977679571],[85.95000220227783,43.82000078452432]]]}"
000000000000000000f4,3221,1,12936.0,12936.0,12936.0,12936.0,12936.0,"{""type"":""Polygon"",""coordinates"":[[[87.44999920856229,43.820000719774185],[87.51249906693837,43.82000077659469],[87.57499891463245,43.82000071544143],[87.63749883552617,43.82000076298286],[87.6999986839968,43.82000077641267],[87.76249861206547,43.8200007647031],[87.82499846744425,43.820000730562775],[87.88749831975558,43.820000753880535],[87.94999823463273,43.82000076833468],[87.94999823463273,44.31999977798509],[87.88749831975558,44.31999972083046],[87.82499846744425,44.31999971545532],[87.76249861206547,44.31999975526719],[87.6999986839968,44.319999761135726],[87.63749883552617,44.31999973035911],[87.57499891463245,44.31999972612079],[87.51249906693837,44.31999974541909],[87.44999920856229,44.31999978030321],[87.44999920856229,43.820000719774185]]]}"
000000000000000000f5,3222,35,33628.0,8087.371428571429,5833.0,5172.0,283058.0,"{""type"":""Polygon"",""coordinates"":[[[87.94999823463273,43.82000076833468],[88.0124986470514,43.820000713698015],[88.0749990910853,43.820000732267616],[88.13749947201008,43.820000754473135],[88.19999991495526,43.82000071423793],[88.26250039206737,43.820000761509455],[88.32500079769653,43.82000075330162],[88.38750124504907,43.820000768555396],[88.45000169494095,43.82000073789095],[88.45000169494095,44.31999975070691],[88.38750124504907,44.31999975728121],[88.32500079769653,44.31999977931683],[88.26250039206735,44.31999974109466],[88.19999991495526,44.31999978094708],[88.13749947201008,44.31999975167099],[88.0749990910853,44.31999972134375],[88.0124986470514,44.31999975528568],[87.94999823463273,44.31999977798509],[87.94999823463273,43.82000076833468]]]}"
000000000000000000f6,3223,28,53874.0,9852.82142857143,7140.5,5184.0,275879.0,"{""type"":""Polygon"",""coordinates"":[[[88.45000169494095,43.82000073789095],[88.51250151395139,43.82000073000614],[88.57500139517506,43.820000758379784],[88.63750128765338,43.82000075304526],[88.70000113668715,43.820000716877956],[88.7625010305894,43.82000072719531],[88.82500090648465,43.82000071354359],[88.88750077087795,43.8200007519954],[88.95000069909133,43.820000773205564],[88.95000069909133,44.31999971826945],[88.88750077087795,44.31999976245266],[88.82500090648465,44.3199997785771],[88.7625010305894,44.31999976305297],[88.70000113668715,44.319999784930516],[88.63750128765338,44.31999976954857],[88.57500139517506,44.31999978470799],[88.51250151395139,44.31999975535556],[88.45000169494095,44.31999975070691],[88.45000169494095,43.82000073789095]]]}"
00000000000000000106,3277,0,,,,,0.0,"{""type"":""Polygon"",""coordinates"":[[[80.44999978331556,44.319999717442265],[80.51249969098455,44.31999975432265],[80.57499952183895,44.31999973007778],[80.63749946401907,44.31999975664403],[80.69999928067963,44.31999976742047],[80.76249915710333,44.31999973045431],[80.82499902319111,44.319999735786034],[80.88749889210932,44.319999736912635],[80.9499987756024,44.31999975861849],[80.94999883865982,44.8199987754365],[80.8874989304146,44.819998716631005],[80.82499905879732,44.81999874663877],[80.76249919748588,44.81999871971025],[80.69999931392913,44.81999877528207],[80.63749946508767,44.81999877429748],[80.57499955353217,44.81999877935966],[80.51249969704033,44.81999872790044],[80.44999977224253,44.81999875175741],[80.44999978331556,44.319999717442265]]]}"
00000000000000000107,3278,0,,,,,0.0,"{""type"":""Polygon"",""coordinates"":[[[80.9499987756024,44.31999975861849],[81.01249868398543,44.3199997537459],[81.07499854191833,44.319999739836575],[81.13749844118782,44.3199997474603],[81.19999830369369,44.31999972201011],[81.26249821817926,44.319999765007914],[81.32499801980906,44.31999974327969],[81.38749796221478,44.319999770519615],[81.44999779386694,44.31999977837896],[81.4499977728757,44.8199987630653],[81.38749795758778,44.81999878183697],[81.32499807225017,44.81999874460318],[81.26249820274852,44.819998728463695],[81.1999982862314,44.81999872782683],[81.13749842755901,44.81999875002921],[81.07499858344566,44.81999871959386],[81.01249864369422,44.81999876986969],[80.94999883865982,44.8199987754365],[80.9499987756024,44.31999975861849]]]}"
00000000000000000108,3279,0,,,,,0.0,"{""type"":""Polygon"",""coordinates"":[[[81.44999779386694,44.31999977837896],[81.51249826745813,44.31999977378273],[81.57499870928484,44.31999972788264],[81.63749911516959,44.31999973407392],[81.69999956295672,44.31999974816975],[81.76249996177391,44.31999971340686],[81.82500038628508,44.31999972838212],[81.88750082602218,44.319999741845336],[81.95000126897834,44.319999774014015],[81.9500012684124,44.819998728380696],[81.8875008207993,44.81999872680334],[81.82500039187104,44.81999875237752],[81.76249995038835,44.81999873084704],[81.69999950734292,44.819998733603136],[81.63749909254014,44.81999876212381],[81.57499867136387,44.81999874182678],[81.51249825077983,44.819998743834226],[81.4499977728757,44.8199987630653],[81.44999779386694,44.31999977837896]]]}"
00000000000000000109,3282,0,,,,,0.0,"{""type"":""Polygon"",""coordinates"":[[[82.94999924181224,44.31999977009775],[83.01249915875628,44.31999977779476],[83.07499899591453,44.31999971948179],[83.13749887316365,44.319999764104644],[83.19999874458716,44.31999978285016],[83.26249864423454,44.31999972339912],[83.32499852255454,44.319999743937885],[83.38749840978839,44.319999719704214],[83.44999825271839,44.31999973656211],[83.44999824448465,44.8199987470616],[83.38749842489285,44.81999874307644],[83.32499853863223,44.81999877678538],[83.26249866583836,44.81999878108038],[83.19999878751464,44.81999875427257],[83.13749886621767,44.819998764701786],[83.0749990603701,44.8199987501516],[83.01249916553485,44.8199987688878],[82.94999925555511,44.81999875353959],[82.94999924181224,44.31999977009775]]]}"
0000000000000000010a,3283,0,,,,,0.0,"{""type"":""Polygon"",""coordinates"":[[[83.44999825271839,44.31999973656211],[83.51249872848722,44.31999977806286],[83.57499912814826,44.319999748055665],[83.63749955540088,44.31999974089374],[83.70000003044876,44.319999774034535],[83.76250040937572,44.319999783837915],[83.82500087057618,44.319999724229056],[83.88750126627086,44.31999974690233],[83.95000177031838,44.31999973303673],[83.95000177031838,44.81999878328704],[83.88750126627086,44.81999877932208],[83.82500087057618,44.81999871848187],[83.76250040937572,44.81999871807981],[83.70000003044876,44.819998770283114],[83.63749955540088,44.81999877808791],[83.57499917740961,44.81999874141321],[83.51249868079825,44.81999875710382],[83.44999824448465,44.8199987470616],[83.44999825271839,44.31999973656211]]]}"
00000000000000000119,3344,0,,,,,0.0,"{""type"":""Polygon"",""coordinates"":[[[80.44999977224253,44.81999875175741],[80.51249969704033,44.81999872790044],[80.57499955353217,44.81999877935966],[80.63749946508767,44.81999877429748],[80.69999931392913,44.81999877528207],[80.76249919748588,44.81999871971025],[80.82499905879732,44.81999874663877],[80.8874989304146,44.819998716631005],[80.94999883865982,44.8199987754365],[80.94999877639391,45.32000219800195],[80.8874988919162,45.32000223987918],[80.82499903816694,45.32000224534485],[80.76249922113657,45.32000221415255],[80.69999933636711,45.32000220925886],[80.63749938707235,45.32000223004131],[80.57499957180572,45.32000221983534],[80.5124996959458,45.32000223405756],[80.44999978325382,45.32000220154104],[80.44999977224253,44.81999875175741]]]}"
0000000000000000011a,3345,0,,,,,0.0,"{""type"":""Polygon"",""coordinates"":[[[80.94999883865982,44.8199987754365],[81.01249864369422,44.81999876986969],[81.07499858344566,44.81999871959386],[81.13749842755901,44.81999875002921],[81.1999982862314,44.81999872782683],[81.26249820274852,44.819998728463695],[81.32499807225017,44.81999874460318],[81.38749795758778,44.81999878183697],[81.4499977728757,44.8199987630653],[81.44999783096935,45.32000221270572],[81.38749797565478,45.32000217982698],[81.3249980447844,45.320002180463796],[81.2624982236766,45.32000222801694],[81.19999829039413,45.32000223259802],[81.1374984286507,45.32000220759341],[81.07499854193505,45.32000221698256],[81.01249866227852,45.320002190320686],[80.94999877639391,45.32000219800195],[80.94999883865982,44.8199987754365]]]}"
0000000000000000011b,3346,0,,,,,0.0,"{""type"":""Polygon"",""coordinates"":[[[81.4499977728757,44.8199987630653],[81.51249825077983,44.819998743834226],[81.57499867136387,44.81999874182678],[81.63749909254014,44.81999876212381],[81.69999950734292,44.819998733603136],[81.76249995038835,44.81999873084704],[81.82500039187104,44.81999875237752],[81.8875008207993,44.81999872680334],[81.9500012684124,44.819998728380696],[81.95000130905328,45.3200022106133],[81.88750080317574,45.32000222712717],[81.82500042525804,45.32000222486011],[81.7624999444703,45.32000218663134],[81.69999953270617,45.320002196230035],[81.63749912606781,45.32000224839797],[81.574998701055,45.32000219645854],[81.51249823505103,45.32000218223711],[81.44999783096935,45.32000221270572],[81.4499977728757,44.8199987630653]]]}"
0000000000000000011c,3347,0,,,,,0.0,"{""type"":""Polygon"",""coordinates"":[[[81.9500012684124,44.819998728380696],[82.0125011173739,44.81999871445911],[82.07500100159407,44.81999873084421],[82.13750088517618,44.81999877567804],[82.20000075026148,44.81999877713144],[82.26250064131806,44.819998738943504],[82.325000499473,44.81999872905249],[82.38750036694859,44.81999875098993],[82.45000030304588,44.819998738065166],[82.45000028440943,45.32000218452909],[82.38750039555718,45.32000222322929],[82.32500048752206,45.320002238589446],[82.2625006780076,45.32000223793433],[82.20000074624168,45.32000220566305],[82.13750087230487,45.320002225421575],[82.07500102082132,45.32000222213353],[82.01250113573428,45.32000219124099],[81.95000130905328,45.3200022106133],[81.9500012684124,44.819998728380696]]]}"
0000000000000000011d,3349,0,,,,,0.0,"{""type"":""Polygon"",""coordinates"":[[[82.94999925555511,44.81999875353959],[83.01249916553485,44.8199987688878],[83.0749990603701,44.8199987501516],[83.13749886621767,44.819998764701786],[83.19999878751464,44.81999875427257],[83.26249866583836,44.81999878108038],[83.32499853863223,44.81999877678538],[83.38749842489285,44.81999874307644],[83.44999824448465,44.8199987470616],[83.44999825236036,45.32000221625611],[83.38749836184522,45.32000223782294],[83.32499851299467,45.32000217721878],[83.26249862731841,45.32000224517388],[83.19999880751,45.32000223135251],[83.13749892235285,45.32000219935821],[83.0749990045713,45.32000222247707],[83.01249911986231,45.32000223215131],[82.94999923242948,45.32000222564708],[82.94999925555511,44.81999875353959]]]}"
0000000000000000011e,3350,0,,,,,0.0,"{""type"":""Polygon"",""coordinates"":[[[83.44999824448465,44.8199987470616],[83.51249868079825,44.81999875710382],[83.57499917740961,44.81999874141321],[83.63749955540088,44.81999877808791],[83.70000003044876,44.819998770283114],[83.76250040937572,44.81999871807981],[83.82500087057618,44.81999871848187],[83.88750126627086,44.81999877932208],[83.95000177031838,44.81999878328704],[83.95000170065656,45.32000224032908],[83.88750128819258,45.320002174830705],[83.82500088035631,45.32000224430762],[83.76250042393498,45.32000222966151],[83.69999996753677,45.3200022048853],[83.6374995579343,45.32000224399275],[83.5749991230324,45.320002198648524],[83.51249869064246,45.320002213712534],[83.44999825236036,45.32000221625611],[83.44999824448465,44.8199987470616]]]}"
0000000000000000012e,3400,0,,,,,0.0,"{""type"":""Polygon"",""coordinates"":[[[82.45000028440943,45.32000218452909],[82.51250018496233,45.320002197210904],[82.57499999632945,45.320002183268656],[82.63749991490685,45.320002228174545],[82.69999977128374,45.320002177479786],[82.76249965698399,45.320002181731994],[82.82499953147207,45.320002238916516],[82.88749938843834,45.320002205258696],[82.94999923242948,45.32000222564708],[82.9499992685101,45.82000118973493],[82.88749940391851,45.82000120853832],[82.82499948482254,45.82000122123078],[82.76249963010898,45.820001234702424],[82.69999978783751,45.82000124516405],[82.63749990458206,45.82000124860989],[82.57500001062161,45.82000124636221],[82.51250013510183,45.820001239730374],[82.45000030603835,45.82000123000803],[82.45000028440943,45.32000218452909]]]}"
0000000000000000012f,3401,0,,,,,0.0,"{""type"":""Polygon"",""coordinates"":[[[82.94999923242948,45.32000222564708],[83.01249911986231,45.32000223215131],[83.0749990045713,45.32000222247707],[83.13749892235285,45.32000219935821],[83.19999880751,45.32000223135251],[83.26249862731841,45.32000224517388],[83.32499851299467,45.32000217721878],[83.38749836184522,45.32000223782294],[83.44999825236036,45.32000221625611],[83.44999826778898,45.820001231634635],[83.38749837398903,45.82000117786108],[83.32499851276604,45.8200012003081],[83.26249866093792,45.82000122443547],[83.19999877730913,45.82000124727659],[83.13749892083115,45.82000119905908],[83.07499901315929,45.82000121999442],[83.01249911049679,45.82000124017006],[82.9499992685101,45.82000118973493],[82.94999923242948,45.32000222564708]]]}"
00000000000000000130,3402,0,,,,,0.0,"{""type"":""Polygon"",""coordinates"":[[[83.44999825236036,45.32000221625611],[83.51249869064246,45.320002213712534],[83.5749991230324,45.320002198648524],[83.6374995579343,45.32000224399275],[83.69999996753677,45.3200022048853],[83.76250042393498,45.32000222966151],[83.82500088035631,45.32000224430762],[83.88750128819258,45.320002174830705],[83.95000170065656,45.32000224032908],[83.95000170007704,45.820001207835624],[83.88750130398006,45.82000124386609],[83.82500090269103,45.82000121199535],[83.76250045263262,45.82000118201477],[83.6999999916431,45.82000122812818],[83.63749960378831,45.82000120915542],[83.57499915709352,45.82000118997046],[83.5124986847992,45.82000124456257],[83.44999826778898,45.820001231634635],[83.44999825236036,45.32000221625611]]]}"
0000000000000000013f,3451,0,,,,,0.0,"{""type"":""Polygon"",""coordinates"":[[[82.45000030603835,45.82000123000803],[82.51250013510183,45.820001239730374],[82.57500001062161,45.82000124636221],[82.63749990458206,45.82000124860989],[82.69999978783751,45.82000124516405],[82.76249963010898,45.820001234702424],[82.82499948482254,45.82000122123078],[82.88749940391851,45.82000120853832],[82.9499992685101,45.82000118973493],[82.9499992675547,46.32000018339344],[82.88749937424511,46.32000019924409],[82.82499948752512,46.32000022458609],[82.76249965060899,46.320000188106995],[82.6999997642357,46.320000230041344],[82.63749988766119,46.32000020652342],[82.57500002366879,46.32000019072294],[82.5125001923214,46.32000018341862],[82.45000022008209,46.32000024617118],[82.45000030603835,45.82000123000803]]]}"
00000000000000000140,3452,0,,,,,0.0,"{""type"":""Polygon"",""coordinates"":[[[82.9499992685101,45.82000118973493],[83.01249911049679,45.82000124017006],[83.07499901315929,45.82000121999442],[83.13749892083115,45.82000119905908],[83.19999877730913,45.82000124727659],[83.26249866093792,45.82000122443547],[83.32499851276604,45.8200012003081],[83.38749837398903,45.82000117786108],[83.44999826778898,45.820001231634635],[83.4499982469335,46.32000021626076],[83.38749837869578,46.320000215552525],[83.32499853152,46.32000022931021],[83.26249867178896,46.32000018161167],[83.19999879872468,46.3200002188356],[83.13749889325372,46.320000192346804],[83.07499905480041,46.32000018108759],[83.0124991237359,46.32000024838095],[82.9499992675547,46.32000018339344],[82.9499992685101,45.82000118973493]]]}"
00000000000000000141,3453,0,,,,,0.0,"{""type"":""Polygon"",""coordinates"":[[[83.44999826778898,45.820001231634635],[83.5124986847992,45.82000124456257],[83.57499915709352,45.82000118997046],[83.63749960378831,45.82000120915542],[83.6999999916431,45.82000122812818],[83.76250045263262,45.82000118201477],[83.82500090269103,45.82000121199535],[83.88750130398006,45.82000124386609],[83.95000170007704,45.820001207835624],[83.9500017638237,46.32000019071615],[83.88750132099136,46.320000185424256],[83.82500091341734,46.320000198451766],[83.76250041672904,46.32000022261124],[83.69999997538031,46.32000019182316],[83.63749961625416,46.32000018063535],[83.57499912553419,46.32000017668634],[83.51249871299828,46.32000019119669],[83.4499982469335,46.32000021626076],[83.44999826778898,45.820001231634635]]]}"
00000000000000000142,3454,0,,,,,0.0,"{""type"":""Polygon"",""coordinates"":[[[83.95000170007704,45.820001207835624],[84.01250158820682,45.82000122335577],[84.07500150896655,45.82000124711046],[84.13750133480158,45.82000120031913],[84.2000012243531,45.820001236944094],[84.26250114465348,45.8200012103941],[84.32500101735819,45.82000118981912],[84.38750086026005,45.820001176614134],[84.45000075806674,45.82000124799876],[84.45000075259739,46.32000021579979],[84.38750084962659,46.320000234090394],[84.32500100851102,46.32000020256551],[84.26250110320927,46.32000018795936],[84.20000127237678,46.32000019677939],[84.13750131677098,46.320000218504454],[84.07500147170008,46.320000191290724],[84.01250160435077,46.32000018132082],[83.9500017638237,46.32000019071615],[83.95000170007704,45.820001207835624]]]}"
00000000000000000153,3505,0,,,,,0.0,"{""type"":""Polygon"",""coordinates"":[[[83.9500017638237,46.32000019071615],[84.01250160435077,46.32000018132082],[84.07500147170008,46.320000191290724],[84.13750131677098,46.320000218504454],[84.20000127237678,46.32000019677939],[84.26250110320927,46.32000018795936],[84.32500100851102,46.32000020256551],[84.38750084962659,46.320000234090394],[84.45000075259739,46.32000021579979],[84.45000073191868,46.819999246475916],[84.38750088807497,46.819999252209804],[84.32500102606558,46.819999212090764],[84.26250109178545,46.8199991970968],[84.20000121483503,46.819999213277534],[84.13750136792306,46.819999184783136],[84.07500149232214,46.8199991823435],[84.01250162829025,46.81999920760404],[83.95000174462092,46.819999184357144],[83.9500017638237,46.32000019071615]]]}"
0000000000000000016b,3551,0,,,,,0.0,"{""type"":""Polygon"",""coordinates"":[[[82.94999929273457,46.81999921239859],[83.01249918098043,46.8199992441161],[83.07499898570047,46.81999921576655],[83.1374989311024,46.81999921570058],[83.19999873575252,46.81999922743106],[83.26249865652856,46.81999919260003],[83.32499854894887,46.81999925150663],[83.38749844074349,46.81999918363525],[83.44999825547723,46.819999207722965],[83.44999825992915,47.319998212102234],[83.38749836528106,47.319998239970005],[83.32499855701984,47.31999822644673],[83.2624986575618,47.31999823570628],[83.19999878703314,47.319998199326385],[83.13749894138333,47.31999819160087],[83.07499904435448,47.31999820749362],[83.01249910675872,47.319998247113915],[82.9499992452474,47.31999824213021],[82.94999929273457,46.81999921239859]]]}"
0000000000000000016d,3559,2,11016.0,10103.0,10103.0,9190.0,20206.0,"{""type"":""Polygon"",""coordinates"":[[[88.95000062851535,46.81999918062592],[89.0125005266993,46.81999918475393],[89.07500044634516,46.8199992351881],[89.13750029132683,46.81999918343257],[89.20000018583595,46.81999917834162],[89.26250002431091,46.81999921921245],[89.32499993212232,46.819999233025996],[89.38749979821594,46.81999921912621],[89.44999966319754,46.819999177820904],[89.44999962650914,47.319998210074566],[89.38749978063339,47.319998183413695],[89.32499992482619,47.319998208356004],[89.26250007772121,47.31999821033605],[89.20000017546295,47.31999818887658],[89.13750030654455,47.319998219129346],[89.07500040397896,47.319998225926696],[89.01250055392018,47.31999820989422],[88.95000067967983,47.31999824498498],[88.95000062851535,46.81999918062592]]]}"
00000000000000000185,3593,0,,,,,0.0,"{""type"":""Polygon"",""coordinates"":[[[86.95000019911434,47.31999821197386],[87.01250008055008,47.31999823725952],[87.07499996676923,47.31999823512181],[87.1374998397989,47.31999820530406],[87.19999967258512,47.319998222043196],[87.26249961525106,47.31999821448742],[87.32499947309176,47.319998252784956],[87.38749931695033,47.319998189514244],[87.44999918085666,47.319998249649665],[87.44999915969008,47.82000169702969],[87.38749935036417,47.82000168848706],[87.32499948318453,47.820001654292945],[87.26249956350495,47.82000166970513],[87.19999969251036,47.8200016615397],[87.1374997884332,47.820001703063596],[87.07499995719881,47.82000164594141],[87.01250009770922,47.82000171368498],[86.95000023692572,47.82000168057162],[86.95000019911434,47.31999821197386]]]}"
00000000000000000699,494,0,,,,,0.0,"{""type"":""Polygon"",""coordinates"":[[[86.95000022129041,27.820001498999453],[87.01250004939322,27.820001479158744],[87.07499998011444,27.820001518089516],[87.13749982018051,27.820001528792584],[87.19999967813516,27.82000151992791],[87.26249958278919,27.82000149824866],[87.32499948370868,27.82000146879053],[87.38749932741185,27.820001525863688],[87.44999920856229,27.820001498329717],[87.44999920856229,28.32000047392017],[87.38749932741185,28.32000052892891],[87.32499948370868,28.32000053266519],[87.26249958278919,28.320000477441358],[87.19999967813516,28.320000536514755],[87.13749982018051,28.32000052656441],[87.07499998011444,28.320000529883888],[87.01250004939322,28.320000537719153],[86.95000022129041,28.320000458593558],[86.95000022129041,27.820001498999453]]]}"
0000000000000000069a,495,0,,,,,0.0,"{""type"":""Polygon"",""coordinates"":[[[87.44999920856229,27.820001498329717],[87.51249906693837,27.820001480092834],[87.57499891463245,27.820001476917756],[87.63749883552617,27.82000149563269],[87.6999986839968,27.82000153897253],[87.76249861206547,27.820001525202507],[87.82499846744425,27.82000145679345],[87.88749831975558,27.820001518533328],[87.94999823463273,27.820001537297262],[87.94999823463273,28.320000511420737],[87.88749831975558,28.320000520484847],[87.82499846744425,28.32000052033054],[87.76249861206547,28.320000505231157],[87.6999986839968,28.320000469135017],[87.63749883552617,28.32000049868484],[87.57499891463245,28.320000497002596],[87.51249906693837,28.32000046133616],[87.44999920856229,28.32000047392017],[87.44999920856229,27.820001498329717]]]}"
000000000000000006cf,556,0,,,,,0.0,"{""type"":""Polygon"",""coordinates"":[[[84.94999976562265,28.320000493000403],[85.01249963772563,28.320000511795097],[85.07499946445976,28.320000512232337],[85.13749937408838,28.320000509985842],[85.19999925471886,28.320000511932005],[85.2624991504307,28.32000053041059],[85.32499902376115,28.320000485771995],[85.38749883492443,28.32000047617341],[85.44999869917947,28.320000515885084],[85.44999869917947,28.819999460399554],[85.38749883492443,28.819999499885526],[85.32499902376115,28.819999529804164],[85.2624991504307,28.81999953575314],[85.19999925471886,28.819999508473963],[85.13749937408838,28.819999527253206],[85.07499946445976,28.819999490935057],[85.01249963772563,28.81999948128101],[84.94999976562265,28.81999948245411],[84.94999976562265,28.320000493000403]]]}"
000000000000000006d0,557,0,,,,,0.0,"{""type"":""Polygon"",""coordinates"":[[[85.44999869917947,28.320000515885084],[85.51249920029898,28.32000054518177],[85.5749995821799,28.320000459806085],[85.63750003061271,28.320000542774967],[85.70000049294944,28.32000053510793],[85.76250091416007,28.320000533727665],[85.82500131496069,28.320000459796937],[85.88750179133932,28.320000503631768],[85.95000220227783,28.320000492124123],[85.95000220227783,28.81999954518004],[85.88750179133932,28.81999947997134],[85.82500131496069,28.819999479273598],[85.76250091416007,28.81999953809541],[85.70000049294944,28.8199994665512],[85.63750003061271,28.81999952059633],[85.5749995821799,28.81999951475299],[85.51249920029898,28.819999529652023],[85.44999869917947,28.819999460399554],[85.44999869917947,28.320000515885084]]]}"
000000000000000006d1,571,15,32337.0,14243.866666666667,12621.0,6305.0,213658.0,"{""type"":""Polygon"",""coordinates"":[[[92.44999810524074,28.320000539428104],[92.51249852914931,28.32000047892328],[92.57499898485804,28.320000463531198],[92.63749941016613,28.32000048876875],[92.69999989764378,28.32000045795921],[92.76250031589893,28.320000456878137],[92.82500068828625,28.320000479086833],[92.88750119390302,28.32000051468456],[92.95000155859528,28.32000047395193],[92.95000155859528,28.81999950327815],[92.88750119390302,28.819999505134604],[92.82500068828625,28.819999463829305],[92.76250031589893,28.81999946880879],[92.69999989764378,28.819999530078288],[92.63749941016613,28.819999476438966],[92.57499898485804,28.819999488962928],[92.51249852914931,28.819999486427523],[92.44999810524074,28.819999473350826],[92.44999810524074,28.320000539428104]]]}"
00000000000000000708,646,6,11771.0,8630.833333333334,8631.0,5493.0,51785.0,"{""type"":""Polygon"",""coordinates"":[[[92.44999810524074,28.819999473350826],[92.51249852914931,28.819999486427523],[92.57499898485804,28.819999488962928],[92.63749941016613,28.819999476438966],[92.69999989764378,28.819999530078288],[92.76250031589893,28.81999946880879],[92.82500068828625,28.819999463829305],[92.88750119390302,28.819999505134604],[92.95000155859528,28.81999950327815],[92.95000155859528,29.319998514059435],[92.88750119390302,29.319998470452294],[92.82500068828625,29.319998505352228],[92.76250031589893,29.31999853081472],[92.69999989764378,29.31999846837896],[92.63749941016613,29.319998501715276],[92.57499898485804,29.31999854567098],[92.51249852914931,29.3199985193811],[92.44999810524074,29.319998515966933],[92.44999810524074,28.819999473350826]]]}"
00000000000000000742,719,0,,,,,0.0,"{""type"":""Polygon"",""coordinates"":[[[90.95000114494546,29.319998511182515],[91.0125010080096,29.31999854425459],[91.07500087098022,29.319998519437167],[91.13750072924877,29.31999852303639],[91.20000065578587,29.319998463303648],[91.26250050796651,29.319998516079156],[91.32500036712794,29.319998500669133],[91.38750024561416,29.319998502635073],[91.45000015996722,29.3199985187174],[91.45000015996722,29.820001994883707],[91.38750024561416,29.82000194456708],[91.32500036712794,29.820001942610634],[91.26250050796651,29.820001992304526],[91.20000065578587,29.82000192012279],[91.13750072924877,29.82000199447295],[91.07500087098022,29.82000195184011],[91.0125010080096,29.820001971995836],[90.95000114494546,29.820001968964945],[90.95000114494546,29.319998511182515]]]}"
00000000000000000743,720,0,,,,,0.0,"{""type"":""Polygon"",""coordinates"":[[[91.45000015996722,29.3199985187174],[91.5124999831899,29.319998458499107],[91.57499988746211,29.319998493960657],[91.6374997536738,29.319998534360604],[91.69999961435698,29.319998487124455],[91.76249950616445,29.319998525219383],[91.82499939545804,29.319998467966073],[91.88749925226367,29.31999848894113],[91.9499991248649,29.319998494711356],[91.9499991248649,29.820001974002754],[91.88749925226367,29.820001926011624],[91.82499939545804,29.820001985082854],[91.76249950616445,29.820001979531074],[91.69999961435698,29.820002001286454],[91.6374997536738,29.820001965574445],[91.57499988746211,29.820001964953693],[91.5124999831899,29.820002003437597],[91.45000015996722,29.820001994883707],[91.45000015996722,29.3199985187174]]]}"
00000000000000000744,721,0,,,,,0.0,"{""type"":""Polygon"",""coordinates"":[[[91.9499991248649,29.319998494711356],[92.0124989908922,29.31999848126911],[92.07499890641512,29.319998531879556],[92.13749878168835,29.31999846612775],[92.19999860516918,29.319998545264117],[92.26249851915527,29.31999849632748],[92.32499836941147,29.319998493997385],[92.38749823043571,29.319998531862353],[92.44999810524074,29.319998515966933],[92.44999810524074,29.820001958936498],[92.38749823043571,29.82000192797148],[92.32499836941147,29.82000196514994],[92.26249851915527,29.82000198763911],[92.19999860516918,29.82000200190349],[92.13749878168835,29.820001922168085],[92.07499890641512,29.820001932260123],[92.0124989908922,29.82000194844817],[91.9499991248649,29.820001974002754],[91.9499991248649,29.319998494711356]]]}"
00000000000000000780,800,0,,,,,0.0,"{""type"":""Polygon"",""coordinates"":[[[90.95000114494546,29.820001968964945],[91.0125010080096,29.820001971995836],[91.07500087098022,29.82000195184011],[91.13750072924877,29.82000199447295],[91.20000065578587,29.82000192012279],[91.26250050796651,29.820001992304526],[91.32500036712794,29.820001942610634],[91.38750024561416,29.82000194456708],[91.45000015996722,29.820001994883707],[91.45000015996722,30.320000948372925],[91.38750024561416,30.320000953530418],[91.32500036712794,30.32000095300104],[91.26250050796651,30.3200009500998],[91.20000065578587,30.32000094792877],[91.13750072924877,30.320000950020372],[91.07500087098022,30.320000957777832],[91.0125010080096,30.32000097439294],[90.95000114494546,30.320001002215],[90.95000114494546,29.820001968964945]]]}"
00000000000000000781,801,0,,,,,0.0,"{""type"":""Polygon"",""coordinates"":[[[91.45000015996722,29.820001994883707],[91.5124999831899,29.820002003437597],[91.57499988746211,29.820001964953693],[91.6374997536738,29.820001965574445],[91.69999961435698,29.820002001286454],[91.76249950616445,29.820001979531074],[91.82499939545804,29.820001985082854],[91.88749925226367,29.820001926011624],[91.9499991248649,29.820001974002754],[91.9499991248649,30.32000100438774],[91.88749925226367,30.320001004443444],[91.82499939545804,30.32000096899269],[91.76249950616445,30.32000099091535],[91.69999961435698,30.320000985929234],[91.6374997536738,30.32000095757569],[91.57499988746211,30.32000099812425],[91.5124999831899,30.32000093569058],[91.45000015996722,30.320000948372925],[91.45000015996722,29.820001994883707]]]}"
00000000000000000782,802,0,,,,,0.0,"{""type"":""Polygon"",""coordinates"":[[[91.9499991248649,29.820001974002754],[92.0124989908922,29.82000194844817],[92.07499890641512,29.820001932260123],[92.13749878168835,29.820001922168085],[92.19999860516918,29.82000200190349],[92.26249851915527,29.82000198763911],[92.32499836941147,29.82000196514994],[92.38749823043571,29.82000192797148],[92.44999810524074,29.820001958936498],[92.44999810524074,30.32000093498299],[92.38749823043571,30.320000947945008],[92.32499836941147,30.320000974127467],[92.26249851915527,30.32000093106539],[92.19999860516918,30.320001001161742],[92.13749878168835,30.320000923103716],[92.07499890641512,30.320000968072023],[92.0124989908922,30.320000964751987],[91.9499991248649,30.32000100438774],[91.9499991248649,29.820001974002754]]]}"
00000000000000000278,883,0,,,,,0.0,"{""type"":""Polygon"",""coordinates"":[[[90.95000114494546,30.320001002215],[91.0125010080096,30.32000097439294],[91.07500087098022,30.320000957777832],[91.13750072924877,30.320000950020372],[91.20000065578587,30.32000094792877],[91.26250050796651,30.3200009500998],[91.32500036712794,30.32000095300104],[91.38750024561416,30.320000953530418],[91.45000015996722,30.320000948372925],[91.45000015996722,30.819999984968817],[91.38750024561416,30.81999996150929],[91.32500036712794,30.8199999661784],[91.26250050796651,30.82000000231961],[91.20000065578587,30.819999985432712],[91.13750072924877,30.82000000670702],[91.07500087098022,30.819999979924813],[91.0125010080096,30.819999995934708],[90.95000114494546,30.819999969472313],[90.95000114494546,30.320001002215]]]}"
00000000000000000279,884,0,,,,,0.0,"{""type"":""Polygon"",""coordinates"":[[[91.45000015996722,30.320000948372925],[91.5124999831899,30.32000093569058],[91.57499988746211,30.32000099812425],[91.6374997536738,30.32000095757569],[91.69999961435698,30.320000985929234],[91.76249950616445,30.32000099091535],[91.82499939545804,30.32000096899269],[91.88749925226367,30.320001004443444],[91.9499991248649,30.32000100438774],[91.9499991248649,30.819999991761012],[91.88749925226367,30.819999957231275],[91.82499939545804,30.820000008379456],[91.76249950616445,30.819999974947514],[91.69999961435698,30.81999994824897],[91.6374997536738,30.81999993185486],[91.57499988746211,30.81999993010684],[91.5124999831899,30.819999947083797],[91.45000015996722,30.819999984968817],[91.45000015996722,30.320000948372925]]]}"
0000000000000000027a,885,0,,,,,0.0,"{""type"":""Polygon"",""coordinates"":[[[91.9499991248649,30.32000100438774],[92.0124989908922,30.320000964751987],[92.07499890641512,30.320000968072023],[92.13749878168835,30.320000923103716],[92.19999860516918,30.320001001161742],[92.26249851915527,30.32000093106539],[92.32499836941147,30.320000974127467],[92.38749823043571,30.320000947945008],[92.44999810524074,30.32000093498299],[92.44999810524074,30.819999994650267],[92.38749823043571,30.819999970342355],[92.32499836941147,30.81999999216252],[92.26249851915527,30.81999997803802],[92.19999860516918,30.819999934541567],[92.13749878168835,30.819999951802323],[92.07499890641512,30.819999949632688],[92.0124989908922,30.81999993264396],[91.9499991248649,30.819999991761012],[91.9499991248649,30.32000100438774]]]}"
000000000000000002b3,970,0,,,,,0.0,"{""type"":""Polygon"",""coordinates"":[[[92.44999810524074,30.819999994650267],[92.51249852914931,30.81999996155125],[92.57499898485804,30.819999962339423],[92.63749941016613,30.81999999234471],[92.69999989764378,30.81999995608468],[92.76250031589893,30.819999937666424],[92.82500068828625,30.81999993036345],[92.88750119390302,30.819999923803124],[92.95000155859528,30.820000004963127],[92.95000155859528,31.319999004298865],[92.88750119390302,31.319998988344725],[92.82500068828625,31.31999900455068],[92.76250031589893,31.319998966290466],[92.69999989764378,31.319998971228316],[92.63749941016613,31.319998938930425],[92.57499898485804,31.319998960105853],[92.51249852914931,31.319998955506325],[92.44999810524074,31.31999892982979],[92.44999810524074,30.819999994650267]]]}"
000000000000000002b4,971,0,,,,,0.0,"{""type"":""Polygon"",""coordinates"":[[[92.95000155859528,30.820000004963127],[93.01250143368392,30.820000000237464],[93.07500131282357,30.819999979332263],[93.13750123617739,30.81999993422939],[93.20000109400037,30.819999947925144],[93.26250093261072,30.819999924462802],[93.32500087852127,30.819999940699287],[93.38750075422621,30.819999993467786],[93.45000061548112,30.819999986076787],[93.45000061548112,31.319998998290693],[93.38750075422621,31.319998992020892],[93.32500087852127,31.319998957124273],[93.26250093261072,31.319998990004834],[93.20000109400037,31.319999006663874],[93.13750123617739,31.31999893068708],[93.07500131282357,31.31999894491952],[93.01250143368392,31.31999896676203],[92.95000155859528,31.319999004298865],[92.95000155859528,30.820000004963127]]]}"
000000000000000002b5,972,10,23051.0,9753.8,8058.0,5372.0,97538.0,"{""type"":""Polygon"",""coordinates"":[[[93.45000061548112,30.819999986076787],[93.51250044422612,30.81999999865138],[93.57500037977225,30.819999931812582],[93.63750025580825,30.819999956898133],[93.70000006298494,30.81999997836901],[93.76249994986544,30.81999998351972],[93.82499983581359,30.819999965955372],[93.88749972037452,30.820000004398697],[93.94999960593937,30.820000002323],[93.94999960593937,31.319998930391826],[93.88749972037452,31.319998933621086],[93.82499983581359,31.319998926976062],[93.76249994986544,31.319999006693397],[93.70000006298494,31.319999007329393],[93.63750025580825,31.3199989353154],[93.57500037977225,31.31999897777817],[93.51250044422612,31.319998968469324],[93.45000061548112,31.319998998290693],[93.45000061548112,30.819999986076787]]]}"
000000000000000002ee,1056,0,,,,,0.0,"{""type"":""Polygon"",""coordinates"":[[[92.44999810524074,31.31999892982979],[92.51249852914931,31.319998955506325],[92.57499898485804,31.319998960105853],[92.63749941016613,31.319998938930425],[92.69999989764378,31.319998971228316],[92.76250031589893,31.319998966290466],[92.82500068828625,31.31999900455068],[92.88750119390302,31.319998988344725],[92.95000155859528,31.319999004298865],[92.95000155859528,31.81999795625465],[92.88750119390302,31.819997935946297],[92.82500068828625,31.819997979141654],[92.76250031589893,31.819997999593],[92.69999989764378,31.81999800783752],[92.63749941016613,31.81999801070034],[92.57499898485804,31.81999792485912],[92.51249852914931,31.81999793201285],[92.44999810524074,31.819997950060284],[92.44999810524074,31.31999892982979]]]}"
000000000000000002ef,1057,1,6127.0,6127.0,6127.0,6127.0,6127.0,"{""type"":""Polygon"",""coordinates"":[[[92.95000155859528,31.319999004298865],[93.01250143368392,31.31999896676203],[93.07500131282357,31.31999894491952],[93.13750123617739,31.31999893068708],[93.20000109400037,31.319999006663874],[93.26250093261072,31.319998990004834],[93.32500087852127,31.319998957124273],[93.38750075422621,31.319998992020892],[93.45000061548112,31.319998998290693],[93.45000061548112,31.81999798045814],[93.38750075422621,31.81999798149495],[93.32500087852127,31.81999798479807],[93.26250093261072,31.819997999662107],[93.20000109400037,31.819997942477492],[93.13750123617739,31.819997997712154],[93.07500131282357,31.819998000289587],[93.01250143368392,31.819997954818348],[92.95000155859528,31.81999795625465],[92.95000155859528,31.319999004298865]]]}"
000000000000000002f0,1058,26,14547.0,7712.153846153846,6891.0,5341.0,200516.0,"{""type"":""Polygon"",""coordinates"":[[[93.45000061548112,31.319998998290693],[93.51250044422612,31.319998968469324],[93.57500037977225,31.31999897777817],[93.63750025580825,31.3199989353154],[93.70000006298494,31.319999007329393],[93.76249994986544,31.319999006693397],[93.82499983581359,31.319998926976062],[93.88749972037452,31.319998933621086],[93.94999960593937,31.319998930391826],[93.94999960593937,31.819997995772002],[93.88749972037452,31.819997937271527],[93.82499983581359,31.819997985663075],[93.76249994986544,31.819997976576],[93.70000006298494,31.819998005692874],[93.63750025580825,31.819997992726414],[93.57500037977225,31.81999795058116],[93.51250044422612,31.819997974166252],[93.45000061548112,31.81999798045814],[93.45000061548112,31.319998998290693]]]}"
000000000000000002f1,1059,4,6889.0,5934.0,5744.5,5358.0,23736.0,"{""type"":""Polygon"",""coordinates"":[[[93.94999960593937,31.319998930391826],[94.01249949773391,31.31999899509568],[94.07499932581992,31.319998946357572],[94.13749925693915,31.31999894372111],[94.19999907051182,31.31999898461377],[94.26249893896392,31.31999896662384],[94.32499888152411,31.319998966240252],[94.38749868483447,31.319998980568197],[94.44999860844463,31.319998990638453],[94.44999860844463,31.81999796666769],[94.38749868483447,31.819998006221677],[94.32499888152411,31.819997983814506],[94.26249893896392,31.819998005290984],[94.19999907051182,31.819997986820848],[94.13749925693915,31.819997939107516],[94.07499932581992,31.81999796430637],[94.01249949773391,31.819997978248725],[93.94999960593937,31.819997995772002],[93.94999960593937,31.319998930391826]]]}"
00000000000000000327,1143,0,,,,,0.0,"{""type"":""Polygon"",""coordinates"":[[[92.44999810524074,31.819997950060284],[92.51249852914931,31.81999793201285],[92.57499898485804,31.81999792485912],[92.63749941016613,31.81999801070034],[92.69999989764378,31.81999800783752],[92.76250031589893,31.819997999593],[92.82500068828625,31.819997979141654],[92.88750119390302,31.819997935946297],[92.95000155859528,31.81999795625465],[92.95000155859528,32.320001462555666],[92.88750119390302,32.320001460709605],[92.82500068828625,32.32000146650343],[92.76250031589893,32.320001394075916],[92.69999989764378,32.320001426901804],[92.63749941016613,32.32000139899538],[92.57499898485804,32.32000140032334],[92.51249852914931,32.320001438974764],[92.44999810524074,32.32000143327207],[92.44999810524074,31.819997950060284]]]}"
00000000000000000328,1144,0,,,,,0.0,"{""type"":""Polygon"",""coordinates"":[[[92.95000155859528,31.81999795625465],[93.01250143368392,31.819997954818348],[93.07500131282357,31.819998000289587],[93.13750123617739,31.819997997712154],[93.20000109400037,31.819997942477492],[93.26250093261072,31.819997999662107],[93.32500087852127,31.81999798479807],[93.38750075422621,31.81999798149495],[93.45000061548112,31.81999798045814],[93.45000061548112,32.32000140344001],[93.38750075422621,32.3200014383742],[93.32500087852127,32.320001419307545],[93.26250093261072,32.320001441995956],[93.20000109400037,32.32000142324658],[93.13750123617739,32.320001460403866],[93.07500131282357,32.32000138924192],[93.01250143368392,32.320001387222945],[92.95000155859528,32.320001462555666],[92.95000155859528,31.81999795625465]]]}"
00000000000000000329,1145,0,,,,,0.0,"{""type"":""Polygon"",""coordinates"":[[[93.45000061548112,31.81999798045814],[93.51250044422612,31.819997974166252],[93.57500037977225,31.81999795058116],[93.63750025580825,31.819997992726414],[93.70000006298494,31.819998005692874],[93.76249994986544,31.819997976576],[93.82499983581359,31.819997985663075],[93.88749972037452,31.819997937271527],[93.94999960593937,31.819997995772002],[93.94999960593937,32.32000144326062],[93.88749972037452,32.320001440495034],[93.82499983581359,32.32000140074154],[93.76249994986544,32.32000141958212],[93.70000006298494,32.320001419627665],[93.63750025580825,32.32000140740138],[93.57500037977225,32.32000139590744],[93.51250044422612,32.320001393328056],[93.45000061548112,32.32000140344001],[93.45000061548112,31.81999798045814]]]}"
0000000000000000032a,1146,0,,,,,0.0,"{""type"":""Polygon"",""coordinates"":[[[93.94999960593937,31.819997995772002],[94.01249949773391,31.819997978248725],[94.07499932581992,31.81999796430637],[94.13749925693915,31.819997939107516],[94.19999907051182,31.819997986820848],[94.26249893896392,31.819998005290984],[94.32499888152411,31.819997983814506],[94.38749868483447,31.819998006221677],[94.44999860844463,31.81999796666769],[94.44999860844463,32.32000140923125],[94.38749868483447,32.320001446045886],[94.32499888152411,32.32000144956577],[94.26249893896392,32.32000143905199],[94.19999907051182,32.320001417411355],[94.13749925693915,32.32000139542649],[94.07499932581992,32.32000138862409],[94.01249949773391,32.32000139958473],[93.94999960593937,32.32000144326062],[93.94999960593937,31.819997995772002]]]}"
0000000000000000032b,1149,0,,,,,0.0,"{""type"":""Polygon"",""coordinates"":[[[95.45000109351848,31.81999793848195],[95.51250092820683,31.819997973612036],[95.57500080644753,31.81999799840858],[95.63750071985578,31.81999800003967],[95.70000058193946,31.819997969033576],[95.76250046883146,31.819997975187544],[95.82500029823704,31.819998008621138],[95.88750015080656,31.81999796535232],[95.95000002904636,31.819998004505916],[95.95000002904636,32.320001413632696],[95.88750015080656,32.32000141993362],[95.82500029823704,32.32000144713382],[95.76250046883146,32.320001423187726],[95.70000058193946,32.32000145181113],[95.63750071985578,32.320001456735866],[95.57500080644753,32.320001454890786],[95.51250092820683,32.32000145581175],[95.45000109351848,32.320001386189624],[95.45000109351848,31.81999793848195]]]}"
0000000000000000035d,1246,0,,,,,0.0,"{""type"":""Polygon"",""coordinates"":[[[101.44999799327965,32.320001427650446],[101.51249841049612,32.32000141532187],[101.57499884204753,32.320001398619475],[101.63749925963809,32.320001436690355],[101.6999997227788,32.320001409739575],[101.7625001182872,32.32000146980774],[101.8250005946132,32.320001403113565],[101.88750104047836,32.3200014464522],[101.95000143238939,32.32000140196512],[101.95000143238939,32.82000045309635],[101.88750104047836,32.820000385605994],[101.8250005946132,32.82000040114543],[101.7625001182872,32.820000442412216],[101.6999997227788,32.820000443658024],[101.63749925963809,32.82000044840841],[101.57499884204753,32.82000039040688],[101.51249841049612,32.82000038927484],[101.44999799327965,32.82000038643875],[101.44999799327965,32.320001427650446]]]}"
0000000000000000035e,1247,0,,,,,0.0,"{""type"":""Polygon"",""coordinates"":[[[101.95000143238939,32.32000140196512],[102.01250131215058,32.3200014544616],[102.07500118037697,32.32000144113186],[102.13750110367965,32.32000141058688],[102.20000097521849,32.3200014280291],[102.26250086349057,32.32000145627987],[102.32500066333235,32.32000138984686],[102.38750053252556,32.3200014378141],[102.45000045517783,32.32000140030604],[102.45000045517783,32.82000040213451],[102.38750053252556,32.82000041859026],[102.32500066333235,32.820000432617775],[102.26250086349057,32.82000038922588],[102.20000097521849,32.820000419891656],[102.13750110367965,32.82000046032012],[102.07500118037699,32.820000463139834],[102.01250131215058,32.82000044844164],[101.95000143238939,32.82000045309635],[101.95000143238939,32.32000140196512]]]}"
00000000000000000383,1332,0,,,,,0.0,"{""type"":""Polygon"",""coordinates"":[[[102.45000045517783,32.82000040213451],[102.51250032874732,32.82000044681558],[102.57500022649201,32.82000042894517],[102.63750004749501,32.82000041171994],[102.69999995447873,32.82000043126587],[102.76249984827193,32.82000046551732],[102.82499971810891,32.820000398646485],[102.88749955406026,32.82000045314696],[102.94999943487058,32.82000041886444],[102.94999943487058,33.319999389072485],[102.88749955406026,33.31999940323204],[102.82499971810891,33.319999407644985],[102.76249984827193,33.319999443465505],[102.69999995447873,33.31999945809987],[102.63750004749501,33.319999398668195],[102.57500022649201,33.31999945585288],[102.51250032874732,33.3199994257453],[102.45000045517783,33.319999414240016],[102.45000045517783,32.82000040213451]]]}"
